2000	660649761718.052
2010	721677376701.113
2020	791398970561.929
2030	870825931285.833
2040	959458649753.254
2050	1055307067743.97
2060	1155590294299.99
2070	1257941123414.07
2080	1361681378861.84
2090	1468669901094.67
2100	1583348817631.7
2110	1711881843381.72
2120	1860426001694.77
2130	2033130681982.6
2140	2230630331133.5
2150	2449319911306.86
2160	2681837762686.71
2170	2919232731767.57
2180	3153996766485.04
2190	3383033841109.16
2200	3609980012107.04
2210	3845895713190.84
2220	4107046911435.95
2230	4411588596242.75
2240	4775180054823.78
2250	5205736506236.98
2260	5701420764491.81
2270	6249134702127.07
2280	6826250469662.03
2290	7406053023169.5
2300	7963391079409.99
2310	8483275165770.05
2320	8967269163687.3
2330	9435077563275.07
2340	9925488234433.11
2350	10487531773801.6
2360	11173109674285.7
2370	12023918661744.2
2380	13062052858941.4
2390	14285256437065
2400	15660682553183.8
2410	17132625991856.5
2420	18626056375676.4
2430	20064130598644.1
2440	21378234583720.4
2450	22530569972497.4
2460	23524495869212.3
2470	24411120731898.6
2480	25292678567988.9
2490	26301651057055.1
2500	27587136033801.5
2510	29283187287430.6
2520	31487808764014.6
2530	34239565224994
2540	37509843745355.5
2550	41201267221121
2560	45153139674950.3
2570	49170212372378.6
2580	53031398117360.5
2590	56536814795303.3
2600	59523898748153.9
2610	61913280340725.5
2620	63729095688727.9
2630	65118696088464
2640	66346934688509.4
2650	67783784863227.7
2660	69824359107850.2
2670	72895509669051.1
2680	77306858207424.7
2690	83281067045741.3
2700	90876235808658.6
2710	99949006283151.8
2720	110228306013869
2730	121267169204502
2740	132540315710312
2750	143483314154162
2760	153525048729339
2770	162183178567314
2780	169069750362634
2790	174000225127657
2800	176973517361715
2810	178336793018954
2820	178609385246174
2830	178720940979694
2840	179710696092229
2850	182668376457924
2860	188786878743565
2870	198956331229756
2880	213656890422179
2890	233297486153561
2900	257549940299234
2910	285712525015347
2920	316834265524926
2930	349562308709660
2940	382367789883288
2950	413835114919524
2960	442446757635513
2970	467008175980858
2980	486512521021364
2990	500282041448117
3000	508033210642703
3010	509850010257941
3020	506539105237690
3030	499178274370844
3040	489733484196374
3050	480947766331613
3060	475427618688141
3070	476193300963006
3080	486571825589905
3090	509207077861530
3100	545061585701106
3110	595487835770759
3120	660681930354167
3130	739000261850741
3140	827712741299541
3150	923981435488128
3160	1.02414424726123E+15
3170	1.12367470104008E+15
3180	1.21888432945031E+15
3190	1.30604555454533E+15
3200	1.38170310361911E+15
3210	1.44343006300207E+15
3220	1.48934531209261E+15
3230	1.51830967531578E+15
3240	1.53005813686435E+15
3250	1.52495456444056E+15
3260	1.50421952018711E+15
3270	1.46982863266219E+15
3280	1.42409515485865E+15
3290	1.37167582901831E+15
3300	1.31897228535325E+15
3310	1.27149667435215E+15
3320	1.23632722300268E+15
3330	1.22252854986295E+15
3340	1.23930892819373E+15
3350	1.29285103137716E+15
3360	1.38496087307177E+15
3370	1.51945915363224E+15
3380	1.6998056759901E+15
3390	1.9237767444094E+15
3400	2.18506100101024E+15
3410	2.47356523319E+15
3420	2.7813566480317E+15
3430	3.09881593298796E+15
3440	3.41333005719881E+15
3450	3.71404432587424E+15
3460	3.99175042672003E+15
3470	4.2373647275957E+15
3480	4.44342028512215E+15
3490	4.60502140677081E+15
3500	4.71894287879954E+15
3510	4.78369300663044E+15
3520	4.79971863362821E+15
3530	4.76903293700774E+15
3540	4.69491075301363E+15
3550	4.58152080079943E+15
3560	4.43368812318333E+15
3570	4.25673804929943E+15
3580	4.05722717931058E+15
3590	3.84512372594857E+15
3600	3.62977333039656E+15
3610	3.4190280790044E+15
3620	3.22997830422986E+15
3630	3.08921504080578E+15
3640	3.0195606847533E+15
3650	3.04232173999318E+15
3660	3.16543935032686E+15
3670	3.39447429877843E+15
3680	3.74342334149708E+15
3690	4.23092135268679E+15
3700	4.8612961020786E+15
3710	5.62685906055447E+15
3720	6.5038809118767E+15
3730	7.45660915747975E+15
3740	8.46339163469365E+15
3750	9.50007211120093E+15
3760	1.05354536794462E+16
3770	1.15363555210198E+16
3780	1.24762317510894E+16
3790	1.3330645508512E+16
3800	1.4077357945482E+16
3810	1.46985614060314E+16
3820	1.5183301284719E+16
3830	1.55257194960058E+16
3840	1.57246205062622E+16
3850	1.57824812327029E+16
3860	1.57038918862438E+16
3870	1.54965259355612E+16
3880	1.51708774149675E+16
3890	1.4740359256526E+16
3900	1.4222917204708E+16
3910	1.3637450520559E+16
3920	1.30020930708212E+16
3930	1.23327316237624E+16
3940	1.16346771352516E+16
3950	1.09090194224564E+16
3960	1.01590003302349E+16
3970	9.39045859619036E+15
3980	8.64118424906105E+15
3990	7.98135573203441E+15
4000	7.46168899644196E+15
4010	7.1187958824419E+15
4020	6.9822936666985E+15
4030	7.06360318683829E+15
4040	7.3824463504771E+15
4050	7.98165644329001E+15
4060	8.93464845873601E+15
4070	1.03160997718441E+16
4080	1.21569448080021E+16
4090	1.4465048530619E+16
4100	1.71982445653076E+16
4110	2.02378435793348E+16
4120	2.34858065555578E+16
4130	2.68858561866684E+16
4140	3.03716395414578E+16
4150	3.38675271950439E+16
4160	3.7292119811875E+16
4170	4.05667076366797E+16
4180	4.36172559194333E+16
4190	4.6376132881442E+16
4200	4.87848606122024E+16
4210	5.07974537606826E+16
4220	5.23855984108581E+16
4230	5.35358572588099E+16
4240	5.42479411783751E+16
4250	5.45334901736182E+16
4260	5.44125002246791E+16
4270	5.39059966669755E+16
4280	5.30405720352113E+16
4290	5.18488692929992E+16
4300	5.03680570673887E+16
4310	4.86393230968332E+16
4320	4.67106618519132E+16
4330	4.46305316835131E+16
4340	4.24443544623789E+16
4350	4.01936295896254E+16
4360	3.79139502323916E+16
4370	3.56194458177935E+16
4380	3.33138553240122E+16
4390	3.10044944478319E+16
4400	2.87019692796363E+16
4410	2.64198177218407E+16
4420	2.41970800235068E+16
4430	2.2103775103527E+16
4440	2.01891820280952E+16
4450	1.84818357215965E+16
4460	1.69959431345385E+16
4470	1.57448956283767E+16
4480	1.47965721007002E+16
4490	1.4233023457797E+16
4500	1.41361575460187E+16
4510	1.4618589273624E+16
4520	1.58670434089635E+16
4530	1.81284764219415E+16
4540	2.15624739680477E+16
4550	2.63454299162423E+16
4560	3.26360410623042E+16
4570	4.04690014533368E+16
4580	4.96141135711804E+16
4590	5.96987443623486E+16
4600	7.0544606889694E+16
4610	8.19775626824693E+16
4620	9.38098518338035E+16
4630	1.05850988919632E+17
4640	1.17916896455502E+17
4650	1.29807073567871E+17
4660	1.41287350137232E+17
4670	1.52131016100913E+17
4680	1.62130938117527E+17
4690	1.71107302468348E+17
4700	1.78913549795748E+17
4710	1.85440775039839E+17
4720	1.90619509693497E+17
4730	1.94418111583066E+17
4740	1.96840556988273E+17
4750	1.97923050100236E+17
4760	1.97729679699907E+17
4770	1.96344878012176E+17
4780	1.93861006482515E+17
4790	1.90382109925842E+17
4800	1.86022203468036E+17
4810	1.8090114260025E+17
4820	1.75140849938517E+17
4830	1.68860150948335E+17
4840	1.62144486862235E+17
4850	1.55055737026555E+17
4860	1.47658480341081E+17
4870	1.40019670313549E+17
4880	1.32207453470753E+17
4890	1.24289981643041E+17
4900	1.16351382275586E+17
4910	1.08539612213921E+17
4920	1.00991260365381E+17
4930	9.38093366732746E+16
4940	8.7067014253634E+16
4950	8.08120158147403E+16
4960	7.50709740598081E+16
4970	6.97887628437126E+16
4980	6.47708288953335E+16
4990	5.98545960488264E+16
5000	5.49303029067958E+16
5010	4.99371269330639E+16
5020	4.48601499389047E+16
5030	3.97270495283159E+16
5040	3.47338382543031E+16
5050	3.02915461451297E+16
5060	2.6648495128522E+16
5070	2.39093068576367E+16
5080	2.21139194269889E+16
5090	2.13088814968015E+16
5100	2.16179453050055E+16
5110	2.32561903292124E+16
5120	2.63672954257509E+16
5130	3.12111660274981E+16
5140	3.82060699768806E+16
5150	4.78927710821867E+16
5160	6.08556490841158E+16
5170	7.75641832915376E+16
5180	9.81475115779811E+16
5190	1.22662246983387E+17
5200	1.51254688991514E+17
5210	1.83917723266648E+17
5220	2.20439387389638E+17
5230	2.60355280870046E+17
5240	3.0290566468773E+17
5250	3.47009435366894E+17
5260	3.91380086762584E+17
5270	4.34999008569107E+17
5280	4.77021731312652E+17
5290	5.16739882048924E+17
5300	5.53610680581294E+17
5310	5.8727138490759E+17
5320	6.17540555093444E+17
5330	6.4440863162824E+17
5340	6.67890140036728E+17
5350	6.87791285283148E+17
5360	7.03947129086382E+17
5370	7.16265515530478E+17
5380	7.24723644676053E+17
5390	7.29362967096525E+17
5400	7.30282839377671E+17
5410	7.27633358115655E+17
5420	7.21611503383743E+17
5430	7.12461278618777E+17
5440	7.0045682809387E+17
5450	6.85892186893878E+17
5460	6.69073584866578E+17
5470	6.50312387993393E+17
5480	6.29918777434918E+17
5490	6.08196229159612E+17
5500	5.85431254650886E+17
5510	5.61853201446048E+17
5520	5.37662587795939E+17
5530	5.13052455834475E+17
5540	4.88206634034762E+17
5550	4.63298132090271E+17
5560	4.3848782214948E+17
5570	4.13923407379158E+17
5580	3.89738724810918E+17
5590	3.66064489474973E+17
5600	3.43037173764624E+17
5610	3.20771196207569E+17
5620	2.99356638709137E+17
5630	2.78861391577964E+17
5640	2.59333431048446E+17
5650	2.40803135271693E+17
5660	2.23285565399293E+17
5670	2.06782084964744E+17
5680	1.91252571167193E+17
5690	1.7661516749821E+17
5700	1.62800369708632E+17
5710	1.4975278689557E+17
5720	1.3742872942733E+17
5730	1.25794169354206E+17
5740	1.14822933484144E+17
5750	1.04495035043229E+17
5760	9.47952495364941E+16
5770	8.57425414466329E+16
5780	7.74046062927447E+16
5790	6.981587912867E+16
5800	6.29768037962264E+16
5810	5.68643933730235E+16
5820	5.14411124211263E+16
5830	4.66618843789984E+16
5840	4.24794274825026E+16
5850	3.88483282754701E+16
5860	3.57386401525965E+16
5870	3.32041287406257E+16
5880	3.13170061869275E+16
5890	3.01371774971626E+16
5900	2.97356429221926E+16
5910	3.02209383177955E+16
5920	3.17725149230988E+16
5930	3.46891693426643E+16
5940	3.94671578278834E+16
5950	4.69351634934747E+16
5960	5.83773152081638E+16
5970	7.53587207302901E+16
5980	1.00013998497807E+17
5990	1.35216687371877E+17
6000	1.84556695999406E+17
6010	2.52065952258259E+17
6020	3.41516266335205E+17
6030	4.55160145419454E+17
6040	5.91992859162241E+17
6050	7.45996152477652E+17
6060	9.0634119023346E+17
6070	1.06416051241922E+18
6080	1.21291957460291E+18
6090	1.34786506405241E+18
6100	1.46629069913459E+18
6110	1.56743190224609E+18
6120	1.65214129313487E+18
6130	1.72248761326044E+18
6140	1.78137516968309E+18
6150	1.83223280173091E+18
6160	1.8786999371228E+18
6170	1.92243840942825E+18
6180	1.96295995152978E+18
6190	1.99970093012071E+18
6200	2.03213146234131E+18
6210	2.05976204440724E+18
6220	2.08214831974209E+18
6230	2.09889388775172E+18
6240	2.10965123395687E+18
6250	2.11412103186536E+18
6260	2.11205021322654E+18
6270	2.10326969156361E+18
6280	2.08807662903282E+18
6290	2.06703388259792E+18
6300	2.04069682284453E+18
6310	2.00960625567907E+18
6320	1.97428656811463E+18
6330	1.93524480057925E+18
6340	1.89297024968234E+18
6350	1.8479343012477E+18
6360	1.80059027892153E+18
6370	1.75137316841238E+18
6380	1.70069518221644E+18
6390	1.64886208628359E+18
6400	1.59608343073047E+18
6410	1.5425610239439E+18
6420	1.48849256344398E+18
6430	1.43407129017534E+18
6440	1.37948551469537E+18
6450	1.32491802670002E+18
6460	1.27054540592017E+18
6470	1.21653725803903E+18
6480	1.16305540361227E+18
6490	1.11025305078546E+18
6500	1.0582593377396E+18
6510	1.00712313522265E+18
6520	9.56875878075385E+17
6530	9.07557189023582E+17
6540	8.59213658463954E+17
6550	8.11897558378621E+17
6560	7.65665511161397E+17
6570	7.20577124998134E+17
6580	6.76693611025423E+17
6590	6.34076400609158E+17
6600	5.92785783581606E+17
6610	5.52879590017491E+17
6620	5.14439240643748E+17
6630	4.77673843440433E+17
6640	4.42783883962117E+17
6650	4.09907854677815E+17
6660	3.79129134903702E+17
6670	3.50483487687323E+17
6680	3.23966722716404E+17
6690	2.99542190462022E+17
6700	2.77147848124753E+17
6710	2.56702714330555E+17
6720	2.38112600634895E+17
6730	2.21275069551722E+17
6740	2.06079460344125E+17
6750	1.92281099192393E+17
6760	1.79519476307969E+17
6770	1.674995689217E+17
6780	1.55991776696737E+17
6790	1.4482371088877E+17
6800	1.33874396265492E+17
6810	1.23069829676625E+17
6820	1.1237901446536E+17
6830	1.01809752466932E+17
6840	9.1403651972643E+16
6850	8.12300163614017E+16
6860	7.13785163860993E+16
6870	6.19566256438665E+16
6880	5.32061716791968E+16
6890	4.54012544685081E+16
6900	3.86647303726648E+16
6910	3.30050477187098E+16
6920	2.83600007602687E+16
6930	2.46319998837089E+16
6940	2.17136782402559E+16
6950	1.95050782610681E+16
6960	1.79247533571195E+16
6970	1.69174300074798E+16
6980	1.64609232838642E+16
6990	1.65752313644094E+16
7000	1.73376144999523E+16
7010	1.88850927118027E+16
7020	2.13656610833252E+16
7030	2.50111380861867E+16
7040	3.01821476528686E+16
7050	3.74076000773106E+16
7060	4.74407599682479E+16
7070	6.13319028666174E+16
7080	8.05133659904815E+16
7090	1.06883395118673E+17
7100	1.42858236776732E+17
7110	1.91336607221096E+17
7120	2.55491928810879E+17
7130	3.38292853127136E+17
7140	4.41685797027755E+17
7150	5.65850862950653E+17
7160	7.09779345072726E+17
7170	8.70686679006262E+17
7180	1.04370883815255E+18
7190	1.22220738966311E+18
7200	1.39851377865627E+18
7210	1.56501418655552E+18
7220	1.7153275022377E+18
7230	1.84524483069499E+18
7240	1.95314765847955E+18
7250	2.03980702085972E+18
7260	2.10770172179708E+18
7270	2.16015113711556E+18
7280	2.20055914262488E+18
7290	2.23193027546865E+18
7300	2.25644458842109E+18
7310	2.27543123129502E+18
7320	2.2897919874292E+18
7330	2.30016687552892E+18
7340	2.3070367069759E+18
7350	2.31078554501026E+18
7360	2.3117355696586E+18
7370	2.3101654156311E+18
7380	2.30631963072821E+18
7390	2.30041383866936E+18
7400	2.29263807617488E+18
7410	2.28315950443574E+18
7420	2.27212500279506E+18
7430	2.2596638057651E+18
7440	2.24589006789035E+18
7450	2.23089199220811E+18
7460	2.21472219142998E+18
7470	2.19742326206132E+18
7480	2.17903248457294E+18
7490	2.15958353011591E+18
7500	2.13910813339445E+18
7510	2.11763769522434E+18
7520	2.09520477891994E+18
7530	2.07184446485101E+18
7540	2.04759552809143E+18
7550	2.02250140567819E+18
7560	1.99661092303257E+18
7570	1.96997875373998E+18
7580	1.94266559306685E+18
7590	1.91473803299617E+18
7600	1.88626778678364E+18
7610	1.8573200650013E+18
7620	1.82795102699106E+18
7630	1.79822011017169E+18
7640	1.76818996872336E+18
7650	1.73792541600069E+18
7660	1.7074921977898E+18
7670	1.67695562115929E+18
7680	1.64637907219972E+18
7690	1.61582246486502E+18
7700	1.58534067207134E+18
7710	1.55498199862824E+18
7720	1.52478676270596E+18
7730	1.49478605742132E+18
7740	1.46500076567898E+18
7750	1.43544089857783E+18
7760	1.40610531962828E+18
7770	1.37698310354631E+18
7780	1.34805844769872E+18
7790	1.31930623178718E+18
7800	1.29069135401553E+18
7810	1.26217070617539E+18
7820	1.23369552206239E+18
7830	1.20521399376613E+18
7840	1.17667403304646E+18
7850	1.14802604465497E+18
7860	1.11922557703742E+18
7870	1.0902357235652E+18
7880	1.06102916361998E+18
7890	1.03158975602694E+18
7900	1.0019136254272E+18
7910	9.72009712773925E+17
7920	9.41899791733173E+17
7930	9.11617981069776E+17
7940	8.81207404762201E+17
7950	8.50694014177064E+17
7960	8.20095664059184E+17
7970	7.89438464821377E+17
7980	7.58756243784511E+17
7990	7.28089737350877E+17
8000	6.9748578496866E+17
8010	6.66996516810415E+17
8020	6.36678528939192E+17
8030	6.0659204210135E+17
8040	5.76800042970867E+17
8050	5.47367409498112E+17
8060	5.18360024822712E+17
8070	4.89843886847016E+17
8080	4.6188422290038E+17
8090	4.34544620840065E+17
8100	4.07886189339611E+17
8110	3.81966760941079E+17
8120	3.56844623431391E+17
8130	3.3262620761229E+17
8140	3.09434024494626E+17
8150	2.87363684581488E+17
8160	2.66483972350353E+17
8170	2.46838543335015E+17
8180	2.2844823485464E+17
8190	2.11313792418808E+17
8200	1.9541882260097E+17
8210	1.80732805102071E+17
8220	1.6721402656234E+17
8230	1.54812331727842E+17
8240	1.43471620124371E+17
8250	1.33132045845009E+17
8260	1.23731902898854E+17
8270	1.1520919817226E+17
8280	1.07502928464459E+17
8290	1.00554087763073E+17
8300	9.4306436653341E+16
8310	8.86995046722641E+16
8320	8.36207875661003E+16
8330	7.89496349468678E+16
8340	7.45860828793325E+16
8350	7.04477949741915E+16
8360	6.64677207070152E+16
8370	6.2592440869449E+16
8380	5.87810036356093E+16
8390	5.50040816664003E+16
8400	5.12433011071855E+16
8410	4.7490610901214E+16
8420	4.37475787660539E+16
8430	4.0024521105889E+16
8440	3.63393998911396E+16
8450	3.27164508735371E+16
8460	2.91845438158701E+16
8470	2.57753145943918E+16
8480	2.25211475254145E+16
8490	1.94531194351211E+16
8500	1.65990397957267E+16
8510	1.39905759228695E+16
8520	1.16759659221945E+16
8530	9.67736376265356E+15
8540	7.9894741993295E+15
8550	6.58948071759104E+15
8560	5.44520635591079E+15
8570	4.52114149108413E+15
8580	3.78246080786172E+15
8590	3.19739796190892E+15
8600	2.73841780945051E+15
8610	2.38259474392152E+15
8620	2.1115292621583E+15
8630	1.9110511563836E+15
8640	1.77088751383849E+15
8650	1.68442670639846E+15
8660	1.64869037592555E+15
8670	1.6646390435658E+15
8680	1.73799438373876E+15
8690	1.88088735784012E+15
8700	2.11488972821312E+15
8710	2.47641841644117E+15
8720	3.02069003738559E+15
8730	3.82578191882908E+15
8740	5.0130107507914E+15
8750	6.77138705455032E+15
8760	9.39474807976409E+15
8770	1.33389605623667E+16
8780	1.93078090527281E+16
8790	2.83767838337014E+16
8800	4.21593260942118E+16
8810	6.30016608846575E+16
8820	9.41445331621653E+16
8830	1.39693161210551E+17
8840	2.04092266263967E+17
8850	2.90715384816696E+17
8860	3.99484128999263E+17
8870	5.24618193639614E+17
8880	6.55277280607344E+17
8890	7.80934280742121E+17
8900	8.96833564022778E+17
8910	1.00099025518099E+18
8920	1.08657049837436E+18
8930	1.1445593611341E+18
8940	1.17431231492645E+18
8950	1.18425901332398E+18
8960	1.18420254601653E+18
8970	1.18038322545378E+18
8980	1.17547521482868E+18
8990	1.17032531864659E+18
9000	1.16514685259983E+18
9010	1.15998570261633E+18
9020	1.15485084086462E+18
9030	1.14974387891273E+18
9040	1.14466500060507E+18
9050	1.1396141037812E+18
9060	1.13459102485698E+18
9070	1.12959558616317E+18
9080	1.12462760687788E+18
9090	1.11968690565838E+18
9100	1.11477330100256E+18
9110	1.10988661071868E+18
9120	1.1050266509144E+18
9130	1.10019323501754E+18
9140	1.09538617402994E+18
9150	1.09060528008728E+18
9160	1.08585037461342E+18
9170	1.08112128758339E+18
9180	1.07641785271413E+18
9190	1.07173990971276E+18
9200	1.06708730296913E+18
9210	1.06245987964555E+18
9220	1.05785748768101E+18
9230	1.05327997403417E+18
9240	1.04872718334927E+18
9250	1.04419895708364E+18
9260	1.03969513301796E+18
9270	1.03521554499353E+18
9280	1.03076002267989E+18
9290	1.0263283911587E+18
9300	1.02192047009658E+18
9310	1.01753607225256E+18
9320	1.01317500100416E+18
9330	1.00883704645846E+18
9340	1.00452197950897E+18
9350	1.00022954286212E+18
9360	9.95959437515938E+17
9370	9.91711302314959E+17
9380	9.87484682847109E+17
9390	9.83278983803403E+17
9400	9.79093398697998E+17
9410	9.74926874782366E+17
9420	9.70778039808144E+17
9430	9.66645031979533E+17
9440	9.6252532055078E+17
9450	9.58415476615375E+17
9460	9.54310885178035E+17
9470	9.50205394426105E+17
9480	9.46090903612649E+17
9490	9.41956899182115E+17
9500	9.37789959623769E+17
9510	9.33573262330051E+17
9520	9.29286139034913E+17
9530	9.24903738071456E+17
9540	9.20396859105279E+17
9550	9.15732026528713E+17
9560	9.1087185927276E+17
9570	9.05775776529075E+17
9580	9.00401051550151E+17
9590	8.94704191892606E+17
9600	8.88642588311994E+17
9610	8.8217634102868E+17
9620	8.75270146268311E+17
9630	8.67895111871339E+17
9640	8.60030370654859E+17
9650	8.51664370278103E+17
9660	8.42793494130664E+17
9670	8.33417447782452E+17
9680	8.23542581450839E+17
9690	8.13182583492545E+17
9700	8.02358179071815E+17
9710	7.9109665146744E+17
9720	7.79431213969744E+17
9730	7.6740026355352E+17
9740	7.55046548891154E+17
9750	7.42416285003089E+17
9760	7.29558245201725E+17
9770	7.16522858270896E+17
9780	7.0336133534227E+17
9790	6.90124846972208E+17
9800	6.76863766748138E+17
9810	6.63626993583254E+17
9820	6.50461360868836E+17
9830	6.37411136975416E+17
9840	6.24517618312649E+17
9850	6.11818813314281E+17
9860	5.99349213309382E+17
9870	5.87139644235501E+17
9880	5.75217191472003E+17
9890	5.6360518862536E+17
9900	5.52323259774671E+17
9910	5.41387403388692E+17
9920	5.30810129950343E+17
9930	5.2060192502487E+17
9940	5.10771689159395E+17
9950	5.01324604464778E+17
9960	4.92262057299033E+17
9970	4.83581730509015E+17
9980	4.75277658091958E+17
9990	4.67340235175418E+17
10000	4.59756184843684E+17
10010	4.52508493206211E+17
10020	4.45576334087313E+17
10030	4.38935013414872E+17
10040	4.32555969337025E+17
10050	4.26406866050357E+17
10060	4.20451816505111E+17
10070	4.14651761450097E+17
10080	4.08965020311772E+17
10090	4.03348014449565E+17
10100	3.97756147140436E+17
10110	3.92144809156919E+17
10120	3.86470465840062E+17
10130	3.8069177257967E+17
10140	3.74770661484931E+17
10150	3.68673343002136E+17
10160	3.62371171941096E+17
10170	3.5584133693414E+17
10180	3.49067344566211E+17
10190	3.42039282934666E+17
10200	3.34753862912603E+17
10210	3.27213399998228E+17
10220	3.19422696493015E+17
10230	3.11390602142217E+17
10240	3.0313027481608E+17
10250	2.94658664285378E+17
10260	2.85995976535724E+17
10270	2.77165132724553E+17
10280	2.68191234818475E+17
10290	2.59101047864899E+17
10300	2.49922506849383E+17
10310	2.40684254236056E+17
10320	2.31415212622763E+17
10330	2.22144195484583E+17
10340	2.1289955773258E+17
10350	2.03708886771378E+17
10360	1.94598733884749E+17
10370	1.85594385093734E+17
10380	1.76719670096245E+17
10390	1.67996807489533E+17
10400	1.59446284177571E+17
10410	1.51086766655893E+17
10420	1.42935041730818E+17
10430	1.35005984154121E+17
10440	1.27312548626627E+17
10450	1.19865783634864E+17
10460	1.12674864626331E+17
10470	1.05747144094241E+17
10480	9.90882162273146E+16
10490	9.27019938797651E+16
10500	8.65907957288402E+16
10510	8.07571524255541E+16
10520	7.52080718132441E+16
10530	6.99487392980529E+16
10540	6.4980982474336E+16
10550	6.03036213108524E+16
10560	5.59128401525941E+16
10570	5.18025671522951E+16
10580	4.79648488693358E+16
10590	4.43902100875535E+16
10600	4.10679912312379E+16
10610	3.79866579654581E+16
10620	3.51340795586862E+16
10630	3.24977743054725E+16
10640	3.00651217291128E+16
10650	2.78235424078199E+16
10660	2.57606471096612E+16
10670	2.38643575100874E+16
10680	2.21230011362817E+16
10690	2.05253833722993E+16
10700	1.90608394049735E+16
10710	1.77192689270279E+16
10720	1.64911562711332E+16
10730	1.53675784526354E+16
10740	1.43402033706415E+16
10750	1.34012801739599E+16
10760	1.25436235529656E+16
10770	1.17605934802481E+16
10780	1.10460716984575E+16
10790	1.03944360472733E+16
10800	9.80053353524415E+15
10810	9.25965289728861E+15
10820	8.76749285143302E+15
10830	8.31912414507314E+15
10840	7.90796832361501E+15
10850	7.52809046356674E+15
10860	7.17440477725445E+15
10870	6.8425466958131E+15
10880	6.52877112319174E+15
10890	6.22987161484693E+15
10900	5.94311623421506E+15
10910	5.66619660534897E+15
10920	5.39718726810777E+15
10930	5.13451289790691E+15
10940	4.87692131107217E+15
10950	4.62346046805877E+15
10960	4.37345793337101E+15
10970	4.12650147147726E+15
10980	3.8824196668374E+15
10990	3.64126166405076E+15
11000	3.40327533816117E+15
11010	3.16888342877578E+15
11020	2.93865740473623E+15
11030	2.71328906502853E+15
11040	2.49356011963529E+15
11050	2.28031022162555E+15
11060	2.07440412747129E+15
11070	1.87669883392417E+15
11080	1.6880116645287E+15
11090	1.50909034625898E+15
11100	1.34058611894955E+15
11110	1.18303085327033E+15
11120	1.036819018012E+15
11130	902195140793732
11140	779247159686296
11150	667905782960900
11160	567957070488492
11170	479309803715685
11180	401871658072886
11190	335133263138415
11200	278285592214472
11210	230348787757119
11220	190272999212268
11230	157012204907728
11240	129574236804015
11250	107051287837397
11260	88635388355324.1
11270	73623003923000.8
11280	61412287012362.2
11290	51495795182193.3
11300	43450787941619.5
11310	36928599889966.7
11320	31644086724466.6
11330	27365756152709.8
11340	23906916413264
11350	21117983452666.2
11360	18879965006921.6
11370	17099068631214.2
11380	15702346837441.1
11390	14634285082747.2
11400	13854249975832.2
11410	13334741561815.3
11420	13060433941295.6
11430	13028045271715.8
11440	13247158204619.6
11450	13742228005379.6
11460	14556190610581.2
11470	15756355388681.3
11480	17443703692099.4
11490	19767429440622
11500	22947754430167.2
11510	27312091155383.1
11520	33352412953727.2
11530	41782309682631.1
11540	53625182127856.3
11550	70411706566289.6
11560	94452815786617.7
11570	129264187158937
11580	180234752676147
11590	255683609404740
11600	368535955298461
11610	538985201446075
11620	798721925238703
11630	1.1976375515653E+15
11640	1.81439517009594E+15
11650	2.77293409285197E+15
11660	4.2678004821056E+15
11670	6.60190251583512E+15
11680	1.02399736152068E+16
11690	1.58772942914108E+16
11700	2.45106195139267E+16
11710	3.7466598123411E+16
11720	5.62800521103614E+16
11730	8.22295792411883E+16
11740	1.15339786415014E+17
11750	1.53076490851357E+17
11760	1.90138212399704E+17
11770	2.21579161629202E+17
11780	2.48103296470217E+17
11790	2.75861975426087E+17
11800	3.08544673345767E+17
11810	3.42585392809036E+17
11820	3.69828559348113E+17
11830	3.84346907548827E+17
11840	3.88163229129882E+17
11850	3.87640283858965E+17
11860	3.86378258378647E+17
11870	3.8507849272696E+17
11880	3.83783569763986E+17
11890	3.82494083898851E+17
11900	3.81210009214663E+17
11910	3.79931318485723E+17
11920	3.7865798464568E+17
11930	3.77389980786795E+17
11940	3.76127280158881E+17
11950	3.74869856168252E+17
11960	3.73617682376673E+17
11970	3.72370732500327E+17
11980	3.7112898040878E+17
11990	3.69892400123967E+17
12000	3.68660965819167E+17
12010	3.67434651818004E+17
12020	3.66213432593445E+17
12030	3.64997282766807E+17
12040	3.63786177106776E+17
12050	3.62580090528425E+17
12060	3.61378998092247E+17
12070	3.60182875003195E+17
12080	3.58991696609719E+17
12090	3.57805438402825E+17
12100	3.56624076015131E+17
12110	3.55447585219931E+17
12120	3.54275941930271E+17
12130	3.53109122198023E+17
12140	3.5194710221298E+17
12150	3.50789858301938E+17
12160	3.49637366927807E+17
12170	3.48489604688708E+17
12180	3.47346548317092E+17
12190	3.46208174678857E+17
12200	3.45074460772473E+17
12210	3.43945383728119E+17
12220	3.42820920806817E+17
12230	3.41701049399577E+17
12240	3.40585747026555E+17
12250	3.394749913362E+17
12260	3.3836876010443E+17
12270	3.37267031233791E+17
12280	3.36169782752641E+17
12290	3.35076992814326E+17
12300	3.33988639696375E+17
12310	3.32904701799684E+17
12320	3.31825157647729E+17
12330	3.30749985885758E+17
12340	3.29679165280012E+17
12350	3.2861267471694E+17
12360	3.27550493202418E+17
12370	3.26492599860984E+17
12380	3.25438973935066E+17
12390	3.24389594784225E+17
12400	3.23344441884402E+17
12410	3.22303494827164E+17
12420	3.21266733318962E+17
12430	3.20234137180395E+17
12440	3.19205686345473E+17
12450	3.18181360860893E+17
12460	3.17161140885311E+17
12470	3.16145006688632E+17
12480	3.1513293865129E+17
12490	3.14124917263547E+17
12500	3.13120923124787E+17
12510	3.12120936942821E+17
12520	3.11124939533193E+17
12530	3.10132911818498E+17
12540	3.09144834827693E+17
12550	3.08160689695424E+17
12560	3.07180457661353E+17
12570	3.06204120069491E+17
12580	3.05231658367533E+17
12590	3.04263054106201E+17
12600	3.03298288938594E+17
12610	3.02337344619532E+17
12620	3.01380203004919E+17
12630	3.00426846051099E+17
12640	2.99477255814221E+17
12650	2.98531414449609E+17
12660	2.97589304211131E+17
12670	2.96650907450567E+17
12680	2.95716206616981E+17
12690	2.94785184256063E+17
12700	2.93857823009433E+17
12710	2.92934105613833E+17
12720	2.92014014900076E+17
12730	2.91097533791412E+17
12740	2.90184645300606E+17
12750	2.8927533252411E+17
12760	2.88369578629779E+17
12770	2.87467366831165E+17
12780	2.86568680333188E+17
12790	2.85673502219133E+17
12800	2.84781815220391E+17
12810	2.83893601258186E+17
12820	2.83008840555312E+17
12830	2.82127509963033E+17
12840	2.8124957990442E+17
12850	2.80375008966891E+17
12860	2.79503734653287E+17
12870	2.78635658108988E+17
12880	2.77770619806674E+17
12890	2.76908362276229E+17
12900	2.76048475184717E+17
12910	2.75190317661767E+17
12920	2.74332913064481E+17
12930	2.734748127388E+17
12940	2.72613928046572E+17
12950	2.71747334090841E+17
12960	2.70871053994696E+17
12970	2.6997983872134E+17
12980	2.69066963369449E+17
12990	2.68124065510762E+17
13000	2.67141053299359E+17
13010	2.66106109844369E+17
13020	2.65005815240211E+17
13030	2.63825398868267E+17
13040	2.62549122970382E+17
13050	2.61160785457245E+17
13060	2.59644317184843E+17
13070	2.57984438253182E+17
13080	2.56167330700336E+17
13090	2.54181282191896E+17
13100	2.52017257189362E+17
13110	2.49669358212548E+17
13120	2.47135149245559E+17
13130	2.4441582478867E+17
13140	2.41516220131203E+17
13150	2.38444669811607E+17
13160	2.35212730895109E+17
13170	2.31834794941195E+17
13180	2.28327617032492E+17
13190	2.24709792015709E+17
13200	2.21001207458338E+17
13210	2.17222500227197E+17
13220	2.13394539611434E+17
13230	2.09537910235323E+17
13240	2.05672195192902E+17
13250	2.01815820900774E+17
13260	1.97985962329836E+17
13270	1.94198356325711E+17
13280	1.90467174327294E+17
13290	1.86804949818297E+17
13300	1.83222553834115E+17
13310	1.79729211279886E+17
13320	1.76332550703648E+17
13330	1.73038680406904E+17
13340	1.69852284266247E+17
13350	1.66776731297127E+17
13360	1.63814193741496E+17
13370	1.60965769246452E+17
13380	1.58231603476529E+17
13390	1.55611010235993E+17
13400	1.53102586848206E+17
13410	1.50704323134639E+17
13420	1.48413702851014E+17
13430	1.4622779687232E+17
13440	1.44143347775639E+17
13450	1.4215684575588E+17
13460	1.4026459603212E+17
13470	1.38462778069263E+17
13480	1.36747497059494E+17
13490	1.35114828188141E+17
13500	1.33560854256463E+17
13510	1.32081697255973E+17
13520	1.30673544490905E+17
13530	1.29332669832248E+17
13540	1.28055450662479E+17
13550	1.26838381038126E+17
13560	1.25678081560228E+17
13570	1.24571306402676E+17
13580	1.23514947906665E+17
13590	1.22506039106715E+17
13600	1.21541754509678E+17
13610	1.20619409401697E+17
13620	1.19736457906824E+17
13630	1.18890489961272E+17
13640	1.18079227294463E+17
13650	1.17300518416902E+17
13660	1.16552332500938E+17
13670	1.15832751901552E+17
13680	1.15139962902842E+17
13690	1.14472244101107E+17
13700	1.13827951665241E+17
13710	1.13205500576362E+17
13720	1.12603340875684E+17
13730	1.12019927981001E+17
13740	1.11453676271278E+17
13750	1.10902881865366E+17
13760	1.10365716492266E+17
13770	1.09840186852486E+17
13780	1.09324073564815E+17
13790	1.08814869372735E+17
13800	1.08309720057996E+17
13810	1.07805372105535E+17
13820	1.07298131481708E+17
13830	1.06783837848539E+17
13840	1.06257858102683E+17
13850	1.05715102306038E+17
13860	1.05150063917218E+17
13870	1.04556884831027E+17
13880	1.03929444206527E+17
13890	1.03261468546978E+17
13900	1.02546659118206E+17
13910	1.0177883167053E+17
13920	1.00952062649304E+17
13930	1.00060835690948E+17
13940	9.91001822176951E+16
13950	9.80658103418377E+16
13960	9.69542170160616E+16
13970	9.57627793456501E+16
13980	9.44898221240172E+16
13990	9.3134659875134E+16
14000	9.16976129000471E+16
14010	9.01799979562752E+16
14020	8.85840951905109E+16
14030	8.6913093756387E+16
14040	8.51710191576632E+16
14050	8.33626457568967E+16
14060	8.14933980885265E+16
14070	7.95692446319254E+16
14080	7.75965875609427E+16
14090	7.55821517223379E+16
14100	7.35328757387074E+16
14110	7.14558077134849E+16
14120	6.93580075653229E+16
14130	6.72464575617871E+16
14140	6.51279821785889E+16
14150	6.30091779965891E+16
14160	6.08963539760451E+16
14170	5.87954821233173E+16
14180	5.67121582931899E+16
14190	5.46515726506327E+16
14200	5.2618489147514E+16
14210	5.06172332488464E+16
14220	4.86516870648714E+16
14230	4.6725291004182E+16
14240	4.48410510533729E+16
14250	4.30015508046579E+16
14260	4.1208967388994E+16
14270	3.94650905235068E+16
14280	3.77713439438055E+16
14290	3.61287482913576E+16
14300	3.45377868419931E+16
14310	3.29986346617854E+16
14320	3.15112443985435E+16
14330	3.00753703130624E+16
14340	2.86905909764313E+16
14350	2.73563305577684E+16
14360	2.60718786633916E+16
14370	2.48364087182771E+16
14380	2.36489949046278E+16
14390	2.25086276911391E+16
14400	2.14142280009762E+16
14410	2.0364660077091E+16
14420	1.93587431110204E+16
14430	1.83952617062054E+16
14440	1.74729752496141E+16
14450	1.65906262664934E+16
14460	1.57469478327123E+16
14470	1.49406701177598E+16
14480	1.41705261291965E+16
14490	1.34352567265354E+16
14500	1.27336149692404E+16
14510	1.20643698599783E+16
14520	1.14263095405393E+16
14530	1.08182439940486E+16
14540	1.02390073033006E+16
14550	9.68745951133535E+15
14560	9.16248812674158E+15
14570	8.66300931271328E+15
14580	8.1879687955597E+15
14590	7.73634252523888E+15
14600	7.30713711753482E+15
14610	6.89939010474221E+15
14620	6.51217001915123E+15
14630	6.1445763312565E+15
14640	5.7957392624069E+15
14650	5.4648194896029E+15
14660	5.15100775829223E+15
14670	4.85352441731995E+15
14680	4.57161888864907E+15
14690	4.30456908306156E+15
14700	4.05168077177552E+15
14710	3.81228692276295E+15
14720	3.58574700950906E+15
14730	3.3714462990168E+15
14740	3.16879512501545E+15
14750	2.97722815157379E+15
14760	2.79620363163889E+15
14770	2.62520266441529E+15
14780	2.46372845495618E+15
14790	2.31130557885617E+15
14800	2.16747925450518E+15
14810	2.03181462498344E+15
14820	1.90389605134022E+15
14830	1.78332641869995E+15
14840	1.66972645638049E+15
14850	1.56273407297373E+15
14860	1.46200370714064E+15
14870	1.36720569469351E+15
14880	1.278026596572E+15
14890	1.19418675009963E+15
14900	1.11543274511206E+15
14910	1.04151603388999E+15
14920	972193020089884
14930	907225894435881
14940	846383330343450
14950	789441050715371
14960	736182277074117
14970	686398071977671
14980	639887585339803
14990	596458214856349
15000	555925690251158
15010	518114090515349
15020	482855802738302
15030	449991430530742
15040	419369659434742
15050	390847086108907
15060	364288017480704
15070	339564245478036
15080	316554802392725
15090	295145701396763
15100	275229666227751
15110	256705853587442
15120	239479571357108
15130	223461995325466
15140	208569886750387
15150	194725312733115
15160	181855371072361
15170	169891920984766
15180	158771320826074
15190	148434173721603
15200	138825081815533
15210	129892409671773
15220	121588057205060
15230	113867242386834
15240	106688293854204
15250	100012453451646
15260	93803688650284.2
15270	88028514719474.7
15280	82655826466685.4
15290	77656739314080.1
15300	73004439441735.9
15310	68674042697727.6
15320	64642461952984.4
15330	60888282562202.3
15340	57391645581765.4
15350	54134138389608.3
15360	51098692349823
15370	48269487166358
15380	45631861574364.3
15390	43172230024051.5
15400	40878005020597.6
15410	38737524793326
15420	36739985978295.4
15430	34875381010737.6
15440	33134439935745.6
15450	31508576358933.6
15460	29989837271725.9
15470	28570856499072.1
15480	27244811530767.8
15490	26005383510059.6
15500	24846720166493.4
15510	23763401491826.5
15520	22750407970234.2
15530	21802884895528.4
15540	20915056218658.7
15550	20081206547689.4
15560	19296204018941.7
15570	18555435462856.6
15580	17854748718034.4
15590	17190402477537.6
15600	16559022621731.9
15610	15957564144801.2
15620	15383277911013.1
15630	14833681584846.3
15640	14306534170265.8
15650	13799813672097.6
15660	13311697457063.5
15670	12840544948143.7
15680	12384882332894.2
15690	11943389006743.7
15700	11514885506981
15710	11098322723036.3
15720	10692772194366.4
15730	10297417330040.6
15740	9911545403852.28
15750	9534540196236.76
15760	9165875170431.38
15770	8805107083833.76
15780	8451869949363.24
15790	8105869272718.14
15800	7766876503111.04
15810	7434723645352.03
15820	7109297990685.96
15830	6790536933543.84
15840	6478422849674.68
15850	6172978019859.65
15860	5874259590911.66
15870	5582354573312.79
15880	5297374881358.02
15890	5019452428148.39
15900	4748734293116.01
15910	4485377984706.48
15920	4229546825020.28
15930	3981405486131.61
15940	3741115710538.58
15950	3508832249358.84
15960	3284699052326.87
15970	3068845743292.11
15980	2861384413345.99
15990	2662406761267.92
16000	2471981607704.85
16010	2290152805510.15
16020	2116937563552.79
16030	1952325196264.56
16040	1796276304908.2
16050	1648722390600.06
16060	1509565892456.2
16070	1378680638141.17
16080	1255912687301.42
16090	1141081543046.21
16100	1033981700537.31
16110	934384497287.872
16120	842040225438.781
16130	756680462841.382
16140	678020577757.169
16150	605762360112.324
16160	539596732082.731
16170	479206491217.558
16180	424269040891.839
16190	374459065149.717
16200	329451108355.821
16210	288922023858.455
16220	252553260355.701
16230	220033191587.017
16240	191076484607.469
16250	165425565877.08
16260	142814910581.698
16270	122975471256.755
16280	105641664010.868
16290	90556751946.3185
16300	77476800589.5281
16310	66173397582.919
16320	56435332527.9257
16330	48069426604.2499
16340	40900687640.2693
16350	34771948675.2582
16360	29543127314.1611
16370	25090222423.0948
16380	21304144182.8049
16390	18089454688.5513
16400	15363079062.2303
16410	13053032432.2053
16420	11097195371.7633
16430	9442160264.91241
16440	8042162388.03639
16450	6858103256.25001
16460	5856668660.52797
16470	5009540055.24462
16480	4292695686.36447
16490	3685795711.14638
16500	3171645013.83726
16510	2735726437.01547
16520	2365797439.30039
16530	2051543134.95372
16540	1784278975.1943
16550	1556696952.22819
16560	1362649652.07983
16570	1196967003.10978
16580	1055301133.63392
16590	933995368.71933
16600	829973815.81266
16610	740648399.960472
16620	663840762.29777
16630	597716710.599919
16640	540731290.960845
16650	491582734.328044
16660	449173988.024833
16670	412580500.129175
16680	381023404.22589
16690	353847092.629238
16700	330500605.009013
16710	310522166.383792
16720	293526437.922811
16730	279194014.05021
16740	267262929.496159
16750	257521804.01852
16760	249804555.183614
16770	243986428.306026
16780	239981236.410379
16790	237739891.857813
16800	237250059.207134
16810	238537070.209867
16820	241666281.442461
16830	246746850.508175
16840	253937529.680032
16850	263454522.111703
16860	275582237.658888
16870	290687522.99911
16880	309238452.197315
16890	331828998.40407
16900	359211542.525559
16910	392339645.639139
16920	432424661.179238
16930	481010949.369632
16940	540076359.159655
16950	612167167.803262
16960	700580523.364981
16970	809612640.209717
16980	944898739.497578
16990	1113881907.74324
17000	1326464332.12197
17010	1595805998.72075
17020	1939097511.69937
17030	2379212548.57039
17040	2946867850.87149
17050	3683515382.69574
17060	4645367597.29945
17070	5909021903.76673
17080	7579349759.03685
17090	9800603562.39054
17100	12772110782.1099
17110	16770527786.1003
17120	22181502378.2696
17130	29544870244.7121
17140	39619372529.8686
17150	53475603585.0771
17160	72629884044.6097
17170	99237599596.7763
17180	136373131860.555
17190	188436132741.655
17200	261742479713.326
17210	365385634297.909
17220	512494504360.474
17230	722073478382.249
17240	1021698203665.15
17250	1451470412690.18
17260	2069826541015.23
17270	2962077267452
17280	4252971369765.66
17290	6125190281606.95
17300	8846581175661.14
17310	12810259523070.2
17320	18593649280673.6
17330	27045355648676.5
17340	39412871648364.3
17350	57530047967086.1
17360	84091740154911.2
17370	123055040491799
17380	180223143692909
17390	264090333918752
17400	387055432141977
17410	567145059471029
17420	830421138702975
17430	1.21426188516619E+15
17440	1.77166126545417E+15
17450	2.57650170395875E+15
17460	3.72925093073624E+15
17470	5.36142907039602E+15
17480	7.63509034013312E+15
17490	1.07301932575026E+16
17500	1.48088179024451E+16
17510	1.99445880427377E+16
17520	2.60185315857455E+16
17530	3.26242878700165E+16
17540	3.90940143701302E+16
17550	4.47738581222315E+16
17560	4.9479838929823E+16
17570	5.36874456166777E+16
17580	5.80802342649961E+16
17590	6.29160507399354E+16
17600	6.78990204419506E+16
17610	7.24156629415108E+16
17620	7.58316948464282E+16
17630	7.78317823555147E+16
17640	7.86180467314243E+16
17650	7.87209321277297E+16
17660	7.85900047481403E+16
17670	7.84161032887527E+16
17680	7.82389641040917E+16
17690	7.8062204020912E+16
17700	7.78859417076921E+16
17710	7.77101766060068E+16
17720	7.75349070358062E+16
17730	7.73601313215835E+16
17740	7.71858477944375E+16
17750	7.70120547920431E+16
17760	7.68387506586212E+16
17770	7.66659337449101E+16
17780	7.64936024081356E+16
17790	7.6321755011982E+16
17800	7.61503899265633E+16
17810	7.59795055283939E+16
17820	7.58091002003604E+16
17830	7.56391723316928E+16
17840	7.54697203179358E+16
17850	7.5300742560921E+16
17860	7.51322374687387E+16
17870	7.49642034557094E+16
17880	7.47966389423566E+16
17890	7.46295423553787E+16
17900	7.44629121276214E+16
17910	7.42967466980506E+16
17920	7.41310445117248E+16
17930	7.39658040197681E+16
17940	7.38010236793428E+16
17950	7.36367019536232E+16
17960	7.34728373117681E+16
17970	7.33094282288949E+16
17980	7.31464731860525E+16
17990	7.29839706701952E+16
18000	7.28219191741565E+16
18010	7.26603171966229E+16
18020	7.24991632421082E+16
18030	7.23384558209274E+16
18040	7.21781934491708E+16
18050	7.20183746486792E+16
18060	7.18589979470174E+16
18070	7.17000618774499E+16
18080	7.15415649789148E+16
18090	7.13835057959995E+16
18100	7.12258828789151E+16
18110	7.10686947834722E+16
18120	7.09119400710556E+16
18130	7.07556173086001E+16
18140	7.0599725068566E+16
18150	7.04442619289148E+16
18160	7.02892264730846E+16
18170	7.01346172899666E+16
18180	6.99804329738806E+16
18190	6.98266721245516E+16
18200	6.96733333470858E+16
18210	6.95204152519466E+16
18220	6.93679164549322E+16
18230	6.9215835577151E+16
18240	6.90641712449989E+16
18250	6.89129220901365E+16
18260	6.8762086749465E+16
18270	6.86116638651046E+16
18280	6.84616520843704E+16
18290	6.83120500597506E+16
18300	6.81628564488836E+16
18310	6.80140699145354E+16
18320	6.78656891245773E+16
18330	6.77177127519638E+16
18340	6.75701394747103E+16
18350	6.74229679758709E+16
18360	6.72761969435169E+16
18370	6.71298250707146E+16
18380	6.69838510555035E+16
18390	6.6838273600875E+16
18400	6.66930914147509E+16
18410	6.65483032099617E+16
18420	6.64039077042254E+16
18430	6.62599036201263E+16
18440	6.61162896850941E+16
18450	6.59730646313827E+16
18460	6.58302271960493E+16
18470	6.56877761209337E+16
18480	6.55457101526378E+16
18490	6.54040280425045E+16
18500	6.52627285465976E+16
18510	6.51218104256815E+16
18520	6.49812724452004E+16
18530	6.48411133752589E+16
18540	6.47013319906012E+16
18550	6.45619270705912E+16
18560	6.44228973991932E+16
18570	6.42842417649513E+16
18580	6.41459589609702E+16
18590	6.40080477848956E+16
18600	6.38705070388943E+16
18610	6.37333355296351E+16
18620	6.35965320682695E+16
18630	6.34600954704122E+16
18640	6.33240245561223E+16
18650	6.31883181498839E+16
18660	6.30529750805873E+16
18670	6.29179941815103E+16
18680	6.27833742902993E+16
18690	6.26491142489504E+16
18700	6.25152129037911E+16
18710	6.23816691054617E+16
18720	6.22484817088968E+16
18730	6.21156495733073E+16
18740	6.19831715621616E+16
18750	6.18510465431678E+16
18760	6.17192733882558E+16
18770	6.15878509735589E+16
18780	6.14567781793962E+16
18790	6.13260538902548E+16
18800	6.11956769947718E+16
18810	6.10656463857171E+16
18820	6.09359609599753E+16
18830	6.08066196185288E+16
18840	6.06776212664401E+16
18850	6.05489648128344E+16
18860	6.04206491708826E+16
18870	6.02926732577842E+16
18880	6.016503599475E+16
18890	6.00377363069853E+16
18900	5.99107731236729E+16
18910	5.97841453779565E+16
18920	5.96578520069236E+16
18930	5.95318919515893E+16
18940	5.94062641568793E+16
18950	5.92809675716137E+16
18960	5.91560011484904E+16
18970	5.90313638440688E+16
18980	5.89070546187536E+16
18990	5.87830724367787E+16
19000	5.86594162661908E+16
19010	5.85360850788335E+16
19020	5.84130778503316E+16
19030	5.82903935600748E+16
19040	5.81680311912022E+16
19050	5.80459897305864E+16
19060	5.79242681688178E+16
19070	5.78028655001894E+16
19080	5.76817807226806E+16
19090	5.75610128379426E+16
19100	5.74405608512822E+16
19110	5.73204237716472E+16
19120	5.72006006116107E+16
19130	5.70810903873562E+16
19140	5.69618921186625E+16
19150	5.68430048288886E+16
19160	5.67244275449588E+16
19170	5.66061592973477E+16
19180	5.64881991200659E+16
19190	5.63705460506445E+16
19200	5.62531991301209E+16
19210	5.61361574030238E+16
19220	5.60194199173585E+16
19230	5.59029857245921E+16
19240	5.57868538796376E+16
19250	5.56710234408386E+16
19260	5.55554934699523E+16
19270	5.54402630321311E+16
19280	5.53253311959023E+16
19290	5.52106970331454E+16
19300	5.50963596190651E+16
19310	5.498231803216E+16
19320	5.48685713541848E+16
19330	5.47551186701055E+16
19340	5.46419590680464E+16
19350	5.45290916392258E+16
19360	5.44165154778817E+16
19370	5.43042296811834E+16
19380	5.419223334913E+16
19390	5.40805255844332E+16
19400	5.39691054923837E+16
19410	5.38579721807006E+16
19420	5.37471247593616E+16
19430	5.36365623404134E+16
19440	5.35262840377611E+16
19450	5.3416288966934E+16
19460	5.33065762448262E+16
19470	5.31971449894088E+16
19480	5.30879943194104E+16
19490	5.29791233539612E+16
19500	5.28705312121953E+16
19510	5.27622170128049E+16
19520	5.26541798735379E+16
19530	5.2546418910629E+16
19540	5.24389332381541E+16
19550	5.23317219672928E+16
19560	5.22247842054847E+16
19570	5.21181190554596E+16
19580	5.20117256141213E+16
19590	5.19056029712584E+16
19600	5.17997502080539E+16
19610	5.16941663953582E+16
19620	5.15888505916871E+16
19630	5.14838018408966E+16
19640	5.13790191694831E+16
19650	5.1274501583443E+16
19660	5.11702480646207E+16
19670	5.10662575664587E+16
19680	5.096252900905E+16
19690	5.08590612733759E+16
19700	5.07558531945942E+16
19710	5.06529035542182E+16
19720	5.0550211071002E+16
19730	5.04477743903161E+16
19740	5.03455920717604E+16
19750	5.02436625747219E+16
19760	5.01419842415352E+16
19770	5.00405552778451E+16
19780	4.99393737297117E+16
19790	4.98384374569163E+16
19800	4.97377441018456E+16
19810	4.96372910532292E+16
19820	4.95370754038936E+16
19830	4.9437093901565E+16
19840	4.93373428995802E+16
19850	4.92378183877012E+16
19860	4.91385159438166E+16
19870	4.90394306350789E+16
19880	4.8940556953483E+16
19890	4.88418887458543E+16
19900	4.87434191371597E+16
19910	4.86451404468116E+16
19920	4.85470440976658E+16
19930	4.8449120517465E+16
19940	4.83513590325341E+16
19950	4.82537477536028E+16
19960	4.8156273453718E+16
19970	4.80589214382976E+16
19980	4.79616754074933E+16
19990	4.78645173111505E+16
20000	4.77674271967887E+16
