2000	1.93909832606061E+16
2010	2.05928754072937E+16
2020	2.18581485606616E+16
2030	2.31891537198564E+16
2040	2.45886427606417E+16
2050	2.60599002404485E+16
2060	2.76067311209013E+16
2070	2.92332593889801E+16
2080	3.09435763686739E+16
2090	3.27413953747401E+16
2100	3.46298309624519E+16
2110	3.66113885281952E+16
2120	3.86882547521542E+16
2130	4.08628085042487E+16
2140	4.31381763642953E+16
2150	4.55186563289216E+16
2160	4.80098953413675E+16
2170	5.06186571798772E+16
2180	5.33521043950392E+16
2190	5.62169970319237E+16
2200	5.92188934574839E+16
2210	6.2361512633667E+16
2220	6.56468415153041E+16
2230	6.90757046273565E+16
2240	7.26487421581762E+16
2250	7.63679182998532E+16
2260	8.02376260386093E+16
2270	8.42653891370708E+16
2280	8.846210290655E+16
2290	9.28408758331789E+16
2300	9.74157040930843E+16
2310	1.02199333797044E+17
2320	1.072011002333E+17
2330	1.12426155237878E+17
2340	1.17874389007236E+17
2350	1.23541942238439E+17
2360	1.29422899634954E+17
2370	1.35512108745959E+17
2380	1.41808607605365E+17
2390	1.48317187717356E+17
2400	1.5505149907465E+17
2410	1.62032256748619E+17
2420	1.69286954600107E+17
2430	1.76845452948183E+17
2440	1.84736867941775E+17
2450	1.92983717789133E+17
2460	2.01598944237302E+17
2470	2.10583792302198E+17
2480	2.19926518085866E+17
2490	2.29606579555868E+17
2500	2.39597517474496E+17
2510	2.49874459731775E+17
2520	2.60419413623807E+17
2530	2.71229341549797E+17
2540	2.82316848319174E+17
2550	2.93716555042683E+17
2560	3.0547826292218E+17
2570	3.17666970586606E+17
2580	3.30352669794677E+17
2590	3.43601804910958E+17
2600	3.57469403711289E+17
2610	3.71987112997439E+17
2620	3.87161590124495E+17
2630	4.02966794856499E+17
2640	4.19352344762699E+17
2650	4.36242768932483E+17
2660	4.53557354407497E+17
2670	4.71212455074077E+17
2680	4.89147671187674E+17
2690	5.07326116351589E+17
2700	5.25755001364782E+17
2710	5.44483414005863E+17
2720	5.6360321781087E+17
2730	5.83248165062213E+17
2740	6.0357096527865E+17
2750	6.24743143765529E+17
2760	6.46923047721433E+17
2770	6.7024308867362E+17
2780	6.94801186910995E+17
2790	7.20619397926608E+17
2800	7.47680354245169E+17
2810	7.75871448697782E+17
2820	8.05040942436199E+17
2830	8.34982602279255E+17
2840	8.65458118575896E+17
2850	8.96249074268958E+17
2860	9.27148186141082E+17
2870	9.58010626586719E+17
2880	9.88786438041094E+17
2890	1.01948099109423E+18
2900	1.05025043457513E+18
2910	1.08130345802133E+18
2920	1.1129502653069E+18
2930	1.14556722312488E+18
2940	1.1795405519792E+18
2950	1.21525972567621E+18
2960	1.25310601825263E+18
2970	1.29332615057354E+18
2980	1.33613212448849E+18
2990	1.38158600291628E+18
3000	1.42958219344678E+18
3010	1.47994776671316E+18
3020	1.53230431908974E+18
3030	1.58618295024959E+18
3040	1.64105402810836E+18
3050	1.69632378904893E+18
3060	1.75137655763597E+18
3070	1.80573912733793E+18
3080	1.85898171127368E+18
3090	1.91081263602123E+18
3100	1.9612505248169E+18
3110	2.01038251057772E+18
3120	2.05857469172286E+18
3130	2.10644441313021E+18
3140	2.15467385680349E+18
3150	2.20411732204394E+18
3160	2.25572749465251E+18
3170	2.31044727072829E+18
3180	2.36907578666085E+18
3190	2.43242272622496E+18
3200	2.50112711802882E+18
3210	2.57542674890361E+18
3220	2.65552309049434E+18
3230	2.74132839988338E+18
3240	2.83231354090797E+18
3250	2.92785465062241E+18
3260	3.02708302496321E+18
3270	3.12883567730143E+18
3280	3.23182508305059E+18
3290	3.33473562433815E+18
3300	3.43624319059491E+18
3310	3.53495171210539E+18
3320	3.62974369336849E+18
3330	3.71987740407053E+18
3340	3.80464406247261E+18
3350	3.88380249270107E+18
3360	3.95781660940306E+18
3370	4.02725982265772E+18
3380	4.09306193425496E+18
3390	4.15687404771336E+18
3400	4.22048438231413E+18
3410	4.28575963759557E+18
3420	4.35475497304471E+18
3430	4.42961888570856E+18
3440	4.51250232400487E+18
3450	4.60496415387575E+18
3460	4.70828483082932E+18
3470	4.82382459290093E+18
3480	4.95227702834587E+18
3490	5.09337729900737E+18
3500	5.246793702847E+18
3510	5.41195992339953E+18
3520	5.58737670322348E+18
3530	5.77117190633641E+18
3540	5.9612794478721E+18
3550	6.15538319805429E+18
3560	6.35091134964439E+18
3570	6.5450759907984E+18
3580	6.7350219888053E+18
3590	6.9182639127343E+18
3600	7.09235445171265E+18
3610	7.25480737865746E+18
3620	7.40376217660602E+18
3630	7.53825163570535E+18
3640	7.6574567977616E+18
3650	7.76080303100861E+18
3660	7.84923515666668E+18
3670	7.92459819624856E+18
3680	7.98881814229217E+18
3690	8.04419580568126E+18
3700	8.09454309107898E+18
3710	8.14405654515066E+18
3720	8.19687868634039E+18
3730	8.25710407785326E+18
3740	8.32880317041073E+18
3750	8.41606928331564E+18
3760	8.52307162474164E+18
3770	8.65312624028552E+18
3780	8.80757086881603E+18
3790	8.98763640779888E+18
3800	9.19472549932195E+18
3810	9.42925926808775E+18
3820	9.68924004002757E+18
3830	9.97225481177451E+18
3840	1.02757221591886E+19
3850	1.05965927609535E+19
3860	1.09308614977646E+19
3870	1.12740601354778E+19
3880	1.16213556794165E+19
3890	1.19677639258675E+19
3900	1.23089228119963E+19
3910	1.26405347600304E+19
3920	1.29581658681748E+19
3930	1.32573964304826E+19
3940	1.35347821932625E+19
3950	1.37875501212359E+19
3960	1.40130693345419E+19
3970	1.42088886158061E+19
3980	1.43734072767992E+19
3990	1.45062431002795E+19
4000	1.46073100935816E+19
4010	1.46767202702279E+19
4020	1.47151690626619E+19
4030	1.47257858082017E+19
4040	1.47125330680875E+19
4050	1.46793136954246E+19
4060	1.46299512802141E+19
4070	1.45697731591224E+19
4080	1.45064500832613E+19
4090	1.44474812042146E+19
4100	1.43999759571855E+19
4110	1.43706820781478E+19
4120	1.43657762386604E+19
4130	1.4391073669926E+19
4140	1.44523316753193E+19
4150	1.45553550233959E+19
4160	1.47051689285084E+19
4170	1.49017733360301E+19
4180	1.51435589377613E+19
4190	1.54290646910347E+19
4200	1.57568906788122E+19
4210	1.61247530719447E+19
4220	1.6526823250246E+19
4230	1.69561601051402E+19
4240	1.74054901858512E+19
4250	1.78671913990404E+19
4260	1.83336283803755E+19
4270	1.87981680825179E+19
4280	1.92543949966256E+19
4290	1.96959048502077E+19
4300	2.01164028288374E+19
4310	2.05101293636072E+19
4320	2.08734694569122E+19
4330	2.12037760207385E+19
4340	2.1498730709261E+19
4350	2.17563553456047E+19
4360	2.19750794134767E+19
4370	2.21545020617801E+19
4380	2.22950567893918E+19
4390	2.23973785000128E+19
4400	2.24622589279246E+19
4410	2.24906172042303E+19
4420	2.24836385295412E+19
4430	2.24428768987535E+19
4440	2.23699292053112E+19
4450	2.22663807796643E+19
4460	2.21337911725989E+19
4470	2.19738312305281E+19
4480	2.17893677600158E+19
4490	2.15837409821094E+19
4500	2.13600950905825E+19
4510	2.11213768651014E+19
4520	2.08703428477902E+19
4530	2.06109782988081E+19
4540	2.03510543958759E+19
4550	2.00985028393412E+19
4560	1.98606805591744E+19
4570	1.96444310027361E+19
4580	1.94561493454995E+19
4590	1.93015068333012E+19
4600	1.91853186661077E+19
4610	1.91121460484743E+19
4620	1.90863733167547E+19
4630	1.91122141841701E+19
4640	1.91936074108743E+19
4650	1.93299699987274E+19
4660	1.95145425991176E+19
4670	1.97400919213911E+19
4680	1.99992829471577E+19
4690	2.02846211487823E+19
4700	2.05884392591201E+19
4710	2.0902780736286E+19
4720	2.12195324105201E+19
4730	2.15309972826777E+19
4740	2.18300794471381E+19
4750	2.21104109287237E+19
4760	2.2366450140888E+19
4770	2.25940653344603E+19
4780	2.27919687579788E+19
4790	2.29598920403227E+19
4800	2.30979810712087E+19
4810	2.32067278452908E+19
4820	2.32868981420393E+19
4830	2.33394882949929E+19
4840	2.33660866906679E+19
4850	2.33686429181422E+19
4860	2.33490152430494E+19
4870	2.33089428289126E+19
4880	2.32500367201613E+19
4890	2.31737756485834E+19
4900	2.30815278159101E+19
4910	2.29746239586813E+19
4920	2.28542801702708E+19
4930	2.27215790081882E+19
4940	2.25774807803727E+19
4950	2.24228345953926E+19
4960	2.22583891691716E+19
4970	2.20848388500749E+19
4980	2.19028812026984E+19
4990	2.17131490241143E+19
5000	2.15162077178352E+19
5010	2.13125652087183E+19
5020	2.11026809840701E+19
5030	2.08869738586734E+19
5040	2.06657244640624E+19
5050	2.04389483771099E+19
5060	2.02066168516062E+19
5070	1.99686955774863E+19
5080	1.9725148473325E+19
5090	1.94759415930237E+19
5100	1.92210471089689E+19
5110	1.89611526821014E+19
5120	1.86997139354861E+19
5130	1.84407806601848E+19
5140	1.81882777486691E+19
5150	1.79459821412403E+19
5160	1.7717502293741E+19
5170	1.75062644374872E+19
5180	1.73154834997219E+19
5190	1.71478611680648E+19
5200	1.70057047617028E+19
5210	1.68911684281386E+19
5220	1.68062259623241E+19
5230	1.67526154399593E+19
5240	1.67317561880555E+19
5250	1.67446313090088E+19
5260	1.67903738429968E+19
5270	1.68626442442555E+19
5280	1.69537859757627E+19
5290	1.70562269917035E+19
5300	1.71626543753658E+19
5310	1.72662380932975E+19
5320	1.73608811984026E+19
5330	1.74414640935464E+19
5340	1.75046148809832E+19
5350	1.75493423961032E+19
5360	1.75754528523142E+19
5370	1.75832586113133E+19
5380	1.75735133972647E+19
5390	1.75473319051185E+19
5400	1.7506099041488E+19
5410	1.74513752175641E+19
5420	1.73848812935349E+19
5430	1.73085045687911E+19
5440	1.72239720052882E+19
5450	1.71327933197402E+19
5460	1.70362694942049E+19
5470	1.69355074128524E+19
5480	1.68314382208425E+19
5490	1.67248374116419E+19
5500	1.6616346083729E+19
5510	1.65064960059781E+19
5520	1.63957209856271E+19
5530	1.6284369839712E+19
5540	1.61727215344335E+19
5550	1.60609979443222E+19
5560	1.59493744380563E+19
5570	1.58379885603471E+19
5580	1.57269470786521E+19
5590	1.56163306788776E+19
5600	1.55061974428802E+19
5610	1.53965884645355E+19
5620	1.52875307316067E+19
5630	1.51790390818924E+19
5640	1.50711176791897E+19
5650	1.49637610918174E+19
5660	1.48569550419907E+19
5670	1.47506769275263E+19
5680	1.46448987349071E+19
5690	1.45395890817376E+19
5700	1.44347101336619E+19
5710	1.4330217625995E+19
5720	1.42260611726211E+19
5730	1.41221845670983E+19
5740	1.4018526111037E+19
5750	1.39150190008515E+19
5760	1.38115917333552E+19
5770	1.37081531817778E+19
5780	1.36045673907378E+19
5790	1.35006751783792E+19
5800	1.33962958886944E+19
5810	1.32912247979472E+19
5820	1.31852304482144E+19
5830	1.3078051999721E+19
5840	1.29693967277509E+19
5850	1.28589378293152E+19
5860	1.27463413176383E+19
5870	1.26315059493562E+19
5880	1.2514523377328E+19
5890	1.23955900824422E+19
5900	1.22750171460273E+19
5910	1.21532345006244E+19
5920	1.20307883290922E+19
5930	1.19083317714477E+19
5940	1.17866096939479E+19
5950	1.16664387407191E+19
5960	1.1548868388345E+19
5970	1.14357359426172E+19
5980	1.13291248199389E+19
5990	1.12310973439956E+19
6000	1.11435856135694E+19
6010	1.10682740080118E+19
6020	1.10064713287747E+19
6030	1.09589674754643E+19
6040	1.09258689943386E+19
6050	1.09064122744164E+19
6060	1.08983562726767E+19
6070	1.08965626891225E+19
6080	1.08954303420259E+19
6090	1.08901585063112E+19
6100	1.08771632495474E+19
6110	1.08543393110734E+19
6120	1.0821091980442E+19
6130	1.07781181666473E+19
6140	1.07269939259068E+19
6150	1.06696885379347E+19
6160	1.06081401921503E+19
6170	1.05440041431303E+19
6180	1.04784880219185E+19
6190	1.04123728964529E+19
6200	1.03461410480923E+19
6210	1.02800782956741E+19
6220	1.0214347357408E+19
6230	1.01490370506979E+19
6240	1.0084193479292E+19
6250	1.00198388710248E+19
6260	9.95598249395528E+18
6270	9.89262676131273E+18
6280	9.82977054439502E+18
6290	9.76741092600831E+18
6300	9.70554410925131E+18
6310	9.64416588105112E+18
6320	9.58327184575176E+18
6330	9.52285754173205E+18
6340	9.46291849921921E+18
6350	9.40345026876957E+18
6360	9.34444843517766E+18
6370	9.28590862415325E+18
6380	9.22782650540196E+18
6390	9.17019779390952E+18
6400	9.11301825032639E+18
6410	9.05628368089645E+18
6420	8.99998993715352E+18
6430	8.94413291550197E+18
6440	8.88870855673903E+18
6450	8.83371284554935E+18
6460	8.77914180998781E+18
6470	8.72499152095874E+18
6480	8.67125809169649E+18
6490	8.61793767724947E+18
6500	8.56502647396918E+18
6510	8.51252071900458E+18
6520	8.46041668980247E+18
6530	8.40871070361355E+18
6540	8.35739911700387E+18
6550	8.30647832537137E+18
6560	8.25594476246661E+18
6570	8.20579489991678E+18
6580	8.15602524675123E+18
6590	8.10663234892624E+18
6600	8.05761278884555E+18
6610	8.0089631848717E+18
6620	7.96068019081714E+18
6630	7.91276049538403E+18
6640	7.86520082155913E+18
6650	7.81799792591739E+18
6660	7.77114859777244E+18
6670	7.72464965809097E+18
6680	7.67849795803652E+18
6690	7.63269037693361E+18
6700	7.58722381932918E+18
6710	7.5420952106544E+18
6720	7.49730149072664E+18
6730	7.45283960393765E+18
6740	7.40870648446667E+18
6750	7.36489903775135E+18
6760	7.32141411734742E+18
6770	7.27824848998251E+18
6780	7.23539879245537E+18
6790	7.1928614792196E+18
6800	7.15063276161155E+18
6810	7.10870854172941E+18
6820	7.06708434638002E+18
6830	7.02575526918627E+18
6840	6.98471593149838E+18
6850	6.94396047464952E+18
6860	6.90348259675542E+18
6870	6.86327561431923E+18
6880	6.82333150672174E+18
6890	6.78363949538592E+18
6900	6.74418554637211E+18
6910	6.70495104074606E+18
6920	6.6659108341541E+18
6930	6.62703048689344E+18
6940	6.58826230503817E+18
6950	6.54953969680451E+18
6960	6.51076917817075E+18
6970	6.47181916619585E+18
6980	6.43250450563901E+18
6990	6.39256554693921E+18
7000	6.35164064680271E+18
7010	6.3092727247737E+18
7020	6.26508127463344E+18
7030	6.21881967771821E+18
7040	6.17045413517443E+18
7050	6.12025759136684E+18
7060	6.0688674806162E+18
7070	6.01728681434964E+18
7080	5.96682153768735E+18
7090	5.91896121589945E+18
7100	5.87521912807242E+18
7110	5.83694943454058E+18
7120	5.80515519375251E+18
7130	5.7802966701141E+18
7140	5.76211111911077E+18
7150	5.74927159761168E+18
7160	5.73902793050144E+18
7170	5.72850960904323E+18
7180	5.71541970348971E+18
7190	5.6983730495164E+18
7200	5.6770171597234E+18
7210	5.65188099637938E+18
7220	5.62400365637961E+18
7230	5.59450220625042E+18
7240	5.5642592502674E+18
7250	5.53381838452403E+18
7260	5.50344407059972E+18
7270	5.4732375978339E+18
7280	5.44322881750532E+18
7290	5.41342369567183E+18
7300	5.38382203355498E+18
7310	5.35442239572658E+18
7320	5.32522316003001E+18
7330	5.29622269287548E+18
7340	5.2674193731147E+18
7350	5.23881159469443E+18
7360	5.21039776677742E+18
7370	5.18217631360313E+18
7380	5.15414567432677E+18
7390	5.12630430285822E+18
7400	5.09865066770294E+18
7410	5.07118325180463E+18
7420	5.04390055238994E+18
7430	5.01680108081496E+18
7440	4.98988336241362E+18
7450	4.96314593634786E+18
7460	4.93658735545968E+18
7470	4.91020618612489E+18
7480	4.88400100810868E+18
7490	4.85797041442289E+18
7500	4.83211301118499E+18
7510	4.80642741747874E+18
7520	4.78091226521655E+18
7530	4.75556619900345E+18
7540	4.73038787600269E+18
7550	4.7053759658029E+18
7560	4.68052915028695E+18
7570	4.65584612350217E+18
7580	4.63132559153232E+18
7590	4.60696627237092E+18
7600	4.58276689579615E+18
7610	4.55872620324719E+18
7620	4.53484294770206E+18
7630	4.51111589355685E+18
7640	4.48754381650642E+18
7650	4.46412550342645E+18
7660	4.44085975225692E+18
7670	4.41774537188691E+18
7680	4.39478118204078E+18
7690	4.37196601316566E+18
7700	4.34929870632031E+18
7710	4.32677811306515E+18
7720	4.30440309535369E+18
7730	4.28217252542518E+18
7740	4.26008528569849E+18
7750	4.23814026866724E+18
7760	4.21633637679613E+18
7770	4.19467252241849E+18
7780	4.17314762763498E+18
7790	4.1517606242135E+18
7800	4.13051045349019E+18
7810	4.10939606627168E+18
7820	4.08841642273829E+18
7830	4.06757049234855E+18
7840	4.04685725374461E+18
7850	4.02627569465889E+18
7860	4.00582481182171E+18
7870	3.98550361087002E+18
7880	3.9653111062571E+18
7890	3.94524632116341E+18
7900	3.92530828740831E+18
7910	3.9054960453629E+18
7920	3.88580864386379E+18
7930	3.86624514012785E+18
7940	3.84680459966795E+18
7950	3.82748609620962E+18
7960	3.80828871160867E+18
7970	3.78921153576976E+18
7980	3.7702536665658E+18
7990	3.7514142097584E+18
8000	3.73269227891907E+18
8010	3.71408699535136E+18
8020	3.69559748801392E+18
8030	3.67722289344438E+18
8040	3.658962355684E+18
8050	3.64081502620335E+18
8060	3.62278006382861E+18
8070	3.60485663466883E+18
8080	3.58704391204399E+18
8090	3.56934107641375E+18
8100	3.55174731530712E+18
8110	3.53426182325285E+18
8120	3.51688380171056E+18
8130	3.4996124590027E+18
8140	3.48244701024721E+18
8150	3.46538667729096E+18
8160	3.44843068864387E+18
8170	3.43157827941379E+18
8180	3.41482869124213E+18
8190	3.39818117224011E+18
8200	3.38163497692575E+18
8210	3.36518936616157E+18
8220	3.34884360709288E+18
8230	3.33259697308668E+18
8240	3.31644874367106E+18
8250	3.30039820447472E+18
8260	3.2844446471663E+18
8270	3.26858736939214E+18
8280	3.25282567471083E+18
8290	3.23715887252089E+18
8300	3.22158627797589E+18
8310	3.20610721187754E+18
8320	3.19072100052424E+18
8330	3.17542697548018E+18
8340	3.16022447320504E+18
8350	3.1451128344305E+18
8360	3.13009140308606E+18
8370	3.11515952442296E+18
8380	3.10031654171766E+18
8390	3.08556179046864E+18
8400	3.07089458819168E+18
8410	3.05631421653245E+18
8420	3.04181989006519E+18
8430	3.02741070222075E+18
8440	3.01308553233924E+18
8450	2.99884288747258E+18
8460	2.98468063629957E+18
8470	2.97059556779256E+18
8480	2.95658267109976E+18
8490	2.94263398269074E+18
8500	2.92873678091393E+18
8510	2.91487112560343E+18
8520	2.90100797589047E+18
8530	2.88710697220546E+18
8540	2.87311496863751E+18
8550	2.85896641185742E+18
8560	2.84458627307096E+18
8570	2.82989600390611E+18
8580	2.81482237419841E+18
8590	2.79930831975165E+18
8600	2.78332430321645E+18
8610	2.76687837657457E+18
8620	2.75002323260525E+18
8630	2.73285900865036E+18
8640	2.71553130727999E+18
8650	2.69822462539842E+18
8660	2.68115196166499E+18
8670	2.66454170184983E+18
8680	2.64862294973085E+18
8690	2.6336103340431E+18
8700	2.61968907573412E+18
8710	2.6070005156944E+18
8720	2.59559774788738E+18
8730	2.58541445106573E+18
8740	2.57632278558934E+18
8750	2.56814825948698E+18
8760	2.56067999142738E+18
8770	2.55368274445495E+18
8780	2.54691082700664E+18
8790	2.54012367676573E+18
8800	2.53310246096526E+18
8810	2.52566639687355E+18
8820	2.51768684585375E+18
8830	2.5090967829938E+18
8840	2.49989328353311E+18
8850	2.49013147453647E+18
8860	2.4799100735771E+18
8870	2.46935089574447E+18
8880	2.45857679746971E+18
8890	2.44769338671666E+18
8900	2.43677867446166E+18
8910	2.42588185253936E+18
8920	2.41502896033926E+18
8930	2.40423123636693E+18
8940	2.3934923993391E+18
8950	2.38281318379086E+18
8960	2.37219342410986E+18
8970	2.36163275772855E+18
8980	2.35113079397634E+18
8990	2.34068714195368E+18
9000	2.33030141357301E+18
9010	2.31997322374746E+18
9020	2.30970219037347E+18
9030	2.29948793430456E+18
9040	2.28933007932527E+18
9050	2.27922825212528E+18
9060	2.26918208227378E+18
9070	2.25919120219411E+18
9080	2.24925524713871E+18
9090	2.23937385516418E+18
9100	2.22954666710674E+18
9110	2.21977332655783E+18
9120	2.21005347983997E+18
9130	2.20038677598288E+18
9140	2.19077286669985E+18
9150	2.18121140636428E+18
9160	2.17170205198647E+18
9170	2.16224446319073E+18
9180	2.15283830219254E+18
9190	2.14348323377611E+18
9200	2.13417892527203E+18
9210	2.12492504653521E+18
9220	2.11572126992301E+18
9230	2.10656727027358E+18
9240	2.09746272488441E+18
9250	2.08840731349112E+18
9260	2.07940071824641E+18
9270	2.07044262369924E+18
9280	2.06153271677418E+18
9290	2.05267068675105E+18
9300	2.04385622524462E+18
9310	2.03508902618462E+18
9320	2.02636878579591E+18
9330	2.01769520257879E+18
9340	2.00906797728958E+18
9350	2.00048681292131E+18
9360	1.9919514146847E+18
9370	1.98346148998917E+18
9380	1.97501674842419E+18
9390	1.96661690174068E+18
9400	1.9582616638327E+18
9410	1.94995075071921E+18
9420	1.94168388052608E+18
9430	1.93346077346825E+18
9440	1.925281151832E+18
9450	1.91714473995753E+18
9460	1.90905126422156E+18
9470	1.90100045302014E+18
9480	1.89299203675169E+18
9490	1.88502574780012E+18
9500	1.8771013205181E+18
9510	1.86921849121061E+18
9520	1.86137699811847E+18
9530	1.85357658140217E+18
9540	1.84581698312578E+18
9550	1.83809794724103E+18
9560	1.83041921957154E+18
9570	1.8227805477972E+18
9580	1.81518168143868E+18
9590	1.80762237184211E+18
9600	1.8001023721639E+18
9610	1.79262143735566E+18
9620	1.78517932414934E+18
9630	1.77777579104243E+18
9640	1.77041059828332E+18
9650	1.76308350785687E+18
9660	1.75579428346998E+18
9670	1.7485426905374E+18
9680	1.74132849616763E+18
9690	1.73415146914898E+18
9700	1.72701137993569E+18
9710	1.71990800063429E+18
9720	1.71284110498993E+18
9730	1.70581046837305E+18
9740	1.69881586776594E+18
9750	1.69185708174958E+18
9760	1.68493389049059E+18
9770	1.6780460757282E+18
9780	1.67119342076146E+18
9790	1.66437571043646E+18
9800	1.65759273113379E+18
9810	1.65084427075598E+18
9820	1.64413011871517E+18
9830	1.63745006592078E+18
9840	1.63080390476745E+18
9850	1.62419142912291E+18
9860	1.61761243431607E+18
9870	1.61106671712523E+18
9880	1.60455407576631E+18
9890	1.59807430988127E+18
9900	1.59162722052661E+18
9910	1.58521261016193E+18
9920	1.57883028263868E+18
9930	1.57248004318894E+18
9940	1.5661616984143E+18
9950	1.55987505627491E+18
9960	1.55361992607858E+18
9970	1.54739611846993E+18
9980	1.54120344541977E+18
9990	1.53504172021442E+18
10000	1.52891075744525E+18
10010	1.52281037299825E+18
10020	1.51674038404372E+18
10030	1.51070060902602E+18
10040	1.50469086765344E+18
10050	1.49871098088817E+18
10060	1.49276077093633E+18
10070	1.48684006123811E+18
10080	1.48094867645798E+18
10090	1.475086442475E+18
10100	1.46925318637322E+18
10110	1.46344873643216E+18
10120	1.45767292211736E+18
10130	1.45192557407106E+18
10140	1.44620652410287E+18
10150	1.44051560518064E+18
10160	1.43485265142136E+18
10170	1.42921749808205E+18
10180	1.42360998155092E+18
10190	1.41802993933843E+18
10200	1.41247721006853E+18
10210	1.40695163346994E+18
10220	1.40145305036753E+18
10230	1.39598130267374E+18
10240	1.39053623338009E+18
10250	1.3851176865488E+18
10260	1.37972550730445E+18
10270	1.37435954182567E+18
10280	1.36901963733702E+18
10290	1.3637056421008E+18
10300	1.35841740540907E+18
10310	1.3531547775756E+18
10320	1.34791760992804E+18
10330	1.34270575479999E+18
10340	1.33751906552332E+18
10350	1.3323573964204E+18
10360	1.32722060279647E+18
10370	1.32210854093212E+18
10380	1.3170210680757E+18
10390	1.31195804243597E+18
10400	1.30691932317463E+18
10410	1.3019047703991E+18
10420	1.2969142451552E+18
10430	1.29194760942E+18
10440	1.28700472609466E+18
10450	1.28208545899741E+18
10460	1.27718967285651E+18
10470	1.27231723330334E+18
10480	1.26746800686546E+18
10490	1.26264186095987E+18
10500	1.25783866388614E+18
10510	1.25305828481979E+18
10520	1.24830059380561E+18
10530	1.24356546175102E+18
10540	1.23885276041958E+18
10550	1.23416236242443E+18
10560	1.22949414122172E+18
10570	1.22484797110387E+18
10580	1.22022372719207E+18
10590	1.2156212854271E+18
10600	1.21104052255571E+18
10610	1.2064813161073E+18
10620	1.20194354434961E+18
10630	1.19742708620278E+18
10640	1.19293182107464E+18
10650	1.18845762855642E+18
10660	1.1840043878842E+18
10670	1.17957197703067E+18
10680	1.17516027124669E+18
10690	1.17076914083333E+18
10700	1.16639844790567E+18
10710	1.16204804192603E+18
10720	1.15771775385413E+18
10730	1.15340738889569E+18
10740	1.14911671803207E+18
10750	1.1448454687687E+18
10760	1.1405933158237E+18
10770	1.13635987274782E+18
10780	1.13214468567655E+18
10790	1.12794723051703E+18
10800	1.12376691483009E+18
10810	1.11960308546231E+18
10820	1.11545504250833E+18
10830	1.11132202439989E+18
10840	1.10720312651402E+18
10850	1.10309729357257E+18
10860	1.09900328805415E+18
10870	1.09491964136578E+18
10880	1.09084459239765E+18
10890	1.08677601084793E+18
10900	1.08271130203143E+18
10910	1.07864728909409E+18
10920	1.07458006765585E+18
10930	1.070504826927E+18
10940	1.06641563033261E+18
10950	1.06230514771847E+18
10960	1.05816433042624E+18
10970	1.05398202011013E+18
10980	1.04974448239931E+18
10990	1.04543485776836E+18
11000	1.04103252475454E+18
11010	1.03651237555427E+18
11020	1.03184401171905E+18
11030	1.02699087883817E+18
11040	1.02190937430774E+18
11050	1.01654798180071E+18
11060	1.01084650955446E+18
11070	1.00473553588312E+18
11080	9.98136191994098E+17
11090	9.90960435389562E+17
11100	9.83111981513212E+17
11110	9.74488060309756E+17
11120	9.64982141015227E+17
11130	9.54487716680017E+17
11140	9.42903156185173E+17
11150	9.30137517024089E+17
11160	9.16117866718191E+17
11170	9.00832253178749E+17
11180	8.84361184269915E+17
11190	8.66841112243355E+17
11200	8.4845510096228E+17
11210	8.29422360599886E+17
11220	8.09984996854857E+17
11230	7.90393693379125E+17
11240	7.7089399733044E+17
11250	7.5171455653057E+17
11260	7.33058178350637E+17
11270	7.1509606925725E+17
11280	6.97965169047077E+17
11290	6.81768172958452E+17
11300	6.66575654445476E+17
11310	6.52429646743239E+17
11320	6.39348080682451E+17
11330	6.27329573225714E+17
11340	6.16358183584877E+17
11350	6.06407877438019E+17
11360	5.97446549626727E+17
11370	5.8943954451151E+17
11380	5.82352679324505E+17
11390	5.7615482134805E+17
11400	5.70820098269492E+17
11410	5.6632983677024E+17
11420	5.62674331074097E+17
11430	5.59854543706483E+17
11440	5.57883836818531E+17
11450	5.56789824353387E+17
11460	5.56616421429478E+17
11470	5.57426143312668E+17
11480	5.59302664077703E+17
11490	5.62353570378947E+17
11500	5.66713115338006E+17
11510	5.72544554303616E+17
11520	5.80040131316722E+17
11530	5.89372572879546E+17
11540	6.00660519704909E+17
11550	6.14000812140664E+17
11560	6.29446532537184E+17
11570	6.46972618327907E+17
11580	6.66433127872514E+17
11590	6.87513194681368E+17
11600	7.09683607327258E+17
11610	7.32172844863673E+17
11620	7.53978745561566E+17
11630	7.73945474470261E+17
11640	7.9092341281472E+17
11650	8.04001540002533E+17
11660	8.12753186841085E+17
11670	8.17387491480828E+17
11680	8.18697279639741E+17
11690	8.17782099632187E+17
11700	8.15674280861806E+17
11710	8.13078696356947E+17
11720	8.10343312584008E+17
11730	8.07588072094373E+17
11740	8.04840349802373E+17
11750	8.02103977243414E+17
11760	7.99379210614235E+17
11770	7.9666600403178E+17
11780	7.93964298946515E+17
11790	7.91274036903054E+17
11800	7.88595159790387E+17
11810	7.85927609841495E+17
11820	7.83271329631033E+17
11830	7.80626262073017E+17
11840	7.7799235041854E+17
11850	7.75369538253493E+17
11860	7.72757769496317E+17
11870	7.70156988395759E+17
11880	7.6756713952865E+17
11890	7.64988167797703E+17
11900	7.62420018429326E+17
11910	7.59862636971446E+17
11920	7.5731596929136E+17
11930	7.5477996157359E+17
11940	7.52254560317763E+17
11950	7.49739712336504E+17
11960	7.47235364753346E+17
11970	7.44741465000653E+17
11980	7.42257960817561E+17
11990	7.39784800247934E+17
12000	7.37321931638334E+17
12010	7.34869303636008E+17
12020	7.3242686518689E+17
12030	7.29994565533614E+17
12040	7.27572354213551E+17
12050	7.25160181056849E+17
12060	7.22757996184495E+17
12070	7.20365750006389E+17
12080	7.17983393219437E+17
12090	7.1561087680565E+17
12100	7.13248152030262E+17
12110	7.10895170439863E+17
12120	7.08551883860542E+17
12130	7.06218244396047E+17
12140	7.03894204425959E+17
12150	7.01579716603877E+17
12160	6.99274733855614E+17
12170	6.96979209377416E+17
12180	6.94693096634184E+17
12190	6.92416349357713E+17
12200	6.90148921544947E+17
12210	6.87890767456239E+17
12220	6.85641841613634E+17
12230	6.83402098799155E+17
12240	6.81171494053109E+17
12250	6.78949982672401E+17
12260	6.7673752020886E+17
12270	6.74534062467582E+17
12280	6.72339565505282E+17
12290	6.70153985628653E+17
12300	6.67977279392749E+17
12310	6.65809403599369E+17
12320	6.63650315295457E+17
12330	6.61499971771516E+17
12340	6.59358330560025E+17
12350	6.5722534943388E+17
12360	6.55100986404837E+17
12370	6.52985199721968E+17
12380	6.50877947870132E+17
12390	6.48779189568451E+17
12400	6.46688883768805E+17
12410	6.44606989654327E+17
12420	6.42533466637924E+17
12430	6.40468274360789E+17
12440	6.38411372690946E+17
12450	6.36362721721785E+17
12460	6.34322281770623E+17
12470	6.32290013377264E+17
12480	6.30265877302581E+17
12490	6.28249834527094E+17
12500	6.26241846249574E+17
12510	6.24241873885641E+17
12520	6.22249879066387E+17
12530	6.20265823636996E+17
12540	6.18289669655385E+17
12550	6.16321379390848E+17
12560	6.14360915322706E+17
12570	6.12408240138982E+17
12580	6.10463316735065E+17
12590	6.08526108212403E+17
12600	6.06596577877188E+17
12610	6.04674689239065E+17
12620	6.02760406009842E+17
12630	6.00853692102207E+17
12640	5.98954511628465E+17
12650	5.97062828899272E+17
12660	5.95178608422385E+17
12670	5.93301814901417E+17
12680	5.91432413234608E+17
12690	5.89570368513592E+17
12700	5.87715646022187E+17
12710	5.85868211235182E+17
12720	5.84028029817141E+17
12730	5.82195067621208E+17
12740	5.80369290687928E+17
12750	5.78550665244068E+17
12760	5.76739157701458E+17
12770	5.74934734655825E+17
12780	5.73137362885646E+17
12790	5.71347009351012E+17
12800	5.69563641192484E+17
12810	5.67787225729976E+17
12820	5.66017730461632E+17
12830	5.64255123062717E+17
12840	5.62499371384518E+17
12850	5.60750443453243E+17
12860	5.59008307468942E+17
12870	5.57272931804421E+17
12880	5.55544285004173E+17
12890	5.53822335783314E+17
12900	5.52107053026525E+17
12910	5.50398405787003E+17
12920	5.48696363285419E+17
12930	5.47000894908885E+17
12940	5.4531197020992E+17
12950	5.43629558905436E+17
12960	5.41953630875721E+17
12970	5.40284156163434E+17
12980	5.38621104972602E+17
12990	5.36964447667634E+17
13000	5.35314154772329E+17
13010	5.33670196968898E+17
13020	5.32032545096996E+17
13030	5.30401170152749E+17
13040	5.28776043287805E+17
13050	5.27157135808371E+17
13060	5.25544419174278E+17
13070	5.23937864998031E+17
13080	5.22337445043885E+17
13090	5.20743131226914E+17
13100	5.19154895612094E+17
13110	5.17572710413385E+17
13120	5.15996547992827E+17
13130	5.1442638085964E+17
13140	5.12862181669326E+17
13150	5.11303923222778E+17
13160	5.09751578465405E+17
13170	5.08205120486247E+17
13180	5.06664522517109E+17
13190	5.05129757931695E+17
13200	5.03600800244747E+17
13210	5.02077623111195E+17
13220	5.00560200325307E+17
13230	4.99048505819849E+17
13240	4.97542513665249E+17
13250	4.96042198068766E+17
13260	4.94547533373666E+17
13270	4.93058494058401E+17
13280	4.915750547358E+17
13290	4.90097190152256E+17
13300	4.88624875186928E+17
13310	4.8715808485094E+17
13320	4.85696794286593E+17
13330	4.84240978766574E+17
13340	4.82790613693179E+17
13350	4.81345674597535E+17
13360	4.79906137138834E+17
13370	4.78471977103558E+17
13380	4.7704317040473E+17
13390	4.75619693081149E+17
13400	4.74201521296647E+17
13410	4.7278863133934E+17
13420	4.71380999620891E+17
13430	4.69978602675771E+17
13440	4.68581417160532E+17
13450	4.67189419853081E+17
13460	4.65802587651957E+17
13470	4.64420897575621E+17
13480	4.63044326761738E+17
13490	4.61672852466476E+17
13500	4.60306452063804E+17
13510	4.58945103044792E+17
13520	4.57588783016922E+17
13530	4.56237469703401E+17
13540	4.54891140942474E+17
13550	4.53549774686749E+17
13560	4.52213349002523E+17
13570	4.50881842069111E+17
13580	4.4955523217818E+17
13590	4.48233497733092E+17
13600	4.46916617248245E+17
13610	4.45604569348421E+17
13620	4.4429733276814E+17
13630	4.42994886351014E+17
13640	4.41697209049112E+17
13650	4.40404279922319E+17
13660	4.39116078137713E+17
13670	4.3783258296893E+17
13680	4.36553773795549E+17
13690	4.35279630102467E+17
13700	4.34010131479292E+17
13710	4.32745257619724E+17
13720	4.31484988320957E+17
13730	4.30229303483072E+17
13740	4.28978183108439E+17
13750	4.27731607301123E+17
13760	4.26489556266293E+17
13770	4.25252010309638E+17
13780	4.24018949836779E+17
13790	4.22790355352694E+17
13800	4.21566207461142E+17
13810	4.20346486864089E+17
13820	4.19131174361144E+17
13830	4.1792025084899E+17
13840	4.16713697320828E+17
13850	4.15511494865818E+17
13860	4.14313624668525E+17
13870	4.13120068008372E+17
13880	4.11930806259091E+17
13890	4.10745820888181E+17
13900	4.09565093456369E+17
13910	4.08388605617078E+17
13920	4.07216339115888E+17
13930	4.06048275790012E+17
13940	4.04884397567772E+17
13950	4.03724686468073E+17
13960	4.02569124599884E+17
13970	4.01417694161729E+17
13980	4.00270377441168E+17
13990	3.99127156814294E+17
14000	3.97988014745223E+17
14010	3.96852933785596E+17
14020	3.95721896574075E+17
14030	3.94594885835855E+17
14040	3.93471884382163E+17
14050	3.92352875109774E+17
14060	3.91237841000525E+17
14070	3.90126765120827E+17
14080	3.8901963062119E+17
14090	3.87916420735745E+17
14100	3.86817118781767E+17
14110	3.8572170815921E+17
14120	3.84630172350231E+17
14130	3.83542494918733E+17
14140	3.82458659509897E+17
14150	3.81378649849727E+17
14160	3.80302449744593E+17
14170	3.79230043080774E+17
14180	3.78161413824015E+17
14190	3.77096546019073E+17
14200	3.76035423789272E+17
14210	3.7497803133607E+17
14220	3.73924352938606E+17
14230	3.72874372953277E+17
14240	3.71828075813297E+17
14250	3.70785446028268E+17
14260	3.6974646818375E+17
14270	3.6871112694084E+17
14280	3.67679407035747E+17
14290	3.66651293279369E+17
14300	3.6562677055688E+17
14310	3.64605823827312E+17
14320	3.63588438123144E+17
14330	3.62574598549892E+17
14340	3.61564290285697E+17
14350	3.60557498580918E+17
14360	3.59554208757724E+17
14370	3.58554406209673E+17
14380	3.5755807640129E+17
14390	3.56565204867614E+17
14400	3.55575777213711E+17
14410	3.54589779114106E+17
14420	3.53607196312106E+17
14430	3.52628014618919E+17
14440	3.51652219912465E+17
14450	3.50679798135695E+17
14460	3.49710735294169E+17
14470	3.48745017452507E+17
14480	3.47782630729197E+17
14490	3.46823561289026E+17
14500	3.45867795332122E+17
14510	3.44915319078271E+17
14520	3.43966118744736E+17
14530	3.43020180515287E+17
14540	3.42077490497505E+17
14550	3.41138034664698E+17
14560	3.40201798777904E+17
14570	3.39268768282475E+17
14580	3.38338928172668E+17
14590	3.37412262816538E+17
14600	3.36488755732166E+17
14610	3.35568389305067E+17
14620	3.34651144435384E+17
14630	3.33737000102349E+17
14640	3.328259328325E+17
14650	3.3191791605735E+17
14660	3.31012919345707E+17
14670	3.30110907495691E+17
14680	3.29211839471748E+17
14690	3.28315667172771E+17
14700	3.27422334018702E+17
14710	3.26531773344944E+17
14720	3.25643906596421E+17
14730	3.24758641316309E+17
14740	3.23875868928253E+17
14750	3.22995462315275E+17
14760	3.22117273203503E+17
14770	3.21241129364225E+17
14780	3.20366831653502E+17
14790	3.19494150914535E+17
14800	3.18622824774026E+17
14810	3.17752554369752E+17
14820	3.16883001052307E+17
14830	3.16013783109343E+17
14840	3.15144472565396E+17
14850	3.1427459211445E+17
14860	3.1340361224558E+17
14870	3.12530948624155E+17
14880	3.11655960178382E+17
14890	3.10777956873055E+17
14900	3.09896205573645E+17
14910	3.09009926920032E+17
14920	3.08118298501301E+17
14930	3.07220459332312E+17
14940	3.06315515324125E+17
14950	3.05402545708915E+17
14960	3.0448061035434E+17
14970	3.03548757877708E+17
14980	3.0260603444771E+17
14990	3.01651493141647E+17
15000	3.0068420370979E+17
15010	2.99703262586187E+17
15020	2.98707802977377E+17
15030	2.97697004857171E+17
15040	2.96670104697014E+17
15050	2.95626404767197E+17
15060	2.94565281854179E+17
15070	2.93486195252842E+17
15080	2.92388693909328E+17
15090	2.91272422609315E+17
15100	2.9013712712771E+17
15110	2.8898265827791E+17
15120	2.87808974821435E+17
15130	2.86616145221133E+17
15140	2.85404348242793E+17
15150	2.84173872430239E+17
15160	2.82925114497549E+17
15170	2.8165857669843E+17
15180	2.80374863246848E+17
15190	2.79074675874622E+17
15200	2.77758808620651E+17
15210	2.76428141952925E+17
15220	2.75083636328426E+17
15230	2.73726325297697E+17
15240	2.72357308260329E+17
15250	2.70977742975236E+17
15260	2.69588837925486E+17
15270	2.68191844631949E+17
15280	2.66788050003441E+17
15290	2.65378768803454E+17
15300	2.6396533630547E+17
15310	2.62549101200299E+17
15320	2.6113141881012E+17
15330	2.59713644655246E+17
15340	2.58297128411017E+17
15350	2.56883208284029E+17
15360	2.55473205829092E+17
15370	2.54068421220978E+17
15380	2.52670128988342E+17
15390	2.51279574211088E+17
15400	2.49897969176991E+17
15410	2.48526490488641E+17
15420	2.47166276607612E+17
15430	2.45818425819288E+17
15440	2.44483994598893E+17
15450	2.43163996356953E+17
15460	2.41859400540653E+17
15470	2.40571132066275E+17
15480	2.3930007105704E+17
15490	2.38047052860248E+17
15500	2.36812868317492E+17
15510	2.35598264261932E+17
15520	2.34403944217052E+17
15530	2.33230390619859E+17
15540	2.32076865489108E+17
15550	2.30942108278112E+17
15560	2.29824816500742E+17
15570	2.28723654599801E+17
15580	2.27637260604922E+17
15590	2.26564252000185E+17
15600	2.25503230883512E+17
15610	2.24452788494699E+17
15620	2.23411509183846E+17
15630	2.22377973887032E+17
15640	2.21350763171441E+17
15650	2.20328459907931E+17
15660	2.19309651625198E+17
15670	2.18292932596314E+17
15680	2.17276905705432E+17
15690	2.16260184139979E+17
15700	2.1524139295147E+17
15710	2.14219170526344E+17
15720	2.13192170006788E+17
15730	2.12159060700322E+17
15740	2.11118529516005E+17
15750	2.10069282464307E+17
15760	2.0901004625704E+17
15770	2.07939570043042E+17
15780	2.06856627314611E+17
15790	2.05760018018853E+17
15800	2.04648570907022E+17
15810	2.03521146153583E+17
15820	2.02376638274974E+17
15830	2.01213979375783E+17
15840	2.00032142747235E+17
15850	1.98830146839358E+17
15860	1.97607059623941E+17
15870	1.96362003360234E+17
15880	1.95094159769322E+17
15890	1.93802775616011E+17
15900	1.92487168689023E+17
15910	1.91146734161165E+17
15920	1.89780951300969E+17
15930	1.88389390496152E+17
15940	1.86971720537205E+17
15950	1.85527716096573E+17
15960	1.84057265325486E+17
15970	1.8256037747674E+17
15980	1.8103719044788E+17
15990	1.79487978125747E+17
16000	1.77913157400468E+17
16010	1.76313294705334E+17
16020	1.74689111928919E+17
16030	1.73041491537976E+17
16040	1.71371480744414E+17
16050	1.69680294547766E+17
16060	1.67969317486275E+17
16070	1.6624010393567E+17
16080	1.64494376805013E+17
16090	1.62734024493901E+17
16100	1.6096109599453E+17
16110	1.59177794044908E+17
16120	1.57386466264158E+17
16130	1.55589594223853E+17
16140	1.53789780424333E+17
16150	1.5198973314036E+17
16160	1.50192249056765E+17
16170	1.48400193499999E+17
16180	1.46616477837424E+17
16190	1.44844033194181E+17
16200	1.43085778940562E+17
16210	1.41344583335492E+17
16220	1.39623212197116E+17
16230	1.37924270556356E+17
16240	1.36251032730126E+17
16250	1.3460779264129E+17
16260	1.32997969978136E+17
16270	1.31423734928021E+17
16280	1.2988578970906E+17
16290	1.28383132028374E+17
16300	1.26912822550436E+17
16310	1.2546978895917E+17
16320	1.24046706644841E+17
16330	1.2263399767793E+17
16340	1.21219983658313E+17
16350	1.19791213971319E+17
16360	1.18332970595888E+17
16370	1.16829927228887E+17
16380	1.15266918363293E+17
16390	1.13629757209164E+17
16400	1.11906032984238E+17
16410	1.10085819380635E+17
16420	1.08162236289809E+17
16430	1.06131823922347E+17
16440	1.0399470914861E+17
16450	1.01754564884855E+17
16460	9.9418381795451E+16
16470	9.69960854958813E+16
16480	9.45000408801678E+16
16490	9.19444881763814E+16
16500	8.93449536001571E+16
16510	8.67176722093864E+16
16520	8.40790530955312E+16
16530	8.14452086358071E+16
16540	7.88315612129899E+16
16550	7.62525333331761E+16
16560	7.37213208885589E+16
16570	7.12497446151144E+16
16580	6.8848171576155E+16
16590	6.65254966172004E+16
16600	6.42891729634248E+16
16610	6.21452812155727E+16
16620	6.00986266962837E+16
16630	5.81528561850383E+16
16640	5.63105863734738E+16
16650	5.45735377318688E+16
16660	5.29426688001259E+16
16670	5.14183071350278E+16
16680	5.00002742207651E+16
16690	4.86880025640443E+16
16700	4.74806439465975E+16
16710	4.63771684048889E+16
16720	4.53764539638492E+16
16730	4.44773674860542E+16
16740	4.36788372280161E+16
16750	4.29799178384566E+16
16760	4.23798486047479E+16
16770	4.18781057659065E+16
16780	4.14744496732296E+16
16790	4.11689674996686E+16
16800	4.09621120797366E+16
16810	4.08547373035123E+16
16820	4.0848130288113E+16
16830	4.0944040301516E+16
16840	4.11447041069145E+16
16850	4.14528670173526E+16
16860	4.18717984828763E+16
16870	4.24053004549212E+16
16880	4.30577060610581E+16
16890	4.38338652516102E+16
16900	4.47391130228993E+16
16910	4.57792145602456E+16
16920	4.69602801713046E+16
16930	4.82886412176359E+16
16940	4.97706764680858E+16
16950	5.14125765395128E+16
16960	5.32200326319305E+16
16970	5.51978350696451E+16
16980	5.73493679657462E+16
16990	5.96759897511929E+16
17000	6.21762969533833E+16
17010	6.4844203256471E+16
17020	6.76649670199441E+16
17030	7.06176669250629E+16
17040	7.36758369666267E+16
17050	7.6807499595854E+16
17060	7.99757878541463E+16
17070	8.31403531707156E+16
17080	8.62597250049738E+16
17090	8.92946967694723E+16
17100	9.22126402184492E+16
17110	9.49923931906266E+16
17120	9.76290505506979E+16
17130	1.00137691691984E+17
17140	1.02554929911514E+17
17150	1.04937325425446E+17
17160	1.07356272131341E+17
17170	1.0988989538311E+17
17180	1.12613484703035E+17
17190	1.15590535354343E+17
17200	1.1886615448298E+17
17210	1.22463412463394E+17
17220	1.26381817442074E+17
17230	1.30596369815699E+17
17240	1.35056092677032E+17
17250	1.39682172746999E+17
17260	1.44367057073912E+17
17270	1.48976472103286E+17
17280	1.53356295313304E+17
17290	1.57345567685551E+17
17300	1.60795567501121E+17
17310	1.63592666288935E+17
17320	1.65680004213283E+17
17330	1.67070972743481E+17
17340	1.67847812127353E+17
17350	1.68142714840645E+17
17360	1.6810609118636E+17
17370	1.67873477526956E+17
17380	1.6754381763974E+17
17390	1.67175328058893E+17
17400	1.66795103738099E+17
17410	1.66412844826613E+17
17420	1.66031127940587E+17
17430	1.65650437498761E+17
17440	1.65270832214102E+17
17450	1.64892313436025E+17
17460	1.64514877680202E+17
17470	1.64138521236762E+17
17480	1.63763240404235E+17
17490	1.63389031495868E+17
17500	1.63015890839643E+17
17510	1.62643814778208E+17
17520	1.6227279966881E+17
17530	1.61902841883232E+17
17540	1.61533937807723E+17
17550	1.61166083842934E+17
17560	1.60799276403852E+17
17570	1.60433511919733E+17
17580	1.60068786834043E+17
17590	1.59705097604384E+17
17600	1.59342440702439E+17
17610	1.58980812613903E+17
17620	1.58620209838421E+17
17630	1.58260628889522E+17
17640	1.57902066294562E+17
17650	1.57544518594655E+17
17660	1.57187982344615E+17
17670	1.56832454112892E+17
17680	1.56477930481511E+17
17690	1.56124408046012E+17
17700	1.55771883415385E+17
17710	1.55420353212014E+17
17720	1.55069814071612E+17
17730	1.54720262643167E+17
17740	1.54371695588875E+17
17750	1.54024109584086E+17
17760	1.53677501317242E+17
17770	1.5333186748982E+17
17780	1.52987204816271E+17
17790	1.52643510023964E+17
17800	1.52300779853127E+17
17810	1.51959011056788E+17
17820	1.51618200400721E+17
17830	1.51278344663386E+17
17840	1.50939440635872E+17
17850	1.50601485121842E+17
17860	1.50264474937477E+17
17870	1.49928406911419E+17
17880	1.49593277884713E+17
17890	1.49259084710757E+17
17900	1.48925824255243E+17
17910	1.48593493396101E+17
17920	1.4826208902345E+17
17930	1.47931608039536E+17
17940	1.47602047358686E+17
17950	1.47273403907246E+17
17960	1.46945674623536E+17
17970	1.4661885645779E+17
17980	1.46292946372105E+17
17990	1.4596794134039E+17
18000	1.45643838348313E+17
18010	1.45320634393246E+17
18020	1.44998326484216E+17
18030	1.44676911641855E+17
18040	1.44356386898342E+17
18050	1.44036749297358E+17
18060	1.43717995894035E+17
18070	1.434001237549E+17
18080	1.4308312995783E+17
18090	1.42767011591999E+17
18100	1.4245176575783E+17
18110	1.42137389566944E+17
18120	1.41823880142111E+17
18130	1.415112346172E+17
18140	1.41199450137132E+17
18150	1.4088852385783E+17
18160	1.40578452946169E+17
18170	1.40269234579933E+17
18180	1.39960865947761E+17
18190	1.39653344249103E+17
18200	1.39346666694172E+17
18210	1.39040830503893E+17
18220	1.38735832909864E+17
18230	1.38431671154302E+17
18240	1.38128342489998E+17
18250	1.37825844180273E+17
18260	1.3752417349893E+17
18270	1.37223327730209E+17
18280	1.36923304168741E+17
18290	1.36624100119501E+17
18300	1.36325712897767E+17
18310	1.36028139829071E+17
18320	1.35731378249155E+17
18330	1.35435425503928E+17
18340	1.35140278949421E+17
18350	1.34845935951742E+17
18360	1.34552393887034E+17
18370	1.34259650141429E+17
18380	1.33967702111007E+17
18390	1.3367654720175E+17
18400	1.33386182829502E+17
18410	1.33096606419923E+17
18420	1.32807815408451E+17
18430	1.32519807240253E+17
18440	1.32232579370188E+17
18450	1.31946129262765E+17
18460	1.31660454392099E+17
18470	1.31375552241867E+17
18480	1.31091420305276E+17
18490	1.30808056085009E+17
18500	1.30525457093195E+17
18510	1.30243620851363E+17
18520	1.29962544890401E+17
18530	1.29682226750518E+17
18540	1.29402663981202E+17
18550	1.29123854141182E+17
18560	1.28845794798386E+17
18570	1.28568483529903E+17
18580	1.28291917921941E+17
18590	1.28016095569791E+17
18600	1.27741014077789E+17
18610	1.2746667105927E+17
18620	1.27193064136539E+17
18630	1.26920190940824E+17
18640	1.26648049112245E+17
18650	1.26376636299768E+17
18660	1.26105950161175E+17
18670	1.25835988363021E+17
18680	1.25566748580599E+17
18690	1.25298228497901E+17
18700	1.25030425807582E+17
18710	1.24763338210923E+17
18720	1.24496963417794E+17
18730	1.24231299146615E+17
18740	1.23966343124323E+17
18750	1.23702093086336E+17
18760	1.23438546776512E+17
18770	1.23175701947118E+17
18780	1.22913556358792E+17
18790	1.2265210778051E+17
18800	1.22391353989544E+17
18810	1.22131292771434E+17
18820	1.21871921919951E+17
18830	1.21613239237058E+17
18840	1.2135524253288E+17
18850	1.21097929625669E+17
18860	1.20841298341765E+17
18870	1.20585346515568E+17
18880	1.203300719895E+17
18890	1.20075472613971E+17
18900	1.19821546247346E+17
18910	1.19568290755913E+17
18920	1.19315704013847E+17
18930	1.19063783903179E+17
18940	1.18812528313759E+17
18950	1.18561935143227E+17
18960	1.18312002296981E+17
18970	1.18062727688138E+17
18980	1.17814109237507E+17
18990	1.17566144873557E+17
19000	1.17318832532382E+17
19010	1.17072170157667E+17
19020	1.16826155700663E+17
19030	1.1658078712015E+17
19040	1.16336062382404E+17
19050	1.16091979461173E+17
19060	1.15848536337636E+17
19070	1.15605731000379E+17
19080	1.15363561445361E+17
19090	1.15122025675885E+17
19100	1.14881121702564E+17
19110	1.14640847543294E+17
19120	1.14401201223221E+17
19130	1.14162180774712E+17
19140	1.13923784237325E+17
19150	1.13686009657777E+17
19160	1.13448855089918E+17
19170	1.13212318594696E+17
19180	1.12976398240132E+17
19190	1.1274109210129E+17
19200	1.12506398260244E+17
19210	1.12272314806053E+17
19220	1.12038839834729E+17
19230	1.11805971449211E+17
19240	1.11573707759334E+17
19250	1.113420468818E+17
19260	1.11110986940152E+17
19270	1.10880526064742E+17
19280	1.10650662392708E+17
19290	1.10421394067939E+17
19300	1.10192719241054E+17
19310	1.0996463606937E+17
19320	1.09737142716874E+17
19330	1.09510237354197E+17
19340	1.09283918158587E+17
19350	1.09058183313881E+17
19360	1.08833031010477E+17
19370	1.08608459445307E+17
19380	1.08384466821811E+17
19390	1.08161051349911E+17
19400	1.07938211245981E+17
19410	1.07715944732824E+17
19420	1.07494250039643E+17
19430	1.07273125402016E+17
19440	1.07052569061871E+17
19450	1.06832579267456E+17
19460	1.06613154273316E+17
19470	1.06394292340267E+17
19480	1.06175991735371E+17
19490	1.05958250731907E+17
19500	1.05741067609349E+17
19510	1.05524440653339E+17
19520	1.05308368155662E+17
19530	1.05092848414221E+17
19540	1.04877879733013E+17
19550	1.046634604221E+17
19560	1.04449588797591E+17
19570	1.04236263181611E+17
19580	1.04023481902279E+17
19590	1.03811243293685E+17
19600	1.03599545695862E+17
19610	1.03388387454766E+17
19620	1.03177766922249E+17
19630	1.02967682456035E+17
19640	1.02758132419698E+17
19650	1.02549115182636E+17
19660	1.02340629120049E+17
19670	1.02132672612915E+17
19680	1.01925244047966E+17
19690	1.01718341817665E+17
19700	1.01511964320182E+17
19710	1.01306109959373E+17
19720	1.01100777144755E+17
19730	1.00895964291482E+17
19740	1.00691669820327E+17
19750	1.00487892157653E+17
19760	1.00284629735394E+17
19770	1.00081880991034E+17
19780	9.98796443675795E+16
19790	9.96779183135419E+16
19800	9.9476701282913E+16
19810	9.92759917351434E+16
19820	9.90757881351207E+16
19830	9.8876088953147E+16
19840	9.86768926649177E+16
19850	9.84781977514995E+16
19860	9.82800026993085E+16
19870	9.80823060000895E+16
19880	9.78851061508936E+16
19890	9.76884016540574E+16
19900	9.74921910171821E+16
19910	9.72964727531113E+16
19920	9.71012453799111E+16
19930	9.69065074208485E+16
19940	9.67122574043708E+16
19950	9.65184938640846E+16
19960	9.63252153387355E+16
19970	9.61324203721872E+16
19980	9.59401075134011E+16
19990	9.57482753164161E+16
20000	9.55569223403281E+16
