2000	91409461097328.9
2010	97752442262012.4
2020	104477643868212
2030	111605053560617
2040	119155521761916
2050	127150786286370
2060	135613648661585
2070	144567907819516
2080	154038191524608
2090	164049999439689
2100	174629412135608
2110	185803337547232
2120	197599620424183
2130	210047383083717
2140	223177175333365
2150	237021273596044
2160	251613313726422
2170	266988124691858
2180	283181207805586
2190	300228561331751
2200	318166789966543
2210	337033382312154
2220	356867498825916
2230	377710748229980
2240	399607562712219
2250	422605013756134
2260	446752179859864
2270	472099263523502
2280	498696370016966
2290	526592749702439
2300	555837404380270
2310	586479800878345
2320	618571617626266
2330	652168727328318
2340	687332460879948
2350	724129700531783
2360	762632135851247
2370	802913444171244
2380	845046745091153
2390	889102382553878
2400	935145871079035
2410	983239047668818
2420	1.03344260463664E+15
2430	1.08581981731359E+15
2440	1.14044217966473E+15
2450	1.19739251244712E+15
2460	1.25676616411004E+15
2470	1.31867074081007E+15
2480	1.38322121725059E+15
2490	1.45053337391748E+15
2500	1.5207171547983E+15
2510	1.59386927820149E+15
2520	1.67007218160289E+15
2530	1.74939450352037E+15
2540	1.83189688798867E+15
2550	1.91764295616941E+15
2560	2.00670755821126E+15
2570	2.09919126061956E+15
2580	2.1952233980894E+15
2590	2.29496440029958E+15
2600	2.39860216048418E+15
2610	2.50633624326061E+15
2620	2.61836589272797E+15
2630	2.73486638691643E+15
2640	2.85598367810736E+15
2650	2.98181639169108E+15
2660	3.11242409556818E+15
2670	3.24783321194746E+15
2680	3.38805960008934E+15
2690	3.53313027725677E+15
2700	3.68311143002383E+15
2710	3.83813386939042E+15
2720	3.99839839029149E+15
2730	4.16419071846095E+15
2740	4.33585279707703E+15
2750	4.51377360281311E+15
2760	4.69833901256992E+15
2770	4.88990463514683E+15
2780	5.08873992221688E+15
2790	5.29502674361828E+15
2800	5.50881258097092E+15
2810	5.7300545223822E+15
2820	5.95861570193111E+15
2830	6.19432843277535E+15
2840	6.43704574296657E+15
2850	6.6866906759201E+15
2860	6.94333305144941E+15
2870	7.20719949282923E+15
2880	7.47872557329481E+15
2890	7.75850789502599E+15
2900	8.04731275521713E+15
2910	8.34596046559146E+15
2920	8.65531185269643E+15
2930	8.97609984600676E+15
2940	9.30892517140392E+15
2950	9.65411321851575E+15
2960	1.00117236903928E+16
2970	1.0381531133078E+16
2980	1.07630284159984E+16
2990	1.11555738550408E+16
3000	1.15583939470035E+16
3010	1.19708083105247E+16
3020	1.23923022602229E+16
3030	1.28226219783089E+16
3040	1.32619981767566E+16
3050	1.37109608810045E+16
3060	1.4170659831258E+16
3070	1.46424992032513E+16
3080	1.51282816353626E+16
3090	1.56299925159383E+16
3100	1.6149506051157E+16
3110	1.66886786658883E+16
3120	1.72488483481544E+16
3130	1.78308684850126E+16
3140	1.8435066310807E+16
3150	1.90608106710525E+16
3160	1.97071019662217E+16
3170	2.0372124850823E+16
3180	2.10536923614678E+16
3190	2.17495543647322E+16
3200	2.24573544508026E+16
3210	2.31751053296293E+16
3220	2.39016664228946E+16
3230	2.46362037783865E+16
3240	2.53794436959306E+16
3250	2.61327811195029E+16
3260	2.689863270215E+16
3270	2.76806330489434E+16
3280	2.84828022743516E+16
3290	2.93096839441396E+16
3300	3.01661810233398E+16
3310	3.10566614239468E+16
3320	3.19848061419434E+16
3330	3.29540368261338E+16
3340	3.39655276461438E+16
3350	3.50196393216966E+16
3360	3.61153544368566E+16
3370	3.72492609048609E+16
3380	3.84172774699872E+16
3390	3.96140241627104E+16
3400	4.08330406524864E+16
3410	4.20676269959146E+16
3420	4.33119728722987E+16
3430	4.45602167234951E+16
3440	4.58078714292608E+16
3450	4.70534056428142E+16
3460	4.82957565793562E+16
3470	4.95369015462836E+16
3480	5.07819569989064E+16
3490	5.20367761898246E+16
3500	5.33098883712826E+16
3510	5.46116915583617E+16
3520	5.59531092275516E+16
3530	5.73449184478495E+16
3540	5.87982470249785E+16
3550	6.03239563136794E+16
3560	6.1929040124495E+16
3570	6.36196162909662E+16
3580	6.54006019951894E+16
3590	6.72706920563713E+16
3600	6.92267283553672E+16
3610	7.12639192728182E+16
3620	7.33718376824069E+16
3630	7.55377445372368E+16
3640	7.77476233551137E+16
3650	7.99858083145949E+16
3660	8.22352302253426E+16
3670	8.44783691242418E+16
3680	8.67018231515553E+16
3690	8.88935766851021E+16
3700	9.10419011197889E+16
3710	9.31430725810312E+16
3720	9.51986399433874E+16
3730	9.72109021265158E+16
3740	9.91891785422598E+16
3750	1.01150496606488E+17
3760	1.03113150255797E+17
3770	1.05098031940258E+17
3780	1.07130715191074E+17
3790	1.09238403471246E+17
3800	1.1144858421763E+17
3810	1.1378457384671E+17
3820	1.16269013628494E+17
3830	1.18925487570281E+17
3840	1.21769179420523E+17
3850	1.24806340419176E+17
3860	1.28043325689245E+17
3870	1.31482762588384E+17
3880	1.3511284787256E+17
3890	1.38917572718512E+17
3900	1.428791152416E+17
3910	1.46972297313868E+17
3920	1.5116452266397E+17
3930	1.55420121811608E+17
3940	1.59701295039629E+17
3950	1.63971056208343E+17
3960	1.68190943900628E+17
3970	1.72320412751652E+17
3980	1.76325381182241E+17
3990	1.80183759272762E+17
4000	1.83874422735012E+17
4010	1.87377707291588E+17
4020	1.90693157731768E+17
4030	1.93835015416013E+17
4040	1.9681922185461E+17
4050	1.99666115186971E+17
4060	2.02417310822608E+17
4070	2.05123626495982E+17
4080	2.07837195683629E+17
4090	2.10612412744921E+17
4100	2.13509189371171E+17
4110	2.16590076620308E+17
4120	2.19919594598712E+17
4130	2.23557844652818E+17
4140	2.27545777016223E+17
4150	2.31922568819026E+17
4160	2.36730268191272E+17
4170	2.42002663677562E+17
4180	2.47739515370864E+17
4190	2.53934003842022E+17
4200	2.60579346521174E+17
4210	2.6766203232906E+17
4220	2.75141378984639E+17
4230	2.82966397016482E+17
4240	2.91081235485544E+17
4250	2.99424403453293E+17
4260	3.07926878720725E+17
4270	3.16512826859623E+17
4280	3.25100234171224E+17
4290	3.33601939718197E+17
4300	3.41938109054294E+17
4310	3.50034792749016E+17
4320	3.57815437600662E+17
4330	3.65201495481053E+17
4340	3.72128856061331E+17
4350	3.78562456322113E+17
4360	3.84472147159191E+17
4370	3.89829977973658E+17
4380	3.9461814344082E+17
4390	3.98869021222018E+17
4400	4.02636087844874E+17
4410	4.05975413350695E+17
4420	4.08945394803394E+17
4430	4.11632780723329E+17
4440	4.14164731476706E+17
4450	4.16671393812698E+17
4460	4.1928243562062E+17
4470	4.22127226135578E+17
4480	4.25335635848111E+17
4490	4.29038845147859E+17
4500	4.33370461251951E+17
4510	4.38468118296447E+17
4520	4.44454090235538E+17
4530	4.51385216547504E+17
4540	4.59309256179861E+17
4550	4.68280457151686E+17
4560	4.78359714008673E+17
4570	4.89573949945261E+17
4580	5.01874952078596E+17
4590	5.15204021898752E+17
4600	5.29498764533399E+17
4610	5.44691218931586E+17
4620	5.60692714199965E+17
4630	5.77384619988101E+17
4640	5.94634326323476E+17
4650	6.12295685649471E+17
4660	6.30208645424276E+17
4670	6.48216531999881E+17
4680	6.66176821232477E+17
4690	6.83939071696156E+17
4700	7.01343603523817E+17
4710	7.18222653051276E+17
4720	7.34420026164741E+17
4730	7.49813280116487E+17
4740	7.64283960819039E+17
4750	7.77714398926898E+17
4760	7.89988966929648E+17
4770	8.0100648269692E+17
4780	8.10714871308293E+17
4790	8.19079717896988E+17
4800	8.26073686026564E+17
4810	8.3167658740403E+17
4820	8.35881738820683E+17
4830	8.38766224085181E+17
4840	8.40463226959968E+17
4850	8.41109499739983E+17
4860	8.40842635187676E+17
4870	8.39799740224775E+17
4880	8.38164688525596E+17
4890	8.36228945049036E+17
4900	8.34290154057604E+17
4910	8.32635647944007E+17
4920	8.3154333311561E+17
4930	8.31282971405949E+17
4940	8.32111188983445E+17
4950	8.34276721272015E+17
4960	8.38030529171384E+17
4970	8.43630250277352E+17
4980	8.51345144123397E+17
4990	8.61427046437995E+17
5000	8.7393859449193E+17
5010	8.88881382090867E+17
5020	9.06271948161302E+17
5030	9.26140486906496E+17
5040	9.48529619308834E+17
5050	9.73453766704631E+17
5060	1.00077461912324E+18
5070	1.03030464812485E+18
5080	1.06183916204074E+18
5090	1.09515155130395E+18
5100	1.12998919605807E+18
5110	1.16608293412607E+18
5120	1.20318515022999E+18
5130	1.241034633054E+18
5140	1.27934385930843E+18
5150	1.31779886531435E+18
5160	1.35605985548706E+18
5170	1.39377949307134E+18
5180	1.43069516439304E+18
5190	1.46657431183641E+18
5200	1.50117854676848E+18
5210	1.5342655428975E+18
5220	1.56559119049898E+18
5230	1.5949150437685E+18
5240	1.62205441781747E+18
5250	1.64688056546171E+18
5260	1.66927645150906E+18
5270	1.68913616148269E+18
5280	1.70636563712262E+18
5290	1.72088332256753E+18
5300	1.73263071721874E+18
5310	1.74159125646562E+18
5320	1.74776667690466E+18
5330	1.75117154177307E+18
5340	1.75183272734885E+18
5350	1.74978884277748E+18
5360	1.74509285883028E+18
5370	1.73788109041398E+18
5380	1.72836736252154E+18
5390	1.71676912418812E+18
5400	1.70330211231125E+18
5410	1.68817847202891E+18
5420	1.67160516563591E+18
5430	1.65381191816547E+18
5440	1.6352909971381E+18
5450	1.6166522043791E+18
5460	1.59846657189868E+18
5470	1.58126681394485E+18
5480	1.5655511726752E+18
5490	1.55178876051769E+18
5500	1.54042575935315E+18
5510	1.5318902135044E+18
5520	1.52660222830898E+18
5530	1.52498431085741E+18
5540	1.52747093187086E+18
5550	1.53451912108658E+18
5560	1.54662024207976E+18
5570	1.56427639338907E+18
5580	1.58757494670005E+18
5590	1.61632167871372E+18
5600	1.65034621885334E+18
5610	1.68949794923592E+18
5620	1.73363626963972E+18
5630	1.78262153935738E+18
5640	1.83630548895502E+18
5650	1.89445004576042E+18
5660	1.95666749950291E+18
5670	2.02251424883051E+18
5680	2.09149331687563E+18
5690	2.16304811080306E+18
5700	2.23655809857719E+18
5710	2.31133661464085E+18
5720	2.38666725549415E+18
5730	2.46204384456994E+18
5740	2.53704884677093E+18
5750	2.611244514935E+18
5760	2.68417560170409E+18
5770	2.75537305921534E+18
5780	2.82435814252059E+18
5790	2.89064685953443E+18
5800	2.95380706484477E+18
5810	3.01357705837221E+18
5820	3.06974218863912E+18
5830	3.12210509189243E+18
5840	3.17048654945523E+18
5850	3.21472612696746E+18
5860	3.25468260084401E+18
5870	3.29023422889694E+18
5880	3.32129831755525E+18
5890	3.34786097472406E+18
5900	3.36993419822591E+18
5910	3.38754690861335E+18
5920	3.4007437082714E+18
5930	3.40958362744011E+18
5940	3.41413887524653E+18
5950	3.41449361127044E+18
5960	3.41074963615557E+18
5970	3.40304505136505E+18
5980	3.391531628037E+18
5990	3.37636665152608E+18
6000	3.35771170588055E+18
6010	3.33573156238532E+18
6020	3.31059316944082E+18
6030	3.2824647398434E+18
6040	3.25151226299801E+18
6050	3.21786587105405E+18
6060	3.18163217867199E+18
6070	3.14292061701801E+18
6080	3.10184373912908E+18
6090	3.05851693834072E+18
6100	3.01305817241494E+18
6110	2.96558769064938E+18
6120	2.91622776145346E+18
6130	2.86523501789388E+18
6140	2.81336738326049E+18
6150	2.76144732436022E+18
6160	2.71022776152612E+18
6170	2.66039529025281E+18
6180	2.61257507270608E+18
6190	2.5673370882584E+18
6200	2.52520348492417E+18
6210	2.48665693860281E+18
6220	2.45221273025756E+18
6230	2.42252871674488E+18
6240	2.39826647904149E+18
6250	2.38007523825346E+18
6260	2.36860620955492E+18
6270	2.36452825850525E+18
6280	2.368544856232E+18
6290	2.38141234128007E+18
6300	2.40395948565996E+18
6310	2.43682489532112E+18
6320	2.47962031537136E+18
6330	2.53173210541934E+18
6340	2.59256371477192E+18
6350	2.66150739744923E+18
6360	2.73791871976769E+18
6370	2.82109401667671E+18
6380	2.9102511960816E+18
6390	3.00451447829188E+18
6400	3.10291720547385E+18
6410	3.20459231957405E+18
6420	3.30875891343212E+18
6430	3.4145885448723E+18
6440	3.52120875849626E+18
6450	3.62771310826041E+18
6460	3.73317350489414E+18
6470	3.8366543181058E+18
6480	3.93722751714074E+18
6490	4.03398802843588E+18
6500	4.12614192850725E+18
6510	4.21332300032656E+18
6520	4.29533196691498E+18
6530	4.37201178459704E+18
6540	4.44324654677664E+18
6550	4.50895977525169E+18
6560	4.56911213223092E+18
6570	4.62369865913417E+18
6580	4.67274565308683E+18
6590	4.71630729193148E+18
6600	4.75447178739519E+18
6610	4.78739436676028E+18
6620	4.81525680579215E+18
6630	4.83824870141299E+18
6640	4.85656468175955E+18
6650	4.87040196883776E+18
6660	4.87995827984315E+18
6670	4.885430050554E+18
6680	4.88701095883493E+18
6690	4.88489072271988E+18
6700	4.87925398787918E+18
6710	4.87027756857054E+18
6720	4.85813030845014E+18
6730	4.84297425011282E+18
6740	4.82496460648515E+18
6750	4.80424980173641E+18
6760	4.78097159177175E+18
6770	4.75526524600113E+18
6780	4.72725977464894E+18
6790	4.69707818825996E+18
6800	4.66483777824097E+18
6810	4.6306537894681E+18
6820	4.59464928491563E+18
6830	4.55694467964567E+18
6840	4.51765457494511E+18
6850	4.4768879734739E+18
6860	4.43474849183385E+18
6870	4.39133456880852E+18
6880	4.34673966840067E+18
6890	4.301052477489E+18
6900	4.25435709845556E+18
6910	4.20673323675454E+18
6920	4.15823979589564E+18
6930	4.10887454545184E+18
6940	4.05862422507564E+18
6950	4.00747855502334E+18
6960	3.95543045470727E+18
6970	3.90247625507574E+18
6980	3.84861590235013E+18
6990	3.79385315038669E+18
7000	3.73819573868988E+18
7010	3.68165555289461E+18
7020	3.62424876437308E+18
7030	3.5660117886861E+18
7040	3.50713812204471E+18
7050	3.44789453747261E+18
7060	3.38852667052593E+18
7070	3.32925836303418E+18
7080	3.27029248100013E+18
7090	3.21181204355777E+18
7100	3.1539816090542E+18
7110	3.09694886307632E+18
7120	3.04084635469337E+18
7130	2.98579333106805E+18
7140	2.93189762648365E+18
7150	2.879399187063E+18
7160	2.82907995698734E+18
7170	2.7818301395018E+18
7180	2.73851143485815E+18
7190	2.69996066149067E+18
7200	2.66699441114037E+18
7210	2.64041507125752E+18
7220	2.62101833930952E+18
7230	2.60960211816355E+18
7240	2.60697642325593E+18
7250	2.61397364294285E+18
7260	2.6314581525551E+18
7270	2.66010172012435E+18
7280	2.69936822783036E+18
7290	2.74831406906179E+18
7300	2.80597111608134E+18
7310	2.87131996482435E+18
7320	2.9432679790084E+18
7330	3.02063396700062E+18
7340	3.10214105927304E+18
7350	3.18641916669464E+18
7360	3.2720179273743E+18
7370	3.35743025061304E+18
7380	3.4411254621828E+18
7390	3.5215985989655E+18
7400	3.59778449599605E+18
7410	3.66923034756518E+18
7420	3.73563279559311E+18
7430	3.7968011170275E+18
7440	3.85265165449498E+18
7450	3.9031979001189E+18
7460	3.94853721526807E+18
7470	3.98883540232666E+18
7480	4.02431042661024E+18
7490	4.05521651310215E+18
7500	4.0818296359726E+18
7510	4.10443512209537E+18
7520	4.12331794571911E+18
7530	4.13876006781895E+18
7540	4.15103107184006E+18
7550	4.16037864489493E+18
7560	4.16703033717562E+18
7570	4.1711956917721E+18
7580	4.17306810208669E+18
7590	4.17282638339113E+18
7600	4.17063607786273E+18
7610	4.16665053020124E+18
7620	4.16101177772067E+18
7630	4.15385129830385E+18
7640	4.14529065480347E+18
7650	4.13544206762837E+18
7660	4.12440843687838E+18
7670	4.11228246995765E+18
7680	4.09914881123864E+18
7690	4.08508495932355E+18
7700	4.07016166774873E+18
7710	4.05444334697386E+18
7720	4.03798846561023E+18
7730	4.02084994844581E+18
7740	4.00307556875637E+18
7750	3.98470833255358E+18
7760	3.96578685272717E+18
7770	3.94634571141946E+18
7780	3.92641580937431E+18
7790	3.90602470116699E+18
7800	3.88519658634623E+18
7810	3.86395196718927E+18
7820	3.84230875797527E+18
7830	3.82028273478386E+18
7840	3.79788778479174E+18
7850	3.77513614392823E+18
7860	3.75203862328544E+18
7870	3.72860482465336E+18
7880	3.70484334549866E+18
7890	3.6807619736356E+18
7900	3.65636787175341E+18
7910	3.63166775187344E+18
7920	3.60666803971675E+18
7930	3.58137502887411E+18
7940	3.55579411016162E+18
7950	3.52992033480998E+18
7960	3.50374214341753E+18
7970	3.47724792527701E+18
7980	3.45042621286958E+18
7990	3.42326577882814E+18
8000	3.39575574119573E+18
8010	3.3678856766438E+18
8020	3.33964574113205E+18
8030	3.31102679728812E+18
8040	3.28202054756282E+18
8050	3.25261967197698E+18
8060	3.222817969023E+18
8070	3.19261049802059E+18
8080	3.16199372095863E+18
8090	3.13096894743109E+18
8100	3.09957295119731E+18
8110	3.06786419259954E+18
8120	3.0359031950219E+18
8130	3.0037519557593E+18
8140	2.97147354333938E+18
8150	2.93913165091316E+18
8160	2.90679012254451E+18
8170	2.87451246893688E+18
8180	2.84236138830401E+18
8190	2.81039830677949E+18
8200	2.77868295104264E+18
8210	2.74727296381236E+18
8220	2.71622357062754E+18
8230	2.68558730399873E+18
8240	2.65541365616117E+18
8250	2.62569903227057E+18
8260	2.5963147141105E+18
8270	2.56711728006163E+18
8280	2.5379688399518E+18
8290	2.50873754286129E+18
8300	2.47929803033776E+18
8310	2.44953185788149E+18
8320	2.4193278955982E+18
8330	2.3885827070951E+18
8340	2.35720089352942E+18
8350	2.32509537695595E+18
8360	2.29218758383174E+18
8370	2.25840747621535E+18
8380	2.22369336587546E+18
8390	2.18799143687738E+18
8400	2.15125489765961E+18
8410	2.11355311239166E+18
8420	2.07537488434468E+18
8430	2.03726674189244E+18
8440	1.99972271581637E+18
8450	1.96318902863394E+18
8460	1.9280716194356E+18
8470	1.89474540356774E+18
8480	1.86356409963098E+18
8490	1.83486962793785E+18
8500	1.80900041805223E+18
8510	1.78629836181163E+18
8520	1.7671145258557E+18
8530	1.75181403654745E+18
8540	1.74078074668796E+18
8550	1.7344223910702E+18
8560	1.73317695134514E+18
8570	1.73751963982081E+18
8580	1.74772708845445E+18
8590	1.76357432855908E+18
8600	1.78478053710223E+18
8610	1.81106328488291E+18
8620	1.84212003850577E+18
8630	1.87760728401426E+18
8640	1.91711735042522E+18
8650	1.96015410885674E+18
8660	2.00611008843343E+18
8670	2.05424902075301E+18
8680	2.1036990352343E+18
8690	2.15346212429962E+18
8700	2.2024444600285E+18
8710	2.24950924158181E+18
8720	2.29354908247354E+18
8730	2.33356940467787E+18
8740	2.36876956501621E+18
8750	2.39863230034489E+18
8760	2.42314714908178E+18
8770	2.44260007271943E+18
8780	2.45737868382669E+18
8790	2.46793619783335E+18
8800	2.47475942446612E+18
8810	2.47834116733045E+18
8820	2.47915820420419E+18
8830	2.47765523913691E+18
8840	2.47423457560104E+18
8850	2.46925080111712E+18
8860	2.46300950995727E+18
8870	2.45576900496934E+18
8880	2.44774397381072E+18
8890	2.43911027984092E+18
8900	2.43001019552598E+18
8910	2.42055759799772E+18
8920	2.41084281724901E+18
8930	2.40093692558631E+18
8940	2.39089482574383E+18
8950	2.38075904993552E+18
8960	2.3705630795668E+18
8970	2.36033312694505E+18
8980	2.35008959476401E+18
8990	2.33984828175189E+18
9000	2.32962136434826E+18
9010	2.31941818628693E+18
9020	2.30924588712281E+18
9030	2.2991098982027E+18
9040	2.28901433119067E+18
9050	2.27896228059856E+18
9060	2.26895605821012E+18
9070	2.25899737403361E+18
9080	2.24908747557181E+18
9090	2.23922725478701E+18
9100	2.22941733014334E+18
9110	2.21965810949007E+18
9120	2.20994983801031E+18
9130	2.20029263074297E+18
9140	2.19068650293518E+18
9150	2.18113139637397E+18
9160	2.17162719535961E+18
9170	2.16217373890304E+18
9180	2.15277083016439E+18
9190	2.14341824374517E+18
9200	2.13411573130433E+18
9210	2.12486302585903E+18
9220	2.11565984504571E+18
9230	2.10650589355216E+18
9240	2.09740086488053E+18
9250	2.08834444256198E+18
9260	2.07933630091373E+18
9270	2.07037610540513E+18
9280	2.06146351268108E+18
9290	2.05259817027674E+18
9300	2.0437797160457E+18
9310	2.03500777731511E+18
9320	2.02628196947459E+18
9330	2.01760189155991E+18
9340	2.00896712491193E+18
9350	2.00037723232482E+18
9360	1.99183175522278E+18
9370	1.98333021038218E+18
9380	1.97487208618231E+18
9390	1.96645683834389E+18
9400	1.95808388511336E+18
9410	1.94975260185125E+18
9420	1.94146231498389E+18
9430	1.93321229528153E+18
9440	1.92500175043045E+18
9450	1.91682981687427E+18
9460	1.90869555090952E+18
9470	1.90059791903278E+18
9480	1.89253578755241E+18
9490	1.88450791149599E+18
9500	1.87651292286635E+18
9510	1.86854931832314E+18
9520	1.86061544639412E+18
9530	1.85270947978151E+18
9540	1.84482934635595E+18
9550	1.83697273149483E+18
9560	1.8291370645678E+18
9570	1.821319492513E+18
9580	1.81351685192196E+18
9590	1.80572563979566E+18
9600	1.7979419831949E+18
9610	1.79016160807578E+18
9620	1.78237980767506E+18
9630	1.77459141089003E+18
9640	1.76679075118104E+18
9650	1.75897163661149E+18
9660	1.75112732172631E+18
9670	1.7432504820548E+18
9680	1.73533319210194E+18
9690	1.72736690776314E+18
9700	1.71934245415435E+18
9710	1.71125001989109E+18
9720	1.70307915887034E+18
9730	1.69481880060561E+18
9740	1.68645728616388E+18
9750	1.67798320272311E+18
9760	1.66938613187803E+18
9770	1.66065601296233E+18
9780	1.65178323022972E+18
9790	1.64275877727548E+18
9800	1.63357442239747E+18
9810	1.62422287085917E+18
9820	1.6146979199325E+18
9830	1.6049946026723E+18
9840	1.5951093166066E+18
9850	1.58503993390784E+18
9860	1.57478589012191E+18
9870	1.56434824915012E+18
9880	1.55372974287468E+18
9890	1.54293478455861E+18
9900	1.53196945590298E+18
9910	1.5208414683758E+18
9920	1.50956010010897E+18
9930	1.49813611026687E+18
9940	1.48658163330349E+18
9950	1.47491005593059E+18
9960	1.46313587990978E+18
9970	1.45127298027553E+18
9980	1.43932054686997E+18
9990	1.42726827662739E+18
10000	1.41510423106514E+18
10010	1.40281512755492E+18
10020	1.39038655240098E+18
10030	1.37780317815569E+18
10040	1.36504898681109E+18
10050	1.35210750092933E+18
10060	1.3389620249971E+18
10070	1.32559589931531E+18
10080	1.31199276856649E+18
10090	1.29813686683542E+18
10100	1.28401332028951E+18
10110	1.26960846795022E+18
10120	1.25491020000466E+18
10130	1.23990831192309E+18
10140	1.22459487127768E+18
10150	1.20896459262777E+18
10160	1.19301521418919E+18
10170	1.17674786829853E+18
10180	1.16016743599568E+18
10190	1.14328287447402E+18
10200	1.12610750480327E+18
10210	1.10867658455607E+18
10220	1.09109598338199E+18
10230	1.07348628221395E+18
10240	1.05596352226137E+18
10250	1.03863716864964E+18
10260	1.0216083707183E+18
10270	1.00496860492153E+18
10280	9.8879874823236E+17
10290	9.73168594085593E+17
10300	9.58136792314255E+17
10310	9.43751171150572E+17
10320	9.30049383903578E+17
10330	9.17059815114093E+17
10340	9.04802679826126E+17
10350	8.93291253683754E+17
10360	8.82533179305829E+17
10370	8.72531804319031E+17
10380	8.63287517267356E+17
10390	8.54799058368494E+17
10400	8.47064792054456E+17
10410	8.40083936979724E+17
10420	8.3385775647991E+17
10430	8.28390718233204E+17
10440	8.2369163609887E+17
10450	8.1977479148974E+17
10460	8.16649039019715E+17
10470	8.14298641676661E+17
10480	8.12711725979576E+17
10490	8.11885470767942E+17
10500	8.11825552244613E+17
10510	8.12545513710046E+17
10520	8.14066020031929E+17
10530	8.16413960073597E+17
10540	8.19621364382652E+17
10550	8.23724109465698E+17
10560	8.28760383226975E+17
10570	8.34768888261077E+17
10580	8.41786760724171E+17
10590	8.49847182983975E+17
10600	8.58976669136311E+17
10610	8.69192005174185E+17
10620	8.8049683192648E+17
10630	8.92877871157093E+17
10640	9.06300816416648E+17
10650	9.20705944409686E+17
10660	9.36003555485278E+17
10670	9.52069431462199E+17
10680	9.68740616191686E+17
10690	9.8581199147999E+17
10700	1.00303434749254E+18
10710	1.0201149271294E+18
10720	1.03671363748493E+18
10730	1.05243401229522E+18
10740	1.06687429089326E+18
10750	1.07966424335316E+18
10760	1.09049751636786E+18
10770	1.09916342104667E+18
10780	1.10557181868502E+18
10790	1.10976471741404E+18
10800	1.11191015344075E+18
10810	1.11227771112203E+18
10820	1.11119970126025E+18
10830	1.1090260410736E+18
10840	1.10608264618496E+18
10850	1.10264172649505E+18
10860	1.09890819694447E+18
10870	1.0950212324989E+18
10880	1.09106602816063E+18
10890	1.08708948791566E+18
10900	1.08311477120516E+18
10910	1.0791520942747E+18
10920	1.07520545357111E+18
10930	1.07127620554926E+18
10940	1.06736471505285E+18
10950	1.06347101659324E+18
10960	1.05959504691807E+18
10970	1.05573671717846E+18
10980	1.05189593283223E+18
10990	1.04807259856433E+18
11000	1.04426661938685E+18
11010	1.04047790086209E+18
11020	1.03670634914181E+18
11030	1.0329518709709E+18
11040	1.02921437368443E+18
11050	1.02549376520363E+18
11060	1.02178995403173E+18
11070	1.01810284924973E+18
11080	1.01443236051225E+18
11090	1.0107783980434E+18
11100	1.00714087263268E+18
11110	1.00351969563091E+18
11120	9.99914778946214E+17
11130	9.96326035039988E+17
11140	9.92753376922961E+17
11150	9.89196718151247E+17
11160	9.85655972822443E+17
11170	9.82131055571752E+17
11180	9.78621881568145E+17
11190	9.75128366510553E+17
11200	9.7165042662408E+17
11210	9.68187978656256E+17
11220	9.64740939873319E+17
11230	9.61309228056522E+17
11240	9.57892761498473E+17
11250	9.54491458999503E+17
11260	9.51105239864067E+17
11270	9.47734023897165E+17
11280	9.443777314008E+17
11290	9.41036283170461E+17
11300	9.37709600491632E+17
11310	9.34397605136333E+17
11320	9.31100219359685E+17
11330	9.27817365896503E+17
11340	9.24548967957915E+17
11350	9.21294949228015E+17
11360	9.18055233860529E+17
11370	9.1482974647552E+17
11380	9.11618412156114E+17
11390	9.08421156445247E+17
11400	9.0523790534245E+17
11410	9.02068585300645E+17
11420	8.98913123222977E+17
11430	8.95771446459666E+17
11440	8.92643482804885E+17
11450	8.8952916049366E+17
11460	8.864284081988E+17
11470	8.83341155027845E+17
11480	8.80267330520042E+17
11490	8.77206864643343E+17
11500	8.74159687791424E+17
11510	8.71125730780734E+17
11520	8.6810492484756E+17
11530	8.65097201645119E+17
11540	8.62102493240671E+17
11550	8.59120732112654E+17
11560	8.56151851147845E+17
11570	8.53195783638536E+17
11580	8.50252463279741E+17
11590	8.47321824166416E+17
11600	8.44403800790705E+17
11610	8.41498328039208E+17
11620	8.38605341190269E+17
11630	8.35724775911283E+17
11640	8.32856568256026E+17
11650	8.30000654662006E+17
11660	8.27156971947834E+17
11670	8.24325457310614E+17
11680	8.21506048323351E+17
11690	8.18698682932388E+17
11700	8.15903299454853E+17
11710	8.13119836576128E+17
11720	8.10348233347341E+17
11730	8.07588429182873E+17
11740	8.04840363857887E+17
11750	8.02103977505873E+17
11760	7.99379210616218E+17
11770	7.96666004031784E+17
11780	7.93964298946514E+17
11790	7.91274036903052E+17
11800	7.88595159790383E+17
11810	7.85927609841488E+17
11820	7.83271329631018E+17
11830	7.8062626207299E+17
11840	7.7799235041849E+17
11850	7.75369538253401E+17
11860	7.72757769496149E+17
11870	7.70156988395451E+17
11880	7.67567139528091E+17
11890	7.64988167796695E+17
11900	7.62420018427519E+17
11910	7.59862636968232E+17
11920	7.57315969285683E+17
11930	7.54779961563638E+17
11940	7.5225456030045E+17
11950	7.49739712306623E+17
11960	7.47235364702182E+17
11970	7.44741464913756E+17
11980	7.42257960671183E+17
11990	7.39784800003401E+17
12000	7.37321931233244E+17
12010	7.34869302970595E+17
12020	7.32426864103136E+17
12030	7.29994563783556E+17
12040	7.2757235141171E+17
12050	7.25160176609563E+17
12060	7.22757989186016E+17
12070	7.20365739087723E+17
12080	7.17983376330677E+17
12090	7.15610850905815E+17
12100	7.13248112649897E+17
12110	7.10895111070544E+17
12120	7.0855179511156E+17
12130	7.06218112841388E+17
12140	7.03894011043924E+17
12150	7.01579434686838E+17
12160	6.99274326238254E+17
12170	6.96978624798142E+17
12180	6.94692265006335E+17
12190	6.92415175684911E+17
12200	6.90147278169092E+17
12210	6.87888484278137E+17
12220	6.85638693876297E+17
12230	6.83397791974244E+17
12240	6.81165645323761E+17
12250	6.78942098308585E+17
12260	6.76726967592214E+17
12270	6.74520036484293E+17
12280	6.72321048413723E+17
12290	6.70129699358834E+17
12300	6.67945629254986E+17
12310	6.65768412325485E+17
12320	6.63597546296701E+17
12330	6.61432440477516E+17
12340	6.59272402706892E+17
12350	6.57116625201647E+17
12360	6.54964169369282E+17
12370	6.52813949687816E+17
12380	6.50664716795598E+17
12390	6.48515039978388E+17
12400	6.46363289287777E+17
12410	6.44207617573226E+17
12420	6.42045942758324E+17
12430	6.39875930738881E+17
12440	6.3769497932447E+17
12450	6.35500203684221E+17
12460	6.33288423790292E+17
12470	6.31056154376376E+17
12480	6.28799597942262E+17
12490	6.26514641336875E+17
12500	6.24196856440065E+17
12510	6.21841505436256E+17
12520	6.19443551130247E+17
12530	6.16997672696348E+17
12540	6.14498287176877E+17
12550	6.11939576955311E+17
12560	6.09315523324416E+17
12570	6.06619946152135E+17
12580	6.03846549520264E+17
12590	6.00988973075972E+17
12600	5.98040848697192E+17
12610	5.9499607151007E+17
12620	5.91849613186693E+17
12630	5.88597228886521E+17
12640	5.85235389609274E+17
12650	5.81761372050998E+17
12660	5.78173335717558E+17
12670	5.74470384998035E+17
12680	5.70652614403709E+17
12690	5.66721135747678E+17
12700	5.62678086645753E+17
12710	5.58526620330011E+17
12720	5.54270877353498E+17
12730	5.49915940301797E+17
12740	5.454677730935E+17
12750	5.4093314683113E+17
12760	5.36319554447119E+17
12770	5.31635116572025E+17
12780	5.26888481135918E+17
12790	5.22088719204946E+17
12800	5.17245219463446E+17
12810	5.12367583590443E+17
12820	5.07465524562004E+17
12830	5.02548769652848E+17
12840	4.97626969626471E+17
12850	4.92709615306509E+17
12860	4.87805962425537E+17
12870	4.82924965361277E+17
12880	4.78075220102734E+17
12890	4.73264916546368E+17
12900	4.68501800009408E+17
12910	4.63793141666176E+17
12920	4.59145717464811E+17
12930	4.54565794965495E+17
12940	4.50059127455577E+17
12950	4.45630954639555E+17
12960	4.41286009169767E+17
12970	4.37028528273534E+17
12980	4.32862269741033E+17
12990	4.28789463909741E+17
13000	4.24804753425567E+17
13010	4.20899699602278E+17
13020	4.17065902866033E+17
13030	4.13295076280464E+17
13040	4.09579099240446E+17
13050	4.05910063233951E+17
13060	4.02280311392527E+17
13070	3.9868247328322E+17
13080	3.95109496155895E+17
13090	3.91554673646905E+17
13100	3.88011672749756E+17
13110	3.8447455969197E+17
13120	3.80937825201358E+17
13130	3.77396409501061E+17
13140	3.73845727237951E+17
13150	3.70281692421096E+17
13160	3.66700743323916E+17
13170	3.63099867184313E+17
13180	3.59476624420952E+17
13190	3.55829171971213E+17
13200	3.52156285248256E+17
13210	3.48457378112953E+17
13220	3.4473252016385E+17
13230	3.40982450568009E+17
13240	3.3720858759151E+17
13250	3.33413032944634E+17
13260	3.29598570037325E+17
13270	3.25768655249043E+17
13280	3.21927401355744E+17
13290	3.18079552325621E+17
13300	3.14230448791087E+17
13310	3.10385983619092E+17
13320	3.06552547119861E+17
13330	3.02736961530625E+17
13340	2.98946404448415E+17
13350	2.95188320811231E+17
13360	2.91470322768701E+17
13370	2.8780007625185E+17
13380	2.84185172143155E+17
13390	2.80633019065893E+17
13400	2.77154847006664E+17
13410	2.73767742566488E+17
13420	2.70485832747091E+17
13430	2.67319307167786E+17
13440	2.64274504578551E+17
13450	2.61354050859247E+17
13460	2.58557049394341E+17
13470	2.5587933124747E+17
13480	2.53313777200594E+17
13490	2.50850724652546E+17
13500	2.48478468495042E+17
13510	2.46183856435458E+17
13520	2.43952967095955E+17
13530	2.41771845865584E+17
13540	2.39627261639934E+17
13550	2.37507439741011E+17
13560	2.35402724123085E+17
13570	2.33306125909407E+17
13580	2.31213724636263E+17
13590	2.29124901636515E+17
13600	2.27042399620769E+17
13610	2.24972216554864E+17
13620	2.22923353626254E+17
13630	2.20907445309029E+17
13640	2.18938303842306E+17
13650	2.17031411008687E+17
13660	2.15203387565575E+17
13670	2.1347146591932E+17
13680	2.11852985586969E+17
13690	2.10364924542179E+17
13700	2.0902347342177E+17
13710	2.07843654331617E+17
13720	2.0683898202434E+17
13730	2.06021162790882E+17
13740	2.05399825706421E+17
13750	2.04982282076144E+17
13760	2.04773312250123E+17
13770	2.04774984698109E+17
13780	2.04986520706653E+17
13790	2.05404229671061E+17
13800	2.06021555026945E+17
13810	2.06829289461886E+17
13820	2.07816038712291E+17
13830	2.08966285523349E+17
13840	2.10256343830823E+17
13850	2.11664371634916E+17
13860	2.13174385534572E+17
13870	2.14778485688397E+17
13880	2.16479042156519E+17
13890	2.18290643179906E+17
13900	2.2024157319707E+17
13910	2.22374588544542E+17
13920	2.24746802539515E+17
13930	2.27428578984601E+17
13940	2.30501446636156E+17
13950	2.34055149702205E+17
13960	2.3818399116084E+17
13970	2.42982563045147E+17
13980	2.48540780652304E+17
13990	2.54937892537439E+17
14000	2.62234932264675E+17
14010	2.70465053567434E+17
14020	2.7962147951751E+17
14030	2.89643476182128E+17
14040	3.00401831847195E+17
14050	3.11686689105082E+17
14060	3.2320200153864E+17
14070	3.34571896739932E+17
14080	3.45364041498153E+17
14090	3.55132738015521E+17
14100	3.63479214185218E+17
14110	3.7011883835279E+17
14120	3.74937307987061E+17
14130	3.78014883842734E+17
14140	3.79604236202676E+17
14150	3.80064186988512E+17
14160	3.79771732474169E+17
14170	3.79045630501995E+17
14180	3.78107364863094E+17
14190	3.77083468822979E+17
14200	3.76032870173554E+17
14210	3.74977638161748E+17
14220	3.73924306315745E+17
14230	3.72874368792199E+17
14240	3.71828075539777E+17
14250	3.7078544601528E+17
14260	3.69746468183311E+17
14270	3.6871112694083E+17
14280	3.67679407035747E+17
14290	3.66651293279369E+17
14300	3.65626770556881E+17
14310	3.64605823827315E+17
14320	3.63588438123151E+17
14330	3.62574598549909E+17
14340	3.61564290285737E+17
14350	3.60557498581009E+17
14360	3.59554208757926E+17
14370	3.5855440621011E+17
14380	3.57558076402213E+17
14390	3.56565204869522E+17
14400	3.55575777217561E+17
14410	3.54589779121709E+17
14420	3.53607196326809E+17
14430	3.52628014646784E+17
14440	3.51652219964254E+17
14450	3.50679798230157E+17
14460	3.49710735463372E+17
14470	3.48745017750342E+17
14480	3.47782631244703E+17
14490	3.46823562166909E+17
14500	3.45867796803873E+17
14510	3.44915321508589E+17
14520	3.43966122699779E+17
14530	3.43020186861525E+17
14540	3.42077500542911E+17
14550	3.41138050357668E+17
14560	3.40201822983817E+17
14570	3.39268805163317E+17
14580	3.38338983701715E+17
14590	3.37412345467798E+17
14600	3.36488877393244E+17
14610	3.35568566472283E+17
14620	3.34651399761351E+17
14630	3.3373736437875E+17
14640	3.32826447504315E+17
14650	3.31918636379071E+17
14660	3.31013918304907E+17
14670	3.30112280644239E+17
14680	3.29213710819682E+17
14690	3.28318196313726E+17
14700	3.27425724668403E+17
14710	3.26536283484971E+17
14720	3.25649860423589E+17
14730	3.24766443202995E+17
14740	3.23886019600196E+17
14750	3.23008577450143E+17
14760	3.22134104645423E+17
14770	3.21262589135948E+17
14780	3.20394018928639E+17
14790	3.19528382087126E+17
14800	3.18665666731434E+17
14810	3.17805861037684E+17
14820	3.16948953237789E+17
14830	3.16094931619153E+17
14840	3.15243784524371E+17
14850	3.14395500350935E+17
14860	3.13550067550935E+17
14870	3.1270747463077E+17
14880	3.11867710150851E+17
14890	3.11030762725317E+17
14900	3.10196621021741E+17
14910	3.09365273760849E+17
14920	3.0853670971623E+17
14930	3.07710917714057E+17
14940	3.06887886632805E+17
14950	3.0606760540297E+17
14960	3.05250063006792E+17
14970	3.04435248477979E+17
14980	3.03623150901431E+17
14990	3.02813759412968E+17
15000	3.02007063199062E+17
15010	3.01203051496559E+17
15020	3.00401713592421E+17
15030	2.99603038823451E+17
15040	2.98807016576034E+17
15050	2.98013636285871E+17
15060	2.97222887437716E+17
15070	2.9643475956512E+17
15080	2.95649242250168E+17
15090	2.94866325123226E+17
15100	2.94085997862682E+17
15110	2.93308250194693E+17
15120	2.92533071892934E+17
15130	2.91760452778346E+17
15140	2.90990382718886E+17
15150	2.90222851629278E+17
15160	2.8945784947077E+17
15170	2.88695366250886E+17
15180	2.87935392023183E+17
15190	2.87177916887008E+17
15200	2.8642293098726E+17
15210	2.85670424514146E+17
15220	2.8492038770295E+17
15230	2.84172810833787E+17
15240	2.83427684231379E+17
15250	2.8268499826481E+17
15260	2.81944743347303E+17
15270	2.81206909935984E+17
15280	2.80471488531651E+17
15290	2.79738469678553E+17
15300	2.79007843964153E+17
15310	2.78279602018912E+17
15320	2.77553734516058E+17
15330	2.76830232171364E+17
15340	2.76109085742932E+17
15350	2.75390286030964E+17
15360	2.74673823877548E+17
15370	2.73959690166443E+17
15380	2.73247875822854E+17
15390	2.72538371813225E+17
15400	2.7183116914502E+17
15410	2.71126258866512E+17
15420	2.70423632066572E+17
15430	2.69723279874458E+17
15440	2.69025193459606E+17
15450	2.68329364031421E+17
15460	2.67635782839074E+17
15470	2.66944441171291E+17
15480	2.66255330356156E+17
15490	2.65568441760899E+17
15500	2.64883766791702E+17
15510	2.64201296893496E+17
15520	2.63521023549758E+17
15530	2.62842938282317E+17
15540	2.62167032651156E+17
15550	2.61493298254212E+17
15560	2.60821726727186E+17
15570	2.60152309743349E+17
15580	2.59485039013344E+17
15590	2.58819906284999E+17
15600	2.58156903343137E+17
15610	2.57496022009384E+17
15620	2.5683725414198E+17
15630	2.56180591635596E+17
15640	2.55526026421143E+17
15650	2.54873550465592E+17
15660	2.54223155771784E+17
15670	2.53574834378253E+17
15680	2.52928578359038E+17
15690	2.52284379823509E+17
15700	2.5164223091618E+17
15710	2.51002123816538E+17
15720	2.50364050738857E+17
15730	2.49728003932027E+17
15740	2.49093975679376E+17
15750	2.48461958298496E+17
15760	2.47831944141069E+17
15770	2.47203925592693E+17
15780	2.46577895072713E+17
15790	2.45953845034047E+17
15800	2.45331767963019E+17
15810	2.44711656379188E+17
15820	2.44093502835181E+17
15830	2.43477299916526E+17
15840	2.42863040241487E+17
15850	2.42250716460895E+17
15860	2.41640321257991E+17
15870	2.41031847348254E+17
15880	2.40425287479247E+17
15890	2.3982063443045E+17
15900	2.39217881013101E+17
15910	2.38617020070039E+17
15920	2.38018044475542E+17
15930	2.3742094713517E+17
15940	2.3682572098561E+17
15950	2.36232358994517E+17
15960	2.35640854160363E+17
15970	2.35051199512278E+17
15980	2.344633881099E+17
15990	2.33877413043223E+17
16000	2.33293267432442E+17
16010	2.32710944427804E+17
16020	2.3213043720946E+17
16030	2.31551738987312E+17
16040	2.3097484300087E+17
16050	2.30399742519098E+17
16060	2.29826430840274E+17
16070	2.29254901291837E+17
16080	2.2868514723025E+17
16090	2.28117162040851E+17
16100	2.27550939137709E+17
16110	2.26986471963485E+17
16120	2.26423753989288E+17
16130	2.25862778714532E+17
16140	2.25303539666802E+17
16150	2.24746030401708E+17
16160	2.24190244502749E+17
16170	2.23636175581178E+17
16180	2.2308381727586E+17
16190	2.22533163253137E+17
16200	2.21984207206695E+17
16210	2.21436942857429E+17
16220	2.20891363953303E+17
16230	2.20347464269226E+17
16240	2.1980523760691E+17
16250	2.19264677794746E+17
16260	2.18725778687668E+17
16270	2.18188534167025E+17
16280	2.1765293814045E+17
16290	2.1711898454173E+17
16300	2.16586667330682E+17
16310	2.16055980493018E+17
16320	2.15526918040227E+17
16330	2.14999474009437E+17
16340	2.14473642463298E+17
16350	2.13949417489844E+17
16360	2.13426793202371E+17
16370	2.12905763739295E+17
16380	2.12386323264007E+17
16390	2.1186846596472E+17
16400	2.11352186054276E+17
16410	2.10837477769917E+17
16420	2.1032433537299E+17
16430	2.09812753148528E+17
16440	2.09302725404665E+17
16450	2.08794246471773E+17
16460	2.08287310701186E+17
16470	2.07781912463312E+17
16480	2.07278046144833E+17
16490	2.06775706144602E+17
16500	2.06274886867688E+17
16510	2.05775582716809E+17
16520	2.05277788080162E+17
16530	2.04781497314366E+17
16540	2.04286704720841E+17
16550	2.03793404513536E+17
16560	2.03301590775374E+17
16570	2.02811257400263E+17
16580	2.02322398016836E+17
16590	2.01835005889443E+17
16600	2.01349073791227E+17
16610	2.00864593843407E+17
16620	2.00381557314311E+17
16630	1.99899954371104E+17
16640	1.99419773776832E+17
16650	1.98941002525175E+17
16660	1.98463625405393E+17
16670	1.97987624490335E+17
16680	1.97512978541128E+17
16690	1.97039662323309E+17
16700	1.96567645830729E+17
16710	1.96096893415574E+17
16720	1.95627362825233E+17
16730	1.95159004149578E+17
16740	1.94691758685317E+17
16750	1.9422555772745E+17
16760	1.93760321301372E+17
16770	1.93295956852695E+17
16780	1.92832357915279E+17
16790	1.92369402781166E+17
16800	1.91906953198883E+17
16810	1.91444853128924E+17
16820	1.90982927586819E+17
16830	1.90520981605191E+17
16840	1.90058799346277E+17
16850	1.89596143395685E+17
16860	1.89132754266509E+17
16870	1.88668350140482E+17
16880	1.88202626869519E+17
16890	1.87735258256956E+17
16900	1.87265896633132E+17
16910	1.86794173734705E+17
16920	1.86319701891563E+17
16930	1.85842075519343E+17
16940	1.85360872909729E+17
16950	1.84875658304938E+17
16960	1.84385984237273E+17
16970	1.83891394109523E+17
16980	1.83391424987396E+17
16990	1.82885610571199E+17
17000	1.82373484310755E+17
17010	1.81854582625067E+17
17020	1.81328448186569E+17
17030	1.80794633229019E+17
17040	1.80252702838027E+17
17050	1.79702238184009E+17
17060	1.79142839658845E+17
17070	1.78574129879688E+17
17080	1.77995756526106E+17
17090	1.77407394979987E+17
17100	1.76808750741285E+17
17110	1.76199561596607E+17
17120	1.75579599521791E+17
17130	1.74948672303892E+17
17140	1.74306624415264E+17
17150	1.73653320842455E+17
17160	1.72988638250514E+17
17170	1.72312482261969E+17
17180	1.71624788730841E+17
17190	1.70925523582353E+17
17200	1.70214682492522E+17
17210	1.69492290419098E+17
17220	1.68758400995894E+17
17230	1.68013095802872E+17
17240	1.67256483524545E+17
17250	1.66488699009261E+17
17260	1.65709902241802E+17
17270	1.64920277241475E+17
17280	1.64120030897517E+17
17290	1.63309391753182E+17
17300	1.6248860874935E+17
17310	1.61657949937919E+17
17320	1.60817701174612E+17
17330	1.59968164800182E+17
17340	1.59109658318311E+17
17350	1.58242513077806E+17
17360	1.57367072966035E+17
17370	1.56483693119836E+17
17380	1.55592738659481E+17
17390	1.54694583450631E+17
17400	1.53789608898593E+17
17410	1.52878202778602E+17
17420	1.51960758105268E+17
17430	1.51037672043834E+17
17440	1.50109344865355E+17
17450	1.49176178947481E+17
17460	1.48238577822063E+17
17470	1.47296945270457E+17
17480	1.46351684467002E+17
17490	1.45403197170851E+17
17500	1.44451882966028E+17
17510	1.43498138549343E+17
17520	1.4254235706555E+17
17530	1.41584927488942E+17
17540	1.40626234050401E+17
17550	1.39666655708772E+17
17560	1.38706565665307E+17
17570	1.3774633091981E+17
17580	1.36786311867043E+17
17590	1.35826861931876E+17
17600	1.34868327241619E+17
17610	1.33911046333937E+17
17620	1.3295534989873E+17
17630	1.32001560552338E+17
17640	1.31049992642455E+17
17650	1.30100952082117E+17
17660	1.29154736211178E+17
17670	1.28211633683683E+17
17680	1.27271924379609E+17
17690	1.26335879339451E+17
17700	1.25403760720199E+17
17710	1.2447582177128E+17
17720	1.23552306829091E+17
17730	1.22633451328799E+17
17740	1.2171948183214E+17
17750	1.20810616069987E+17
17760	1.19907062998535E+17
17770	1.1900902286798E+17
17780	1.1811668730263E+17
17790	1.17230239391458E+17
17800	1.16349853788123E+17
17810	1.15475696819571E+17
17820	1.14607926602362E+17
17830	1.13746693165906E+17
17840	1.12892138581882E+17
17850	1.12044397099153E+17
17860	1.11203627185769E+17
17870	1.10370099897852E+17
17880	1.09544100291967E+17
17890	1.08725896849825E+17
17900	1.07915741365618E+17
17910	1.07113868897998E+17
17920	1.06320497783789E+17
17930	1.05535829710264E+17
17940	1.0476004984268E+17
17950	1.03993327003561E+17
17960	1.0323581390016E+17
17970	1.02487647396417E+17
17980	1.01748948825718E+17
17990	1.01019824340731E+17
18000	1.00300365296636E+17
18010	9.95906486640959E+16
18020	9.88907374683835E+16
18030	9.82006812511963E+16
18040	9.75205165517656E+16
18050	9.68502674040219E+16
18060	9.61899458466949E+16
18070	9.55395524433939E+16
18080	9.48990768098577E+16
18090	9.42684981457402E+16
18100	9.36477857684563E+16
18110	9.30368996467945E+16
18120	9.24357909321681E+16
18130	9.1844402485552E+16
18140	9.12626693983228E+16
18150	9.06905195053857E+16
18160	9.0127873889133E+16
18170	8.95746473729381E+16
18180	8.9030749003035E+16
18190	8.84960825177766E+16
18200	8.79705468034029E+16
18210	8.74540363355611E+16
18220	8.69464416059535E+16
18230	8.64476495335687E+16
18240	8.59575438600637E+16
18250	8.54760055289326E+16
18260	8.50029130481717E+16
18270	8.45381428362092E+16
18280	8.40815695509171E+16
18290	8.3633066401565E+16
18300	8.31925054436094E+16
18310	8.27597578562477E+16
18320	8.23346942026938E+16
18330	8.19171846731742E+16
18340	8.15070993106788E+16
18350	8.11043082195592E+16
18360	8.07086817571306E+16
18370	8.03200907085187E+16
18380	7.99384064450943E+16
18390	7.95635010669574E+16
18400	7.91952475300755E+16
18410	7.8833519758836E+16
18420	7.84781927449403E+16
18430	7.81291426337485E+16
18440	7.77862467993645E+16
18450	7.74493839099202E+16
18460	7.7118433984687E+16
18470	7.679327844478E+16
18480	7.64738001593283E+16
18490	7.61598834890626E+16
18500	7.58514143292992E+16
18510	7.55482801542802E+16
18520	7.52503700647593E+16
18530	7.49575748406007E+16
18540	7.46697869999794E+16
18550	7.43869008665511E+16
18560	7.41088126456879E+16
18570	7.38354205105729E+16
18580	7.35666246986126E+16
18590	7.33023276182749E+16
18600	7.3042433966099E+16
18610	7.2786850853265E+16
18620	7.25354879407672E+16
18630	7.22882553982407E+16
18640	7.20449842166113E+16
18650	7.18054075381346E+16
18660	7.15692624287088E+16
18670	7.13362961879104E+16
18680	7.11062655863228E+16
18690	7.08789361435525E+16
18700	7.06540814429582E+16
18710	7.04314824792284E+16
18720	7.0210927034991E+16
18730	6.99922090826663E+16
18740	6.97751282077529E+16
18750	6.95594890496896E+16
18760	6.93451007563576E+16
18770	6.913177644818E+16
18780	6.8919332687646E+16
18790	6.87075889499365E+16
18800	6.8496367090154E+16
18810	6.82854908024756E+16
18820	6.80747850663463E+16
18830	6.78640755746213E+16
18840	6.76531881383525E+16
18850	6.74419480627021E+16
18860	6.7230179488259E+16
18870	6.70177046918461E+16
18880	6.68043433407347E+16
18890	6.65899116940585E+16
18900	6.63742217451294E+16
18910	6.61570802983451E+16
18920	6.59382879744404E+16
18930	6.57176381380018E+16
18940	6.54949157414623E+16
18950	6.52698960802444E+16
18960	6.50423434543524E+16
18970	6.48120097325762E+16
18980	6.45786328165752E+16
18990	6.43419350035202E+16
19000	6.4101621247712E+16
19010	6.38573773237155E+16
19020	6.36088678960879E+16
19030	6.33557345037792E+16
19040	6.30975934707762E+16
19050	6.2834033758583E+16
19060	6.25646147806973E+16
19070	6.2288864204357E+16
19080	6.20062757704982E+16
19090	6.17163071690435E+16
19100	6.1418378013271E+16
19110	6.11118679640307E+16
19120	6.07961150618296E+16
19130	6.04704143321687E+16
19140	6.01340167367569E+16
19150	5.97861285501189E+16
19160	5.94259112473568E+16
19170	5.90524819940754E+16
19180	5.86649148333771E+16
19190	5.82622426669328E+16
19200	5.78434601270413E+16
19210	5.74075274338127E+16
19220	5.69533753257487E+16
19230	5.64799111426151E+16
19240	5.59860261262562E+16
19250	5.54706039876328E+16
19260	5.49325307666924E+16
19270	5.43707059857118E+16
19280	5.37840550666331E+16
19290	5.31715429489868E+16
19300	5.25321888078642E+16
19310	5.18650817318152E+16
19320	5.11693971795668E+16
19330	5.04444139933019E+16
19340	4.96895317063353E+16
19350	4.89042878459532E+16
19360	4.80883748996162E+16
19370	4.7241656586339E+16
19380	4.63641830565329E+16
19390	4.54562046343768E+16
19400	4.4518183718194E+16
19410	4.35508044672669E+16
19420	4.25549799286189E+16
19430	4.15318562945881E+16
19440	4.04828140311685E+16
19450	3.94094656770946E+16
19460	3.8313650183138E+16
19470	3.71974237380593E+16
19480	3.60631426665609E+16
19490	3.491420414437E+16
19500	3.37545909109679E+16
19510	3.25883636822645E+16
19520	3.14196007476905E+16
19530	3.02523426091599E+16
19540	2.90905390871711E+16
19550	2.79380002694916E+16
19560	2.67983524410976E+16
19570	2.56749998685288E+16
19580	2.45710930345478E+16
19590	2.34895036455092E+16
19600	2.24328064774878E+16
19610	2.14032678983642E+16
19620	2.04028407090615E+16
19630	1.94331647921842E+16
19640	1.84955729417925E+16
19650	1.75911011729309E+16
19660	1.67205027708811E+16
19670	1.58842653335915E+16
19680	1.5082630081233E+16
19690	1.43156127487747E+16
19700	1.35830254353954E+16
19710	1.28844988532337E+16
19720	1.22195044927903E+16
19730	1.15873762992348E+16
19740	1.09873315297103E+16
19750	1.04184905338854E+16
19760	9.87989526671076E+15
19770	9.37052640231037E+15
19780	8.88931897055434E+15
19790	8.43517648282344E+15
19800	8.00698355095729E+15
19810	7.60361703367614E+15
19820	7.22395576849001E+15
19830	6.86688896488315E+15
19840	6.531323347131E+15
19850	6.21618914319515E+15
19860	5.9204450204821E+15
19870	5.64308207051721E+15
19880	5.38312694339734E+15
19890	5.1396442298095E+15
19900	4.91173818391713E+15
19910	4.69855387494423E+15
19920	4.49927784918225E+15
19930	4.31313837768658E+15
19940	4.13940535836592E+15
19950	3.97738993466847E+15
19960	3.82644388678407E+15
19970	3.68595884531018E+15
19980	3.55536537174926E+15
19990	3.43413194506037E+15
20000	3.32176388881301E+15
