2000	1.07384724240673E+17
2010	1.12382824110209E+17
2020	1.17570903338903E+17
2030	1.22953948333221E+17
2040	1.28537568419282E+17
2050	1.34327211199037E+17
2060	1.40328521228698E+17
2070	1.46547314612511E+17
2080	1.52989607490926E+17
2090	1.59661638619456E+17
2100	1.66569796194981E+17
2110	1.73720487289052E+17
2120	1.81120060607363E+17
2130	1.88774760587516E+17
2140	1.96690753203413E+17
2150	2.04874189047271E+17
2160	2.13331311955686E+17
2170	2.22068674859162E+17
2180	2.31093249807173E+17
2190	2.40412436715957E+17
2200	2.50033998170051E+17
2210	2.59965899580191E+17
2220	2.70216039663571E+17
2230	2.80792057333321E+17
2240	2.91701172168467E+17
2250	3.02950122869801E+17
2260	3.14545368670795E+17
2270	3.26493306955232E+17
2280	3.38800623142336E+17
2290	3.51474746311199E+17
2300	3.64523992646873E+17
2310	3.7795765818053E+17
2320	3.91785904515682E+17
2330	4.06019318903462E+17
2340	4.2066827029164E+17
2350	4.35742481436824E+17
2360	4.51250735095536E+17
2370	4.67200261722038E+17
2380	4.83597119291366E+17
2390	5.00446521054834E+17
2400	5.17753540913019E+17
2410	5.35523986181949E+17
2420	5.53765031748211E+17
2430	5.72486191430385E+17
2440	5.91699031318388E+17
2450	6.11417599104941E+17
2460	6.31657114485939E+17
2470	6.52433478717099E+17
2480	6.73761452702378E+17
2490	6.95654255244514E+17
2500	7.18121590081132E+17
2510	7.41170165948471E+17
2520	7.6480296856597E+17
2530	7.89020797713653E+17
2540	8.13822921234445E+17
2550	8.39209584985699E+17
2560	8.65182563098396E+17
2570	8.91748769868825E+17
2580	9.18919034063614E+17
2590	9.4671084902379E+17
2600	9.75145732183634E+17
2610	1.00425013059217E+18
2620	1.03405131765669E+18
2630	1.06457656571045E+18
2640	1.09584877381507E+18
2650	1.12788563576892E+18
2660	1.16069651595561E+18
2670	1.19428272587288E+18
2680	1.22863767523674E+18
2690	1.26374783353311E+18
2700	1.29959716131704E+18
2710	1.33616768049514E+18
2720	1.37344680963645E+18
2730	1.41142754298743E+18
2740	1.45011379231186E+18
2750	1.48952185497119E+18
2760	1.52967908605463E+18
2770	1.57062761457946E+18
2780	1.61241554916274E+18
2790	1.6550990138907E+18
2800	1.69873421482914E+18
2810	1.7433699122498E+18
2820	1.78905058228973E+18
2830	1.83579787078015E+18
2840	1.88362329490944E+18
2850	1.93251388893325E+18
2860	1.98243894205155E+18
2870	2.03335515867393E+18
2880	2.08520329217313E+18
2890	2.13792224270983E+18
2900	2.19145636682862E+18
2910	2.24575182689363E+18
2920	2.30078213145505E+18
2930	2.35653541135316E+18
2940	2.41302557364127E+18
2950	2.47030387411136E+18
2960	2.5284339024341E+18
2970	2.5875146128796E+18
2980	2.64765883768892E+18
2990	2.70898432007071E+18
3000	2.77161379981216E+18
3010	2.83566510515967E+18
3020	2.90121964589021E+18
3030	2.96834986164505E+18
3040	3.03708365159131E+18
3050	3.10739613861417E+18
3060	3.17924707819924E+18
3070	3.25253294125172E+18
3080	3.32712168716573E+18
3090	3.4028669930022E+18
3100	3.47960121460391E+18
3110	3.5571487454899E+18
3120	3.63536472805866E+18
3130	3.71413108871119E+18
3140	3.79334043806208E+18
3150	3.8729754536575E+18
3160	3.95305655865955E+18
3170	4.03363626220725E+18
3180	4.11486841920816E+18
3190	4.19693367945722E+18
3200	4.28004220422203E+18
3210	4.36445558121235E+18
3220	4.45044961301482E+18
3230	4.53828581078699E+18
3240	4.6282014723748E+18
3250	4.72043698228611E+18
3260	4.815154951087E+18
3270	4.91242577108306E+18
3280	5.01231197546325E+18
3290	5.1147630293547E+18
3300	5.21960275705516E+18
3310	5.32663772108537E+18
3320	5.43559231533742E+18
3330	5.54609371081906E+18
3340	5.65774801295995E+18
3350	5.77016014696648E+18
3360	5.88294216697369E+18
3370	5.99569422444819E+18
3380	6.10807684017913E+18
3390	6.21990192582643E+18
3400	6.33099937023344E+18
3410	6.44125660786786E+18
3420	6.55079995976104E+18
3430	6.65982229366718E+18
3440	6.76854245552392E+18
3450	6.87735510956576E+18
3460	6.98675747689119E+18
3470	7.0972609466523E+18
3480	7.20940377861043E+18
3490	7.32375586512984E+18
3500	7.44090216555681E+18
3510	7.56139746431793E+18
3520	7.68563197006055E+18
3530	7.81396181341918E+18
3540	7.9467411822864E+18
3550	8.08409602565799E+18
3560	8.22593750107756E+18
3570	8.37216543892899E+18
3580	8.52259663759005E+18
3590	8.67672483820234E+18
3600	8.83394582701563E+18
3610	8.99363085993476E+18
3620	9.15504667608469E+18
3630	9.31732679417875E+18
3640	9.47956952822303E+18
3650	9.64086289441821E+18
3660	9.80042796231098E+18
3670	9.95755859432785E+18
3680	1.01115390162649E+19
3690	1.02617423783707E+19
3700	1.04079749231749E+19
3710	1.05501729312344E+19
3720	1.06882822271029E+19
3730	1.08224313202229E+19
3740	1.09532366585713E+19
3750	1.10814089792049E+19
3760	1.12076703629954E+19
3770	1.13328694955835E+19
3780	1.14581171238582E+19
3790	1.15845640266571E+19
3800	1.17133670215927E+19
3810	1.1845629124341E+19
3820	1.19823312310454E+19
3830	1.21244458662299E+19
3840	1.22729556726497E+19
3850	1.24286701815341E+19
3860	1.25919060759932E+19
3870	1.27629028976957E+19
3880	1.29419071801208E+19
3890	1.31290364182702E+19
3900	1.33237945535374E+19
3910	1.35255010758048E+19
3920	1.37334603984538E+19
3930	1.39469257333156E+19
3940	1.41647728059465E+19
3950	1.43856345606237E+19
3960	1.46081091710888E+19
3970	1.48307640768251E+19
3980	1.50521219789548E+19
3990	1.52706558397097E+19
4000	1.54848185749379E+19
4010	1.56930519684314E+19
4020	1.58938698785225E+19
4030	1.60862279760829E+19
4040	1.62692538511055E+19
4050	1.64420968252151E+19
4060	1.66039391285525E+19
4070	1.67544429101813E+19
4080	1.68940196762048E+19
4090	1.70231684917488E+19
4100	1.71424064950847E+19
4110	1.7252322699082E+19
4120	1.73542079112226E+19
4130	1.74498001581574E+19
4140	1.7540822592673E+19
4150	1.76289701262265E+19
4160	1.77159530405699E+19
4170	1.78037104268738E+19
4180	1.78942324658106E+19
4190	1.79894683681625E+19
4200	1.80913294427504E+19
4210	1.82015489152621E+19
4220	1.83212621767913E+19
4230	1.845144993161E+19
4240	1.85930841640905E+19
4250	1.87471305338252E+19
4260	1.89142837973209E+19
4270	1.90941819515048E+19
4280	1.9286206969319E+19
4290	1.94897434085146E+19
4300	1.97041739468134E+19
4310	1.99287426576193E+19
4320	2.01619285663546E+19
4330	2.04019360832669E+19
4340	2.06469620794692E+19
4350	2.08951962228717E+19
4360	2.1144814045371E+19
4370	2.13938770039418E+19
4380	2.1640375963338E+19
4390	2.18823170295018E+19
4400	2.21177314095368E+19
4410	2.23446856217932E+19
4420	2.25614107392077E+19
4430	2.27664159613575E+19
4440	2.29582928799881E+19
4450	2.31356974196259E+19
4460	2.32973563422519E+19
4470	2.34421285901902E+19
4480	2.35694276138079E+19
4490	2.36789739704549E+19
4500	2.37705481294826E+19
4510	2.38439869158142E+19
4520	2.38991818137553E+19
4530	2.39364018148834E+19
4540	2.39568941294434E+19
4550	2.39620610128876E+19
4560	2.39532749851599E+19
4570	2.3931873436832E+19
4580	2.38991619899981E+19
4590	2.38569377742463E+19
4600	2.38077923051462E+19
4610	2.37542747396545E+19
4620	2.36988086099208E+19
4630	2.36436946548401E+19
4640	2.35911164457432E+19
4650	2.35432082576459E+19
4660	2.35020816589543E+19
4670	2.34697431719494E+19
4680	2.34480940408906E+19
4690	2.34389370712005E+19
4700	2.34439777005723E+19
4710	2.34642764940301E+19
4720	2.3499808279292E+19
4730	2.35504214804432E+19
4740	2.36159492247152E+19
4750	2.36962047629486E+19
4760	2.37909766402119E+19
4770	2.38997209166677E+19
4780	2.40206876800403E+19
4790	2.41518677882472E+19
4800	2.42912934114189E+19
4810	2.44370365966603E+19
4820	2.45872096907427E+19
4830	2.47399570468446E+19
4840	2.48933002619002E+19
4850	2.50451954499902E+19
4860	2.51936890347391E+19
4870	2.53369291752041E+19
4880	2.5473172399837E+19
4890	2.56007896115513E+19
4900	2.57183413204458E+19
4910	2.58248183339255E+19
4920	2.59194029524222E+19
4930	2.60013781297125E+19
4940	2.6070125538941E+19
4950	2.61251224471271E+19
4960	2.61659378464867E+19
4970	2.61923408862815E+19
4980	2.62044429424558E+19
4990	2.62024375509591E+19
5000	2.61865519537121E+19
5010	2.61570416460558E+19
5020	2.61141850935101E+19
5030	2.60582789165668E+19
5040	2.59896896291027E+19
5050	2.59089162199526E+19
5060	2.58164647304481E+19
5070	2.57128268489042E+19
5080	2.55984783277582E+19
5090	2.54738777623886E+19
5100	2.53394656987594E+19
5110	2.51957692686935E+19
5120	2.50436987271437E+19
5130	2.48842101371734E+19
5140	2.47182020823085E+19
5150	2.45465191511655E+19
5160	2.43699552762615E+19
5170	2.41892568997541E+19
5180	2.40051719606662E+19
5190	2.38190499756137E+19
5200	2.36326332275266E+19
5210	2.34475697839843E+19
5220	2.3265407981166E+19
5230	2.30876021227982E+19
5240	2.29155176065143E+19
5250	2.27504355545204E+19
5260	2.25935398990946E+19
5270	2.24458715405795E+19
5280	2.23083837457665E+19
5290	2.21819606646191E+19
5300	2.20674180169835E+19
5310	2.19655029372531E+19
5320	2.18768929045944E+19
5330	2.18021922568318E+19
5340	2.17414716506392E+19
5350	2.16936472694468E+19
5360	2.16574873460543E+19
5370	2.16317824118635E+19
5380	2.16153432489507E+19
5390	2.16069998994973E+19
5400	2.16056017566783E+19
5410	2.16100186531321E+19
5420	2.1619025387718E+19
5430	2.16310917647259E+19
5440	2.16447115955399E+19
5450	2.16584784186187E+19
5460	2.16710899404515E+19
5470	2.16813518096658E+19
5480	2.16881805399257E+19
5490	2.16906054012381E+19
5500	2.16878009007223E+19
5510	2.1679300848506E+19
5520	2.16648369038887E+19
5530	2.16442050616726E+19
5540	2.16172605367222E+19
5550	2.15839131828542E+19
5560	2.15441226851067E+19
5570	2.14978935802765E+19
5580	2.14452704188524E+19
5590	2.13863937532221E+19
5600	2.13215613002622E+19
5610	2.12510881398693E+19
5620	2.11752837297138E+19
5630	2.1094450077354E+19
5640	2.1008880126373E+19
5650	2.09188563443772E+19
5660	2.08246495009523E+19
5670	2.07265180292988E+19
5680	2.06247296884254E+19
5690	2.05195695843547E+19
5700	2.04113048760597E+19
5710	2.03001822396735E+19
5720	2.01864285683425E+19
5730	2.00702517171637E+19
5740	1.99518412811122E+19
5750	1.98313693950202E+19
5760	1.97089915783562E+19
5770	1.95848544909445E+19
5780	1.94591047044934E+19
5790	1.93318753089179E+19
5800	1.92032848506182E+19
5810	1.90734384426236E+19
5820	1.89424288237272E+19
5830	1.88103373670404E+19
5840	1.86772350391891E+19
5850	1.85431833119914E+19
5860	1.84082335652017E+19
5870	1.82724170823937E+19
5880	1.81357522281806E+19
5890	1.79982512972543E+19
5900	1.78599211014233E+19
5910	1.77207635015004E+19
5920	1.75807759342578E+19
5930	1.74399519365294E+19
5940	1.72982816683188E+19
5950	1.71557524364967E+19
5960	1.7012450020596E+19
5970	1.6868858019422E+19
5980	1.67255610598175E+19
5990	1.6583147449119E+19
6000	1.64422083460573E+19
6010	1.63033354801306E+19
6020	1.61671177138589E+19
6030	1.60341367204006E+19
6040	1.59049620146848E+19
6050	1.57801455305138E+19
6060	1.5660210682148E+19
6070	1.55456254359394E+19
6080	1.54368151880274E+19
6090	1.53341654229941E+19
6100	1.52380155143733E+19
6110	1.51486520372749E+19
6120	1.50663014192214E+19
6130	1.49911217370312E+19
6140	1.49231934730131E+19
6150	1.4862509076653E+19
6160	1.48089413102251E+19
6170	1.47617809423836E+19
6180	1.47197962244012E+19
6190	1.46817629493161E+19
6200	1.46465056326149E+19
6210	1.46129142237435E+19
6220	1.45799600981814E+19
6230	1.45467108050259E+19
6240	1.45123429005934E+19
6250	1.44761521484874E+19
6260	1.44375604154829E+19
6270	1.43961261492756E+19
6280	1.43516067429972E+19
6290	1.43038960719108E+19
6300	1.42529636164031E+19
6310	1.41988471679437E+19
6320	1.41416447501218E+19
6330	1.40815053974039E+19
6340	1.40186192355392E+19
6350	1.39532073286733E+19
6360	1.38855117429821E+19
6370	1.38157862281523E+19
6380	1.37442888883071E+19
6390	1.36712943632068E+19
6400	1.3597076009509E+19
6410	1.35218783086711E+19
6420	1.34459175110969E+19
6430	1.33693836409347E+19
6440	1.3292442640553E+19
6450	1.32152385692636E+19
6460	1.31378957872245E+19
6470	1.30605210710129E+19
6480	1.29832056215376E+19
6490	1.29060269373804E+19
6500	1.28290508133171E+19
6510	1.27523338135777E+19
6520	1.26759233079455E+19
6530	1.25998583875176E+19
6540	1.25241711460919E+19
6550	1.24488877759169E+19
6560	1.23740295002219E+19
6570	1.22996133636673E+19
6580	1.22256529000192E+19
6590	1.21521586943809E+19
6600	1.20791388553377E+19
6610	1.20065994104648E+19
6620	1.19345446291566E+19
6630	1.18629772668E+19
6640	1.1791898827478E+19
6650	1.17213097663874E+19
6660	1.16512096438211E+19
6670	1.15815972519558E+19
6680	1.15124707186154E+19
6690	1.14438275914837E+19
6700	1.13756649056452E+19
6710	1.13079792368393E+19
6720	1.12407667423836E+19
6730	1.11740231913675E+19
6740	1.11077439909383E+19
6750	1.1041924387531E+19
6760	1.09765595344226E+19
6770	1.09116442911824E+19
6780	1.0847173222098E+19
6790	1.07831406043239E+19
6800	1.07195404321497E+19
6810	1.06563664181715E+19
6820	1.0593611992066E+19
6830	1.05312702976085E+19
6840	1.04693341885286E+19
6850	1.040779622377E+19
6860	1.03466486627006E+19
6870	1.02858834121703E+19
6880	1.02254906737938E+19
6890	1.01654584295012E+19
6900	1.01057735305881E+19
6910	1.00464216125831E+19
6920	9.98738692034733E+18
6930	9.92865211088832E+18
6940	9.87019803175654E+18
6950	9.81200347289033E+18
6960	9.75404488985829E+18
6970	9.69629609662702E+18
6980	9.6387279262929E+18
6990	9.58130785868721E+18
7000	9.52399961443214E+18
7010	9.4667671412574E+18
7020	9.4095898762981E+18
7030	9.35245454011158E+18
7040	9.29535258581614E+18
7050	9.23828136248492E+18
7060	9.18124522341468E+18
7070	9.12425652692381E+18
7080	9.06733647613976E+18
7090	9.01051574670108E+18
7100	8.95383485728536E+18
7110	8.89734424691723E+18
7120	8.84110403437203E+18
7130	8.78518344773995E+18
7140	8.72965992534303E+18
7150	8.6746300134317E+18
7160	8.62024678328581E+18
7170	8.56668645709513E+18
7180	8.51413217122529E+18
7190	8.46276745533146E+18
7200	8.41276874628002E+18
7210	8.36429715876752E+18
7220	8.31748976804407E+18
7230	8.27245069483744E+18
7240	8.22924232768451E+18
7250	8.18787708350376E+18
7260	8.1483102022339E+18
7270	8.11043420028797E+18
7280	8.07407576636469E+18
7290	8.0389929600369E+18
7300	8.00479489194944E+18
7310	7.97099040663958E+18
7320	7.93714815250658E+18
7330	7.90292279435751E+18
7340	7.86806520709524E+18
7350	7.83242400984194E+18
7360	7.79593902414892E+18
7370	7.75862806437202E+18
7380	7.72056916920319E+18
7390	7.68188079023766E+18
7400	7.64270245631246E+18
7410	7.60317802259279E+18
7420	7.56344289201253E+18
7430	7.52361574345384E+18
7440	7.4837945244069E+18
7450	7.44405655460089E+18
7460	7.40445959067433E+18
7470	7.36504362125784E+18
7480	7.32583548314033E+18
7490	7.28685265569171E+18
7500	7.24810609322763E+18
7510	7.20960228613677E+18
7520	7.171344725955E+18
7530	7.13333492437969E+18
7540	7.09557310793814E+18
7550	7.0580586828478E+18
7560	7.02079054082853E+18
7570	6.98376725715958E+18
7580	6.94698721712928E+18
7590	6.91044869572339E+18
7600	6.87414990725628E+18
7610	6.83808903597988E+18
7620	6.8022642546761E+18
7630	6.76667373590802E+18
7640	6.73131565880528E+18
7650	6.69618821305895E+18
7660	6.66128960123894E+18
7670	6.62661804010921E+18
7680	6.59217176134572E+18
7690	6.55794901189922E+18
7700	6.52394805414714E+18
7710	6.49016716592039E+18
7720	6.45660464045611E+18
7730	6.42325878630689E+18
7740	6.39012792722442E+18
7750	6.35721040202841E+18
7760	6.3245045644674E+18
7770	6.29200878307511E+18
7780	6.25972144102489E+18
7790	6.2276409359835E+18
7800	6.19576567996529E+18
7810	6.1640940991871E+18
7820	6.13262463392422E+18
7830	6.10135573836773E+18
7840	6.07028588048323E+18
7850	6.03941354187101E+18
7860	6.00873721762774E+18
7870	5.97825541620968E+18
7880	5.94796665929739E+18
7890	5.91786948166198E+18
7900	5.88796243103281E+18
7910	5.85824406796674E+18
7920	5.82871296571881E+18
7930	5.7993677101144E+18
7940	5.7702068994228E+18
7950	5.74122914423229E+18
7960	5.71243306732646E+18
7970	5.68381730356211E+18
7980	5.65538049974841E+18
7990	5.62712131452741E+18
8000	5.59903841825595E+18
8010	5.57113049288883E+18
8020	5.54339623186328E+18
8030	5.51583433998478E+18
8040	5.48844353331404E+18
8050	5.46122253905532E+18
8060	5.43417009544586E+18
8070	5.40728495164659E+18
8080	5.38056586763402E+18
8090	5.35401161409315E+18
8100	5.32762097231163E+18
8110	5.30139273407492E+18
8120	5.27532570156238E+18
8130	5.24941868724425E+18
8140	5.22367051377943E+18
8150	5.19808001391414E+18
8160	5.17264603038098E+18
8170	5.14736741579837E+18
8180	5.12224303256995E+18
8190	5.09727175278351E+18
8200	5.07245245810912E+18
8210	5.0477840396953E+18
8220	5.02326539806256E+18
8230	4.99889544299263E+18
8240	4.97467309341147E+18
8250	4.95059727726333E+18
8260	4.92666693137226E+18
8270	4.9028810012858E+18
8280	4.87923844109421E+18
8290	4.85573821321572E+18
8300	4.83237928813522E+18
8310	4.80916064408888E+18
8320	4.786081266759E+18
8330	4.76314014885383E+18
8340	4.74033628956917E+18
8350	4.71766869396674E+18
8360	4.69513637223338E+18
8370	4.67273833880723E+18
8380	4.65047361136057E+18
8390	4.62834120963464E+18
8400	4.60634015412998E+18
8410	4.58446946466683E+18
8420	4.56272815884366E+18
8430	4.54111525043892E+18
8440	4.51962974781913E+18
8450	4.49827065243636E+18
8460	4.47703695751793E+18
8470	4.45592764706859E+18
8480	4.43494169532018E+18
8490	4.41407806677208E+18
8500	4.39333571696696E+18
8510	4.37271358302589E+18
8520	4.352210535532E+18
8530	4.33182537364909E+18
8540	4.31155681172161E+18
8550	4.29140345270686E+18
8560	4.27136375383103E+18
8570	4.25143598202383E+18
8580	4.23161815590662E+18
8590	4.21190797009369E+18
8600	4.19230269625028E+18
8610	4.17279905365634E+18
8620	4.15339303986034E+18
8630	4.13407970927447E+18
8640	4.11485288416112E+18
8650	4.09570477830574E+18
8660	4.07662550871809E+18
8670	4.05760246498773E+18
8680	4.03861949961485E+18
8690	4.01965589613838E+18
8700	4.00068506590924E+18
8710	3.98167296061307E+18
8720	3.96258083990443E+18
8730	3.94337289390096E+18
8740	3.92401537156944E+18
8750	3.90447972613525E+18
8760	3.88474708523256E+18
8770	3.86481303180513E+18
8780	3.84469214872564E+18
8790	3.82442170344947E+18
8800	3.80406386748746E+18
8810	3.78370597957371E+18
8820	3.76345854939571E+18
8830	3.74345092389682E+18
8840	3.72382476013691E+18
8850	3.70472563515594E+18
8860	3.68629325797344E+18
8870	3.66865083456693E+18
8880	3.65189419318171E+18
8890	3.63608133552655E+18
8900	3.62122317284027E+18
8910	3.60727635982571E+18
8920	3.59413935702555E+18
8930	3.58165094411768E+18
8940	3.56955858076033E+18
8950	3.5575673531478E+18
8960	3.54542310423099E+18
8970	3.53293475041598E+18
8980	3.51998521731122E+18
8990	3.50653203029891E+18
9000	3.49259792184253E+18
9010	3.4782536708225E+18
9020	3.46359697214755E+18
9030	3.44873183089739E+18
9040	3.43375241406805E+18
9050	3.4187336041342E+18
9060	3.40372832609544E+18
9070	3.38876992487687E+18
9080	3.37387707451637E+18
9090	3.359058973491E+18
9100	3.34431948803336E+18
9110	3.32965985795296E+18
9120	3.31508018887594E+18
9130	3.30058015735842E+18
9140	3.28615929874304E+18
9150	3.27181710930576E+18
9160	3.25755307793779E+18
9170	3.24336669477912E+18
9180	3.2292574532877E+18
9190	3.21522485066399E+18
9200	3.20126838790802E+18
9210	3.18738756980282E+18
9220	3.17358190488452E+18
9230	3.15985090541037E+18
9240	3.14619408732662E+18
9250	3.13261097023669E+18
9260	3.11910107736962E+18
9270	3.10566393554886E+18
9280	3.09229907516127E+18
9290	3.07900603012657E+18
9300	3.06578433786693E+18
9310	3.05263353927694E+18
9320	3.03955317869387E+18
9330	3.02654280386819E+18
9340	3.01360196593437E+18
9350	3.00073021938197E+18
9360	2.98792712202705E+18
9370	2.97519223498376E+18
9380	2.96252512263628E+18
9390	2.94992535261102E+18
9400	2.93739249574905E+18
9410	2.92492612607882E+18
9420	2.91252582078913E+18
9430	2.90019116020237E+18
9440	2.887921727748E+18
9450	2.8757171099363E+18
9460	2.86357689633233E+18
9470	2.85150067953021E+18
9480	2.83948805512754E+18
9490	2.82753862170017E+18
9500	2.81565198077716E+18
9510	2.80382773681592E+18
9520	2.79206549717771E+18
9530	2.78036487210326E+18
9540	2.76872547468867E+18
9550	2.75714692086155E+18
9560	2.74562882935731E+18
9570	2.7341708216958E+18
9580	2.72277252215802E+18
9590	2.71143355776317E+18
9600	2.70015355824585E+18
9610	2.6889321560335E+18
9620	2.67776898622401E+18
9630	2.66666368656364E+18
9640	2.65561589742499E+18
9650	2.64462526178531E+18
9660	2.63369142520497E+18
9670	2.6228140358061E+18
9680	2.61199274425145E+18
9690	2.60122720372347E+18
9700	2.59051706990354E+18
9710	2.57986200095143E+18
9720	2.5692616574849E+18
9730	2.55871570255958E+18
9740	2.5482238016489E+18
9750	2.53778562262437E+18
9760	2.52740083573589E+18
9770	2.51706911359231E+18
9780	2.50679013114219E+18
9790	2.49656356565469E+18
9800	2.48638909670069E+18
9810	2.47626640613397E+18
9820	2.46619517807275E+18
9830	2.45617509888118E+18
9840	2.44620585715118E+18
9850	2.43628714368437E+18
9860	2.42641865147411E+18
9870	2.41660007568784E+18
9880	2.40683111364946E+18
9890	2.39711146482191E+18
9900	2.38744083078991E+18
9910	2.3778189152429E+18
9920	2.36824542395803E+18
9930	2.35872006478341E+18
9940	2.34924254762145E+18
9950	2.33981258441237E+18
9960	2.33042988911787E+18
9970	2.3210941777049E+18
9980	2.31180516812965E+18
9990	2.30256258032163E+18
10000	2.29336613616787E+18
10010	2.28421555949738E+18
10020	2.27511057606558E+18
10030	2.26605091353903E+18
10040	2.25703630148016E+18
10050	2.24806647133225E+18
10060	2.2391411564045E+18
10070	2.23026009185717E+18
10080	2.22142301468697E+18
10090	2.2126296637125E+18
10100	2.20387977955983E+18
10110	2.19517310464824E+18
10120	2.18650938317605E+18
10130	2.17788836110658E+18
10140	2.1693097861543E+18
10150	2.16077340777097E+18
10160	2.15227897713203E+18
10170	2.14382624712307E+18
10180	2.13541497232638E+18
10190	2.12704490900764E+18
10200	2.11871581510279E+18
10210	2.11042745020491E+18
10220	2.1021795755513E+18
10230	2.09397195401061E+18
10240	2.08580435007013E+18
10250	2.07767652982321E+18
10260	2.06958826095668E+18
10270	2.06153931273851E+18
10280	2.05352945600553E+18
10290	2.04555846315121E+18
10300	2.0376261081136E+18
10310	2.02973216636341E+18
10320	2.02187641489206E+18
10330	2.01405863219999E+18
10340	2.00627859828499E+18
10350	1.9985360946306E+18
10360	1.99083090419471E+18
10370	1.98316281139818E+18
10380	1.97553160211355E+18
10390	1.96793706365395E+18
10400	1.96037898476195E+18
10410	1.95285715559865E+18
10420	1.9453713677328E+18
10430	1.93792141412999E+18
10440	1.93050708914199E+18
10450	1.92312818849611E+18
10460	1.91578450928477E+18
10470	1.90847584995501E+18
10480	1.9012020102982E+18
10490	1.8939627914398E+18
10500	1.88675799582921E+18
10510	1.87958742722969E+18
10520	1.87245089070842E+18
10530	1.86534819262655E+18
10540	1.85827914062946E+18
10550	1.85124354363698E+18
10560	1.84424121183378E+18
10570	1.83727195665979E+18
10580	1.83033559080075E+18
10590	1.82343192817877E+18
10600	1.81656078394303E+18
10610	1.80972197446054E+18
10620	1.80291531730693E+18
10630	1.79614063125736E+18
10640	1.78939773627747E+18
10650	1.78268645351435E+18
10660	1.77600660528754E+18
10670	1.76935801508002E+18
10680	1.76274050752916E+18
10690	1.7561539084175E+18
10700	1.74959804466336E+18
10710	1.74307274431102E+18
10720	1.73657783652045E+18
10730	1.7301131515562E+18
10740	1.72367852077527E+18
10750	1.71727377661354E+18
10760	1.7108987525703E+18
10770	1.70455328319041E+18
10780	1.69823720404354E+18
10790	1.69195035169977E+18
10800	1.68569256370109E+18
10810	1.67946367852811E+18
10820	1.67326353556163E+18
10830	1.66709197502981E+18
10840	1.66094883792516E+18
10850	1.65483396591736E+18
10860	1.64874720123661E+18
10870	1.64268838651902E+18
10880	1.63665736460342E+18
10890	1.6306539782631E+18
10900	1.62467806985044E+18
10910	1.61872948082515E+18
10920	1.61280805112647E+18
10930	1.60691361833695E+18
10940	1.60104601656702E+18
10950	1.59520507496675E+18
10960	1.58939061573928E+18
10970	1.58360245148978E+18
10980	1.57784038168917E+18
10990	1.57210418796113E+18
11000	1.5663936278087E+18
11010	1.5607084262774E+18
11020	1.55504826489892E+18
11030	1.5494127670655E+18
11040	1.54380147874044E+18
11050	1.53821384310717E+18
11060	1.53264916738809E+18
11070	1.52710657961769E+18
11080	1.52158497262854E+18
11090	1.51608293190487E+18
11100	1.51059864328809E+18
11110	1.5051297758061E+18
11120	1.49967333418864E+18
11130	1.49422547499278E+18
11140	1.48878127979738E+18
11150	1.48333447876971E+18
11160	1.47787712590642E+18
11170	1.47239962301589E+18
11180	1.46689098275254E+18
11190	1.46133859487172E+18
11200	1.45572831219404E+18
11210	1.45004469511461E+18
11220	1.44427140288455E+18
11230	1.43839173379694E+18
11240	1.432389302434E+18
11250	1.42624882745354E+18
11260	1.41995698994665E+18
11270	1.4135033120778E+18
11280	1.40688100003406E+18
11290	1.40008769511209E+18
11300	1.39312608211495E+18
11310	1.38600431438634E+18
11320	1.37873622842971E+18
11330	1.37134133642657E+18
11340	1.36384460029269E+18
11350	1.35627600459234E+18
11360	1.34866995645587E+18
11370	1.34106454789144E+18
11380	1.33350071932732E+18
11390	1.32602136308407E+18
11400	1.31867040230375E+18
11410	1.31149187540445E+18
11420	1.3045290492056E+18
11430	1.29782357628641E+18
11440	1.29141470460527E+18
11450	1.28533854050584E+18
11460	1.27962736041868E+18
11470	1.27430896217391E+18
11480	1.26940604412961E+18
11490	1.26493559951468E+18
11500	1.26090831470974E+18
11510	1.25732796391401E+18
11520	1.25419052810915E+18
11530	1.25147331790562E+18
11540	1.24913293712504E+18
11550	1.24712007943839E+18
11560	1.24538143239148E+18
11570	1.24386064534525E+18
11580	1.24249938404489E+18
11590	1.24123848863252E+18
11600	1.24001924033835E+18
11610	1.23878472728471E+18
11620	1.23748128229089E+18
11630	1.23605994622939E+18
11640	1.23447789092842E+18
11650	1.23269971809935E+18
11660	1.23069853817842E+18
11670	1.22845672858776E+18
11680	1.225966277952E+18
11690	1.22322864369882E+18
11700	1.22025408605201E+18
11710	1.21706049002883E+18
11720	1.21367174390968E+18
11730	1.21011579983974E+18
11740	1.20642258952221E+18
11750	1.20262199468952E+18
11760	1.19874206974155E+18
11770	1.19480767930117E+18
11780	1.19083965041E+18
11790	1.18685445919945E+18
11800	1.18286439201215E+18
11810	1.17887805885222E+18
11820	1.17490110581406E+18
11830	1.17093697691211E+18
11840	1.16698760846831E+18
11850	1.16305398735235E+18
11860	1.1591365522892E+18
11870	1.15523545315173E+18
11880	1.15135070164555E+18
11890	1.14748224992434E+18
11900	1.14363002728072E+18
11910	1.1397939553919E+18
11920	1.13597395392686E+18
11930	1.13216994235902E+18
11940	1.12838184047649E+18
11950	1.12460956850474E+18
11960	1.12085304713002E+18
11970	1.11711219750098E+18
11980	1.11338694122634E+18
11990	1.1096772003719E+18
12000	1.1059828974575E+18
12010	1.10230395545401E+18
12020	1.09864029778033E+18
12030	1.09499184830042E+18
12040	1.09135853132033E+18
12050	1.08774027158527E+18
12060	1.08413699427674E+18
12070	1.08054862500958E+18
12080	1.07697508982916E+18
12090	1.07341631520848E+18
12100	1.06987222804539E+18
12110	1.06634275565979E+18
12120	1.06282782579081E+18
12130	1.05932736659407E+18
12140	1.05584130663894E+18
12150	1.05236957490582E+18
12160	1.04891210078342E+18
12170	1.04546881406612E+18
12180	1.04203964495128E+18
12190	1.03862452403657E+18
12200	1.03522338231742E+18
12210	1.03183615118436E+18
12220	1.02846276242045E+18
12230	1.02510314819873E+18
12240	1.02175724107966E+18
12250	1.0184249740086E+18
12260	1.01510628031329E+18
12270	1.01180109370137E+18
12280	1.00850934825792E+18
12290	1.00523097844298E+18
12300	1.00196591908912E+18
12310	9.98714105399054E+17
12320	9.95475472943186E+17
12330	9.92249957657274E+17
12340	9.89037495840037E+17
12350	9.8583802415082E+17
12360	9.82651479607255E+17
12370	9.79477799582952E+17
12380	9.76316921805197E+17
12390	9.73168784352677E+17
12400	9.70033325653207E+17
12410	9.66910484481492E+17
12420	9.63800199956886E+17
12430	9.60702411541184E+17
12440	9.5761705903642E+17
12450	9.54544082582678E+17
12460	9.51483422655934E+17
12470	9.48435020065896E+17
12480	9.45398815953871E+17
12490	9.42374751790642E+17
12500	9.39362769374361E+17
12510	9.36362810828462E+17
12520	9.3337481859958E+17
12530	9.30398735455494E+17
12540	9.27434504483078E+17
12550	9.24482069086272E+17
12560	9.21541372984059E+17
12570	9.18612360208473E+17
12580	9.15694975102598E+17
12590	9.12789162318604E+17
12600	9.09894866815782E+17
12610	9.07012033858598E+17
12620	9.04140609014763E+17
12630	9.01280538153311E+17
12640	8.98431767442697E+17
12650	8.95594243348908E+17
12660	8.92767912633577E+17
12670	8.89952722352126E+17
12680	8.87148619851911E+17
12690	8.84355552770388E+17
12700	8.81573469033281E+17
12710	8.78802316852774E+17
12720	8.76042044725712E+17
12730	8.73292601431812E+17
12740	8.70553936031892E+17
12750	8.67825997866102E+17
12760	8.65108736552187E+17
12770	8.62402101983737E+17
12780	8.5970604432847E+17
12790	8.57020514026518E+17
12800	8.54345461788727E+17
12810	8.51680838594964E+17
12820	8.49026595692448E+17
12830	8.46382684594076E+17
12840	8.43749057076776E+17
12850	8.41125665179865E+17
12860	8.38512461203414E+17
12870	8.35909397706632E+17
12880	8.3331642750626E+17
12890	8.30733503674971E+17
12900	8.28160579539787E+17
12910	8.25597608680504E+17
12920	8.2304454492813E+17
12930	8.20501342363328E+17
12940	8.1796795531488E+17
12950	8.15444338358154E+17
12960	8.12930446313582E+17
12970	8.1042623424515E+17
12980	8.07931657458903E+17
12990	8.05446671501452E+17
13000	8.02971232158494E+17
13010	8.00505295453348E+17
13020	7.98048817645494E+17
13030	7.95601755229124E+17
13040	7.93164064931707E+17
13050	7.90735703712557E+17
13060	7.88316628761417E+17
13070	7.85906797497046E+17
13080	7.83506167565828E+17
13090	7.81114696840372E+17
13100	7.78732343418141E+17
13110	7.76359065620077E+17
13120	7.73994821989241E+17
13130	7.71639571289461E+17
13140	7.69293272503988E+17
13150	7.66955884834167E+17
13160	7.64627367698107E+17
13170	7.6230768072937E+17
13180	7.59996783775664E+17
13190	7.57694636897542E+17
13200	7.5540120036712E+17
13210	7.53116434666792E+17
13220	7.5084030048796E+17
13230	7.48572758729774E+17
13240	7.46313770497874E+17
13250	7.4406329710315E+17
13260	7.41821300060499E+17
13270	7.39587741087602E+17
13280	7.373625821037E+17
13290	7.35145785228384E+17
13300	7.32937312780393E+17
13310	7.30737127276411E+17
13320	7.28545191429889E+17
13330	7.26361468149861E+17
13340	7.24185920539768E+17
13350	7.22018511896303E+17
13360	7.19859205708251E+17
13370	7.17707965655338E+17
13380	7.15564755607095E+17
13390	7.13429539621723E+17
13400	7.1130228194497E+17
13410	7.0918294700901E+17
13420	7.07071499431337E+17
13430	7.04967904013656E+17
13440	7.02872125740799E+17
13450	7.00784129779622E+17
13460	6.98703881477936E+17
13470	6.96631346363431E+17
13480	6.94566490142607E+17
13490	6.92509278699714E+17
13500	6.90459678095706E+17
13510	6.88417654567187E+17
13520	6.86383174525383E+17
13530	6.84356204555101E+17
13540	6.82336711413711E+17
13550	6.80324662030124E+17
13560	6.78320023503785E+17
13570	6.76322763103666E+17
13580	6.7433284826727E+17
13590	6.72350246599638E+17
13600	6.70374925872367E+17
13610	6.68406854022631E+17
13620	6.6644599915221E+17
13630	6.64492329526521E+17
13640	6.62545813573668E+17
13650	6.60606419883479E+17
13660	6.5867411720657E+17
13670	6.56748874453396E+17
13680	6.54830660693323E+17
13690	6.52919445153701E+17
13700	6.51015197218937E+17
13710	6.49117886429586E+17
13720	6.47227482481436E+17
13730	6.45343955224609E+17
13740	6.43467274662659E+17
13750	6.41597410951684E+17
13760	6.3973433439944E+17
13770	6.37878015464457E+17
13780	6.36028424755169E+17
13790	6.34185533029042E+17
13800	6.32349311191713E+17
13810	6.30519730296134E+17
13820	6.28696761541715E+17
13830	6.26880376273484E+17
13840	6.25070545981242E+17
13850	6.23267242298727E+17
13860	6.21470437002788E+17
13870	6.19680102012559E+17
13880	6.17896209388636E+17
13890	6.16118731332271E+17
13900	6.14347640184554E+17
13910	6.12582908425617E+17
13920	6.10824508673832E+17
13930	6.09072413685019E+17
13940	6.07326596351659E+17
13950	6.05587029702109E+17
13960	6.03853686899826E+17
13970	6.02126541242593E+17
13980	6.00405566161752E+17
13990	5.98690735221441E+17
14000	5.96982022117835E+17
14010	5.95279400678393E+17
14020	5.93582844861113E+17
14030	5.91892328753782E+17
14040	5.90207826573245E+17
14050	5.88529312664662E+17
14060	5.86856761500787E+17
14070	5.8519014768124E+17
14080	5.83529445931785E+17
14090	5.81874631103617E+17
14100	5.80225678172651E+17
14110	5.78582562238815E+17
14120	5.76945258525347E+17
14130	5.75313742378099E+17
14140	5.73687989264845E+17
14150	5.7206797477459E+17
14160	5.70453674616889E+17
14170	5.68845064621162E+17
14180	5.67242120736023E+17
14190	5.65644819028609E+17
14200	5.64053135683909E+17
14210	5.62467047004104E+17
14220	5.60886529407909E+17
14230	5.59311559429916E+17
14240	5.57742113719946E+17
14250	5.56178169042401E+17
14260	5.54619702275625E+17
14270	5.53066690411261E+17
14280	5.51519110553621E+17
14290	5.49976939919054E+17
14300	5.48440155835322E+17
14310	5.46908735740972E+17
14320	5.45382657184727E+17
14330	5.43861897824864E+17
14340	5.42346435428605E+17
14350	5.40836247871514E+17
14360	5.39331313136889E+17
14370	5.37831609315165E+17
14380	5.3633711460332E+17
14390	5.34847807304283E+17
14400	5.33363665826341E+17
14410	5.31884668682563E+17
14420	5.30410794490214E+17
14430	5.28942021970176E+17
14440	5.27478329946381E+17
14450	5.26019697345236E+17
14460	5.24566103195059E+17
14470	5.23117526625514E+17
14480	5.21673946867054E+17
14490	5.20235343250364E+17
14500	5.18801695205809E+17
14510	5.17372982262884E+17
14520	5.15949184049669E+17
14530	5.14530280292287E+17
14540	5.13116250814366E+17
14550	5.11707075536501E+17
14560	5.10302734475723E+17
14570	5.0890320774497E+17
14580	5.07508475552562E+17
14590	5.06118518201678E+17
14600	5.04733316089832E+17
14610	5.03352849708364E+17
14620	5.01977099641918E+17
14630	5.00606046567937E+17
14640	4.99239671256148E+17
14650	4.97877954568052E+17
14660	4.96520877456424E+17
14670	4.9516842096479E+17
14680	4.93820566226922E+17
14690	4.92477294466311E+17
14700	4.91138586995634E+17
14710	4.89804425216197E+17
14720	4.8847479061735E+17
14730	4.87149664775854E+17
14740	4.85829029355188E+17
14750	4.8451286610475E+17
14760	4.83201156858934E+17
14770	4.81893883536014E+17
14780	4.80591028136775E+17
14790	4.79292572742778E+17
14800	4.77998499514154E+17
14810	4.76708790686743E+17
14820	4.75423428568377E+17
14830	4.74142395534013E+17
14840	4.72865674019374E+17
14850	4.71593246512645E+17
14860	4.70325095543663E+17
14870	4.69061203669887E+17
14880	4.67801553458337E+17
14890	4.66546127463391E+17
14900	4.6529490819903E+17
14910	4.64047878103268E+17
14920	4.62805019494584E+17
14930	4.61566314518594E+17
14940	4.60331745083389E+17
14950	4.59101292781861E+17
14960	4.57874938799333E+17
14970	4.56652663804776E+17
14980	4.55434447824025E+17
14990	4.54220270093511E+17
15000	4.53010108893306E+17
15010	4.51803941358588E+17
15020	4.50601743269091E+17
15030	4.49403488816657E+17
15040	4.4820915035162E+17
15050	4.47018698109535E+17
15060	4.45832099920541E+17
15070	4.44649320904555E+17
15080	4.43470323156398E+17
15090	4.42295065425881E+17
15100	4.4112350279878E+17
15110	4.39955586385479E+17
15120	4.38791263024804E+17
15130	4.37630475011212E+17
15140	4.3647315985393E+17
15150	4.35319250076953E+17
15160	4.34168673068818E+17
15170	4.33021350990937E+17
15180	4.31877200752815E+17
15190	4.30736134061821E+17
15200	4.29598057554258E+17
15210	4.28462873013355E+17
15220	4.27330477678422E+17
15230	4.26200764647925E+17
15240	4.25073623377543E+17
15250	4.23948940272523E+17
15260	4.22826599371849E+17
15270	4.21706483119889E+17
15280	4.20588473219439E+17
15290	4.19472451558364E+17
15300	4.18358301200493E+17
15310	4.17245907430008E+17
15320	4.16135158837399E+17
15330	4.15025948434037E+17
15340	4.13918174781759E+17
15350	4.12811743123334E+17
15360	4.11706566499508E+17
15370	4.10602566838384E+17
15380	4.094996760032E+17
15390	4.08397836785118E+17
15400	4.07297003828419E+17
15410	4.06197144476465E+17
15420	4.05098239527899E+17
15430	4.04000283893877E+17
15440	4.02903287148444E+17
15450	4.01807273965672E+17
15460	4.00712284438646E+17
15470	3.99618374276902E+17
15480	3.98525614880431E+17
15490	3.97434093289798E+17
15500	3.96343912013348E+17
15510	3.95255188733749E+17
15520	3.94168055897363E+17
15530	3.93082646035934E+17
15540	3.91999005424768E+17
15550	3.90917133034121E+17
15560	3.89837013986181E+17
15570	3.88758618994823E+17
15580	3.87681903784561E+17
15590	3.86606808574714E+17
15600	3.85533257613593E+17
15610	3.84461158747721E+17
15620	3.83390403011471E+17
15630	3.82320864222984E+17
15640	3.81252398572858E+17
15650	3.80184844192749E+17
15660	3.79118020691745E+17
15670	3.78051728649117E+17
15680	3.76985749052776E+17
15690	3.75919842673538E+17
15700	3.74853749366015E+17
15710	3.73787187287712E+17
15720	3.72719852028617E+17
15730	3.71651415644336E+17
15740	3.70581525586564E+17
15750	3.69509803525466E+17
15760	3.68435844059377E+17
15770	3.67359213308088E+17
15780	3.66279447387007E+17
15790	3.65196050760483E+17
15800	3.64108494473868E+17
15810	3.63016214265198E+17
15820	3.61918608558959E+17
15830	3.60815036346182E+17
15840	3.59704814957131E+17
15850	3.58587217735178E+17
15860	3.5746147162309E+17
15870	3.56326754675946E+17
15880	3.55182193518289E+17
15890	3.54026860766865E+17
15900	3.52859772444566E+17
15910	3.51679885415806E+17
15920	3.50486094878704E+17
15930	3.49277231954998E+17
15940	3.48052061424601E+17
15950	3.46809279658103E+17
15960	3.45547512807236E+17
15970	3.44265315320315E+17
15980	3.42961168856768E+17
15990	3.41633481682076E+17
16000	3.40280588631375E+17
16010	3.38900751736695E+17
16020	3.37492161618798E+17
16030	3.36052939749826E+17
16040	3.34581141696935E+17
16050	3.33074761459604E+17
16060	3.31531737013861E+17
16070	3.2994995717499E+17
16080	3.28327269885833E+17
16090	3.26661492030267E+17
16100	3.24950420860426E+17
16110	3.23191847111273E+17
16120	3.21383569857086E+17
16130	3.19523413140907E+17
16140	3.17609244379973E+17
16150	3.15638994517624E+17
16160	3.1361067985521E+17
16170	3.11522425456564E+17
16180	3.09372489973064E+17
16190	3.07159291689996E+17
16200	3.04881435545748E+17
16210	3.02537740825459E+17
16220	3.00127269181568E+17
16230	2.97649366083813E+17
16240	2.95104892432007E+17
16250	2.92497290983854E+17
16260	2.89830747297116E+17
16270	2.87109946088754E+17
16280	2.84340031631237E+17
16290	2.81526559206729E+17
16300	2.78675438954271E+17
16310	2.75792873635642E+17
16320	2.7288529197361E+17
16330	2.69959279278692E+17
16340	2.67021507078015E+17
16350	2.64078663396496E+17
16360	2.61137385223526E+17
16370	2.58204194536716E+17
16380	2.55285439058746E+17
16390	2.5238723870524E+17
16400	2.49515438451829E+17
16410	2.46675568117794E+17
16420	2.43872809340795E+17
16430	2.4111196981012E+17
16440	2.38397464640272E+17
16450	2.35733304606822E+17
16460	2.33123090834587E+17
16470	2.30570015425324E+17
16480	2.28076867437463E+17
16490	2.25646043582728E+17
16500	2.23279562981022E+17
16510	2.20979085312903E+17
16520	2.18745931725042E+17
16530	2.1658110787472E+17
16540	2.14485328541505E+17
16550	2.12459043284567E+17
16560	2.10502462679871E+17
16570	2.08615584730317E+17
16580	2.06798221101739E+17
16590	2.05050022896828E+17
16600	2.03370505736141E+17
16610	2.01759073969289E+17
16620	2.00215043889217E+17
16630	1.98737665867515E+17
16640	1.97326145368293E+17
16650	1.95979662831988E+17
16660	1.94697392448392E+17
16670	1.9347851986024E+17
16680	1.92322258855382E+17
16690	1.91227867117471E+17
16700	1.90194661113154E+17
16710	1.89222030199098E+17
16720	1.88309450035739E+17
16730	1.87456495397649E+17
16740	1.86662852473446E+17
16750	1.8592833075187E+17
16760	1.85252874595008E+17
16770	1.84636574604438E+17
16780	1.8407967889048E+17
16790	1.835826043578E+17
16800	1.83145948120932E+17
16810	1.8277049915933E+17
16820	1.82457250311721E+17
16830	1.82207410692128E+17
16840	1.82022418583389E+17
16850	1.81903954826687E+17
16860	1.81853956676081E+17
16870	1.81874632023802E+17
16880	1.81968473823398E+17
16890	1.82138274441989E+17
16900	1.82387139557344E+17
16910	1.82718501077184E+17
16920	1.83136128392731E+17
16930	1.83644137080353E+17
16940	1.84246993926821E+17
16950	1.84949516865742E+17
16960	1.85756868063961E+17
16970	1.86674537974409E+17
16980	1.87708317662561E+17
16990	1.8886425610534E+17
17000	1.90148598444323E+17
17010	1.91567023108819E+17
17020	1.93122485141915E+17
17030	1.94816874583442E+17
17040	1.96651433482748E+17
17050	1.98626537642506E+17
17060	2.00741452487505E+17
17070	2.02994063878683E+17
17080	2.05380586532912E+17
17090	2.07895255144127E+17
17100	2.10530006398871E+17
17110	2.13274163872926E+17
17120	2.16114142257732E+17
17130	2.19033192370559E+17
17140	2.22011213683332E+17
17150	2.25024666201461E+17
17160	2.28046617736154E+17
17170	2.31046964968876E+17
17180	2.33992865960688E+17
17190	2.36849416457415E+17
17200	2.39580590971217E+17
17210	2.42150450884787E+17
17220	2.44524595065323E+17
17230	2.46671794213083E+17
17240	2.48565710718185E+17
17250	2.50186565794089E+17
17260	2.51522582254061E+17
17270	2.5257101374207E+17
17280	2.53338579467481E+17
17290	2.53841165678797E+17
17300	2.54102734220578E+17
17310	2.54153488836933E+17
17320	2.54027474799667E+17
17330	2.5375990027078E+17
17340	2.53384537089751E+17
17350	2.52931557765062E+17
17360	2.52426083979519E+17
17370	2.51887574181779E+17
17380	2.51330002596757E+17
17390	2.50762630899897E+17
17400	2.50191091450125E+17
17410	2.49618505660426E+17
17420	2.49046437194045E+17
17430	2.48475587012468E+17
17440	2.47906232284364E+17
17450	2.47338466972457E+17
17460	2.46772315985395E+17
17470	2.46207781780093E+17
17480	2.45644860597715E+17
17490	2.45083547243002E+17
17500	2.44523836259407E+17
17510	2.43965722167308E+17
17520	2.43409199503215E+17
17530	2.42854262824848E+17
17540	2.42300906711585E+17
17550	2.41749125764401E+17
17560	2.41198914605777E+17
17570	2.406502678796E+17
17580	2.40103180251064E+17
17590	2.39557646406576E+17
17600	2.39013661053659E+17
17610	2.38471218920855E+17
17620	2.37930314757631E+17
17630	2.37390943334283E+17
17640	2.36853099441843E+17
17650	2.36316777891982E+17
17660	2.35781973516922E+17
17670	2.35248681169338E+17
17680	2.34716895722267E+17
17690	2.34186612069018E+17
17700	2.33657825123078E+17
17710	2.33130529818021E+17
17720	2.32604721107419E+17
17730	2.32080393964751E+17
17740	2.31557543383313E+17
17750	2.31036164376129E+17
17760	2.30516251975864E+17
17770	2.2999780123473E+17
17780	2.29480807224407E+17
17790	2.28965265035946E+17
17800	2.2845116977969E+17
17810	2.27938516585182E+17
17820	2.27427300601081E+17
17830	2.26917516995078E+17
17840	2.26409160953807E+17
17850	2.25902227682763E+17
17860	2.25396712406216E+17
17870	2.24892610367128E+17
17880	2.2438991682707E+17
17890	2.23888627066136E+17
17900	2.23388736382864E+17
17910	2.22890240094152E+17
17920	2.22393133535175E+17
17930	2.21897412059304E+17
17940	2.21403071038028E+17
17950	2.20910105860869E+17
17960	2.20418511935304E+17
17970	2.19928284686685E+17
17980	2.19439419558158E+17
17990	2.18951912010586E+17
18000	2.18465757522469E+17
18010	2.17980951589869E+17
18020	2.17497489726325E+17
18030	2.17015367462782E+17
18040	2.16534580347513E+17
18050	2.16055123946038E+17
18060	2.15576993841052E+17
18070	2.1510018563235E+17
18080	2.14624694936744E+17
18090	2.14150517387998E+17
18100	2.13677648636745E+17
18110	2.13206084350417E+17
18120	2.12735820213167E+17
18130	2.122668519258E+17
18140	2.11799175205698E+17
18150	2.11332785786744E+17
18160	2.10867679419254E+17
18170	2.104038518699E+17
18180	2.09941298921642E+17
18190	2.09480016373655E+17
18200	2.09020000041257E+17
18210	2.0856124575584E+17
18220	2.08103749364797E+17
18230	2.07647506731453E+17
18240	2.07192513734997E+17
18250	2.06738766270409E+17
18260	2.06286260248395E+17
18270	2.05834991595314E+17
18280	2.05384956253111E+17
18290	2.04936150179252E+17
18300	2.04488569346651E+17
18310	2.04042209743606E+17
18320	2.03597067373732E+17
18330	2.03153138255891E+17
18340	2.02710418424131E+17
18350	2.02268903927613E+17
18360	2.01828590830551E+17
18370	2.01389475212144E+17
18380	2.0095155316651E+17
18390	2.00514820802625E+17
18400	2.00079274244253E+17
18410	1.99644909629885E+17
18420	1.99211723112676E+17
18430	1.98779710860379E+17
18440	1.98348869055282E+17
18450	1.97919193894148E+17
18460	1.97490681588148E+17
18470	1.97063328362801E+17
18480	1.96637130457913E+17
18490	1.96212084127514E+17
18500	1.95788185639793E+17
18510	1.95365431277044E+17
18520	1.94943817335601E+17
18530	1.94523340125777E+17
18540	1.94103995971804E+17
18550	1.93685781211774E+17
18560	1.9326869219758E+17
18570	1.92852725294854E+17
18580	1.92437876882911E+17
18590	1.92024143354687E+17
18600	1.91611521116683E+17
18610	1.91200006588905E+17
18620	1.90789596204809E+17
18630	1.90380286411237E+17
18640	1.89972073668367E+17
18650	1.89564954449652E+17
18660	1.89158925241762E+17
18670	1.88753982544531E+17
18680	1.88350122870898E+17
18690	1.87947342746851E+17
18700	1.87545638711373E+17
18710	1.87145007316385E+17
18720	1.86745445126691E+17
18730	1.86346948719922E+17
18740	1.85949514686485E+17
18750	1.85553139629503E+17
18760	1.85157820164767E+17
18770	1.84763552920677E+17
18780	1.84370334538189E+17
18790	1.83978161670764E+17
18800	1.83587030984316E+17
18810	1.83196939157151E+17
18820	1.82807882879926E+17
18830	1.82419858855587E+17
18840	1.8203286379932E+17
18850	1.81646894438503E+17
18860	1.81261947512648E+17
18870	1.80878019773353E+17
18880	1.8049510798425E+17
18890	1.80113208920956E+17
18900	1.79732319371019E+17
18910	1.79352436133869E+17
18920	1.78973556020771E+17
18930	1.78595675854768E+17
18940	1.78218792470638E+17
18950	1.77842902714841E+17
18960	1.77468003445471E+17
18970	1.77094091532206E+17
18980	1.76721163856261E+17
18990	1.76349217310336E+17
19000	1.75978248798572E+17
19010	1.75608255236501E+17
19020	1.75239233550995E+17
19030	1.74871180680224E+17
19040	1.74504093573607E+17
19050	1.74137969191759E+17
19060	1.73772804506453E+17
19070	1.73408596500568E+17
19080	1.73045342168042E+17
19090	1.72683038513828E+17
19100	1.72321682553847E+17
19110	1.71961271314942E+17
19120	1.71601801834832E+17
19130	1.71243271162069E+17
19140	1.70885676355988E+17
19150	1.70529014486666E+17
19160	1.70173282634876E+17
19170	1.69818477892043E+17
19180	1.69464597360198E+17
19190	1.69111638151935E+17
19200	1.68759597390366E+17
19210	1.68408472209079E+17
19220	1.68058259752094E+17
19230	1.67708957173817E+17
19240	1.67360561639001E+17
19250	1.670130703227E+17
19260	1.66666480410227E+17
19270	1.66320789097113E+17
19280	1.65975993589062E+17
19290	1.65632091101909E+17
19300	1.65289078861582E+17
19310	1.64946954104055E+17
19320	1.64605714075311E+17
19330	1.64265356031295E+17
19340	1.63925877237881E+17
19350	1.63587274970822E+17
19360	1.63249546515716E+17
19370	1.6291268916796E+17
19380	1.62576700232717E+17
19390	1.62241577024866E+17
19400	1.61907316868971E+17
19410	1.61573917099236E+17
19420	1.61241375059464E+17
19430	1.60909688103025E+17
19440	1.60578853592806E+17
19450	1.60248868901183E+17
19460	1.59919731409973E+17
19470	1.59591438510401E+17
19480	1.59263987603056E+17
19490	1.58937376097861E+17
19500	1.58611601414023E+17
19510	1.58286660980008E+17
19520	1.57962552233493E+17
19530	1.57639272621332E+17
19540	1.57316819599519E+17
19550	1.56995190633151E+17
19560	1.56674383196387E+17
19570	1.56354394772416E+17
19580	1.56035222853418E+17
19590	1.55716864940527E+17
19600	1.55399318543793E+17
19610	1.55082581182149E+17
19620	1.54766650383373E+17
19630	1.54451523684052E+17
19640	1.54137198629547E+17
19650	1.53823672773954E+17
19660	1.53510943680074E+17
19670	1.53199008919373E+17
19680	1.52887866071949E+17
19690	1.52577512726497E+17
19700	1.52267946480273E+17
19710	1.51959164939059E+17
19720	1.51651165717132E+17
19730	1.51343946437223E+17
19740	1.5103750473049E+17
19750	1.50731838236479E+17
19760	1.50426944603091E+17
19770	1.50122821486551E+17
19780	1.49819466551369E+17
19790	1.49516877470313E+17
19800	1.49215051924369E+17
19810	1.48913987602715E+17
19820	1.48613682202681E+17
19830	1.48314133429721E+17
19840	1.48015338997377E+17
19850	1.47717296627249E+17
19860	1.47420004048963E+17
19870	1.47123459000134E+17
19880	1.4682765922634E+17
19890	1.46532602481086E+17
19900	1.46238286525773E+17
19910	1.45944709129667E+17
19920	1.45651868069867E+17
19930	1.45359761131273E+17
19940	1.45068386106556E+17
19950	1.44777740796127E+17
19960	1.44487823008103E+17
19970	1.44198630558281E+17
19980	1.43910161270102E+17
19990	1.43622412974624E+17
20000	1.43335383510492E+17
