2000	37990056886991.6
2010	40923774651089.1
2020	44045191851369.9
2030	47379717844051.7
2040	50958197518875.8
2050	54810026631139.2
2060	58955680696134.5
2070	63401783917868
2080	68141402924285.2
2090	73159997270056.6
2100	78445592775071.2
2110	84000451545112.2
2120	89850338562870.4
2130	96046098706472.9
2140	102657011991356
2150	109757577291681
2160	117409572404585
2170	125644024106893
2180	134453669843579
2190	143795870026347
2200	153605758385334
2210	163823581357427
2220	174422710184310
2230	185429438433378
2240	196936692417023
2250	209096625483464
2260	222092837636517
2270	236109950093649
2280	251284247299168
2290	267670081419336
2300	285225642766823
2310	303805499771399
2320	323205282568597
2330	343204816837178
2340	363637770636079
2350	384457706721126
2360	405759955062557
2370	427818236497609
2380	451031925616013
2390	475887008427201
2400	502855036331042
2410	532311649486047
2420	564458404686914
2430	599236181059120
2440	636359130825705
2450	675294711119659
2460	715407191490634
2470	756024893703047
2480	796663982651810
2490	837060014220220
2500	877384513852081
2510	918159730227907
2520	960323141290410
2530	1.00502909902964E+15
2540	1.0535870945623E+15
2550	1.10713256565474E+15
2560	1.16662895991819E+15
2570	1.23245312160799E+15
2580	1.30456289016582E+15
2590	1.38217927963636E+15
2600	1.46408075846447E+15
2610	1.54854235783421E+15
2620	1.63372120882541E+15
2630	1.71781541968293E+15
2640	1.79948975420858E+15
2650	1.87804676165186E+15
2660	1.95373230968815E+15
2670	2.02774478312856E+15
2680	2.10218555369648E+15
2690	2.17996018573836E+15
2700	2.26422448217371E+15
2710	2.35837140812347E+15
2720	2.46517780395417E+15
2730	2.58681444222737E+15
2740	2.72435018635767E+15
2750	2.8774474191965E+15
2760	3.04469331978889E+15
2770	3.2230748374229E+15
2780	3.40876437986927E+15
2790	3.59708479651643E+15
2800	3.78297265138342E+15
2810	3.96202534050526E+15
2820	4.13013546563278E+15
2830	4.28543717987491E+15
2840	4.42725134562068E+15
2850	4.55769154271428E+15
2860	4.68094385610967E+15
2870	4.80289832346752E+15
2880	4.93153951878962E+15
2890	5.07518951888806E+15
2900	5.24191186311529E+15
2910	5.4399606588035E+15
2920	5.67445246370575E+15
2930	5.94912118550876E+15
2940	6.26530443764408E+15
2950	6.6201096725974E+15
2960	7.0091570882604E+15
2970	7.42483592648091E+15
2980	7.85716435126341E+15
2990	8.2951309846022E+15
3000	8.72687838668232E+15
3010	9.13984878709921E+15
3020	9.52394455101619E+15
3030	9.86969974646117E+15
3040	1.0171454539104E+16
3050	1.04283944217947E+16
3060	1.06419866907455E+16
3070	1.08216551481806E+16
3080	1.09801784628164E+16
3090	1.11333054607902E+16
3100	1.13021033779373E+16
3110	1.15085439755846E+16
3120	1.17724201867099E+16
3130	1.21124594247138E+16
3140	1.25475715929125E+16
3150	1.30856396262182E+16
3160	1.37308920544019E+16
3170	1.44853674705002E+16
3180	1.53395546959474E+16
3190	1.62790456268395E+16
3200	1.72858231899557E+16
3210	1.8337705027876E+16
3220	1.94075652164759E+16
3230	2.04674628170382E+16
3240	2.14915120892969E+16
3250	2.24517382154693E+16
3260	2.3323510429079E+16
3270	2.40877942255986E+16
3280	2.47270648742658E+16
3290	2.52325889374498E+16
3300	2.56055889079189E+16
3310	2.58504396290373E+16
3320	2.5985341556369E+16
3330	2.60431695733504E+16
3340	2.60576411163162E+16
3350	2.60713017116342E+16
3360	2.61392698830146E+16
3370	2.63165925225676E+16
3380	2.66529010850563E+16
3390	2.71877269758683E+16
3400	2.79643371815515E+16
3410	2.90231998069414E+16
3420	3.03691423544353E+16
3430	3.19999840706877E+16
3440	3.39131385868521E+16
3450	3.60865533167166E+16
3460	3.84806948020653E+16
3470	4.10441750351244E+16
3480	4.37218292944912E+16
3490	4.64593735200217E+16
3500	4.91920509291312E+16
3510	5.18497303234755E+16
3520	5.43767065986035E+16
3530	5.6719581110782E+16
3540	5.88241581358867E+16
3550	6.06469429774437E+16
3560	6.21569233269448E+16
3570	6.33282352132186E+16
3580	6.41436346002223E+16
3590	6.46041422164109E+16
3600	6.47197719684983E+16
3610	6.45063892897623E+16
3620	6.4007409782378E+16
3630	6.32975164039954E+16
3640	6.24504886989878E+16
3650	6.15408060105163E+16
3660	6.06884086008631E+16
3670	6.00314384121749E+16
3680	5.96990853426219E+16
3690	5.98087038589309E+16
3700	6.04429957018867E+16
3710	6.1686769437436E+16
3720	6.36451781079455E+16
3730	6.64057891980025E+16
3740	6.99536697822642E+16
3750	7.425911118895E+16
3760	7.92888189913483E+16
3770	8.49932409158536E+16
3780	9.12925734092244E+16
3790	9.80745213879674E+16
3800	1.05188013205738E+17
3810	1.12471827620777E+17
3820	1.19803011068334E+17
3830	1.27047104224902E+17
3840	1.34051407886693E+17
3850	1.40665641417717E+17
3860	1.46780916414142E+17
3870	1.52299141213192E+17
3880	1.5712813355208E+17
3890	1.61188511733008E+17
3900	1.64432066164703E+17
3910	1.66829806752731E+17
3920	1.68366719677617E+17
3930	1.69041987951183E+17
3940	1.68872602298302E+17
3950	1.6789037449144E+17
3960	1.66137716515095E+17
3970	1.63666391177346E+17
3980	1.60559056571619E+17
3990	1.56936122170606E+17
4000	1.52916090951263E+17
4010	1.48609747648956E+17
4020	1.44152076251987E+17
4030	1.39848727391954E+17
4040	1.36025897872567E+17
4050	1.3296585315451E+17
4060	1.30922765230693E+17
4070	1.30101612698136E+17
4080	1.30656850780296E+17
4090	1.32775093245957E+17
4100	1.36700242958152E+17
4110	1.427320545423E+17
4120	1.50950710308906E+17
4130	1.6127034523774E+17
4140	1.73593773766546E+17
4150	1.87780926101842E+17
4160	2.03636045275283E+17
4170	2.20990503615247E+17
4180	2.39637045460401E+17
4190	2.59278160863408E+17
4200	2.79513194173555E+17
4210	2.9988892515705E+17
4220	3.20099130046536E+17
4230	3.39864605367573E+17
4240	3.58888224534729E+17
4250	3.76861128767023E+17
4260	3.93488980268072E+17
4270	4.08561196401437E+17
4280	4.21908731696863E+17
4290	4.33389774471903E+17
4300	4.42891913713241E+17
4310	4.50335372515378E+17
4320	4.55682613908852E+17
4330	4.5893127000009E+17
4340	4.60108773744171E+17
4350	4.59270062037907E+17
4360	4.5649613840588E+17
4370	4.51906485163434E+17
4380	4.45648683034281E+17
4390	4.37881812641841E+17
4400	4.2877203207993E+17
4410	4.18488431962275E+17
4420	4.07167382702173E+17
4430	3.94888431863681E+17
4440	3.81734637287942E+17
4450	3.67798536488485E+17
4460	3.53180703367111E+17
4470	3.38039450595161E+17
4480	3.22944745635938E+17
4490	3.08567699625759E+17
4500	2.95446415099526E+17
4510	2.84009904574662E+17
4520	2.74610636465199E+17
4530	2.67576654854973E+17
4540	2.6327524108128E+17
4550	2.62109632485175E+17
4560	2.64559621677656E+17
4570	2.71243583708996E+17
4580	2.82992035534926E+17
4590	3.00411339183713E+17
4600	3.23452596006173E+17
4610	3.52029365506261E+17
4620	3.8598074543771E+17
4630	4.24953798544255E+17
4640	4.68292321439885E+17
4650	5.15347378075882E+17
4660	5.65775137177497E+17
4670	6.19104371770028E+17
4680	6.74675714987027E+17
4690	7.31625743639862E+17
4700	7.88882984598941E+17
4710	8.45419418298227E+17
4720	9.00565535679212E+17
4730	9.53706122606914E+17
4740	1.00424957792933E+18
4750	1.05164002176399E+18
4760	1.0953680512546E+18
4770	1.13499144472348E+18
4780	1.17017887482068E+18
4790	1.20068312501888E+18
4800	1.22633082705872E+18
4810	1.24702102848778E+18
4820	1.26272215071323E+18
4830	1.27346685373335E+18
4840	1.27933475426044E+18
4850	1.28044939327944E+18
4860	1.27698284605516E+18
4870	1.26914975122683E+18
4880	1.2572007774352E+18
4890	1.24141603224096E+18
4900	1.22210057273641E+18
4910	1.19958420866981E+18
4920	1.17420734545203E+18
4930	1.14631266692644E+18
4940	1.11624021539037E+18
4950	1.08432311239716E+18
4960	1.0508838017799E+18
4970	1.01619597025858E+18
4980	9.80442636209228E+17
4990	9.43800122418871E+17
5000	9.06449796465928E+17
5010	8.68575958689571E+17
5020	8.30363802576036E+17
5030	7.91997821189964E+17
5040	7.53751107842412E+17
5050	7.16065806769405E+17
5060	6.79326935550159E+17
5070	6.43836825116545E+17
5080	6.09825945446096E+17
5090	5.77464624186997E+17
5100	5.46874760822495E+17
5110	5.18413871586487E+17
5120	4.93373594777618E+17
5130	4.73015148667556E+17
5140	4.58395050178455E+17
5150	4.50515822962397E+17
5160	4.50500542309244E+17
5170	4.59803188572493E+17
5180	4.80355317247502E+17
5190	5.13115552278105E+17
5200	5.58277558628238E+17
5210	6.16259535863954E+17
5220	6.87475981496641E+17
5230	7.72047323739159E+17
5240	8.69468464506892E+17
5250	9.78251300719683E+17
5260	1.09614647260194E+18
5270	1.2220169463142E+18
5280	1.35487832943274E+18
5290	1.49344883140763E+18
5300	1.63615031854649E+18
5310	1.78112374289202E+18
5320	1.92626095303488E+18
5330	2.06925427543394E+18
5340	2.20795149369282E+18
5350	2.34092825392589E+18
5360	2.46702660594565E+18
5370	2.58527419925351E+18
5380	2.69489150051856E+18
5390	2.79529154266095E+18
5400	2.88607353058372E+18
5410	2.9670116877676E+18
5420	3.03799077427903E+18
5430	3.09888623469008E+18
5440	3.14966881687981E+18
5450	3.19041952640892E+18
5460	3.22131608383841E+18
5470	3.24261927770253E+18
5480	3.25465967476031E+18
5490	3.25782503112377E+18
5500	3.25254899285144E+18
5510	3.2393032017695E+18
5520	3.21858695284013E+18
5530	3.19091780908763E+18
5540	3.15682451154741E+18
5550	3.1168408537313E+18
5560	3.07150041835001E+18
5570	3.02133207848461E+18
5580	2.96685580121486E+18
5590	2.90849467852357E+18
5600	2.84647569891846E+18
5610	2.78101146146474E+18
5620	2.71232800560772E+18
5630	2.64066420514648E+18
5640	2.56627106427215E+18
5650	2.4894108958407E+18
5660	2.41035636394151E+18
5670	2.32939358396509E+18
5680	2.24705279793447E+18
5690	2.16418353663694E+18
5700	2.08157683290767E+18
5710	1.99993201976763E+18
5720	1.91985849109149E+18
5730	1.84187900907418E+18
5740	1.76643429705689E+18
5750	1.6938886583834E+18
5760	1.6245341996616E+18
5770	1.55814451720742E+18
5780	1.49353313439506E+18
5790	1.42957382745608E+18
5800	1.36534168972207E+18
5810	1.30010843626376E+18
5820	1.23334198060975E+18
5830	1.16470804445883E+18
5840	1.09407157584048E+18
5850	1.02149579170039E+18
5860	9.47518803360815E+17
5870	8.74971540828519E+17
5880	8.07043087974054E+17
5890	7.45993192553485E+17
5900	6.93324718698266E+17
5910	6.50005973345159E+17
5920	6.16704140688084E+17
5930	5.9401782312141E+17
5940	5.82713024089873E+17
5950	5.83983218782417E+17
5960	5.99215194281313E+17
5970	6.28560708559667E+17
5980	6.72409869823972E+17
5990	7.31744200740502E+17
6000	8.07976797564322E+17
6010	9.02766170665743E+17
6020	1.01776560126498E+18
6030	1.15427914085033E+18
6040	1.312814998195E+18
6050	1.49256204372183E+18
6060	1.69125098959109E+18
6070	1.90678571598702E+18
6080	2.13663776337702E+18
6090	2.37736488702199E+18
6100	2.62469446378658E+18
6110	2.87371422948027E+18
6120	3.11916898284524E+18
6130	3.355838049899E+18
6140	3.57894325093223E+18
6150	3.78452019142578E+18
6160	3.96971785930481E+18
6170	4.13360879551206E+18
6180	4.27685858616745E+18
6190	4.40062583423123E+18
6200	4.50633793052095E+18
6210	4.59554583957057E+18
6220	4.66981886534942E+18
6230	4.7306750685018E+18
6240	4.77954026811617E+18
6250	4.817728044253E+18
6260	4.84643394306662E+18
6270	4.86671770625822E+18
6280	4.8793243115438E+18
6290	4.88482351245705E+18
6300	4.88375454087973E+18
6310	4.87662521275391E+18
6320	4.86391072464988E+18
6330	4.84605372533234E+18
6340	4.82346527857056E+18
6350	4.79652639849411E+18
6360	4.76558990157088E+18
6370	4.73098237647816E+18
6380	4.69300564770595E+18
6390	4.6519284795132E+18
6400	4.60798923463672E+18
6410	4.56140862270864E+18
6420	4.51239231173036E+18
6430	4.46113272982952E+18
6440	4.40781054836397E+18
6450	4.35259588645584E+18
6460	4.29564927882102E+18
6470	4.23712244922693E+18
6480	4.17715893127293E+18
6490	4.11589457652271E+18
6500	4.0534478147369E+18
6510	3.98987879231568E+18
6520	3.92522827810567E+18
6530	3.85953547967045E+18
6540	3.79283829000016E+18
6550	3.72517356108982E+18
6560	3.656577423883E+18
6570	3.58708566242595E+18
6580	3.51673414665797E+18
6590	3.44555932437177E+18
6600	3.37359876864644E+18
6610	3.3008917726688E+18
6620	3.22749220832992E+18
6630	3.15351940177044E+18
6640	3.07910384417458E+18
6650	3.00436328704584E+18
6660	2.92940423346231E+18
6670	2.85432361379219E+18
6680	2.77921054838381E+18
6690	2.70414812089549E+18
6700	2.62921508961704E+18
6710	2.55448747152155E+18
6720	2.48003994409207E+18
6730	2.40594702230299E+18
6740	2.33228113837383E+18
6750	2.25902262474561E+18
6760	2.18606146612416E+18
6770	2.1133206543458E+18
6780	2.04076006811571E+18
6790	1.96837287188789E+18
6800	1.89618220562481E+18
6810	1.82423805436753E+18
6820	1.75261420430305E+18
6830	1.68140521016589E+18
6840	1.6107233175872E+18
6850	1.54069530357329E+18
6860	1.47145921864474E+18
6870	1.40316713301548E+18
6880	1.33612661231084E+18
6890	1.27075059355982E+18
6900	1.2073643085573E+18
6910	1.1462078626871E+18
6920	1.0874499930454E+18
6930	1.031201707286E+18
6940	9.77528899429134E+17
6950	9.26463481955228E+17
6960	8.78012916943828E+17
6970	8.32168271247652E+17
6980	7.88911077706507E+17
6990	7.48219381260039E+17
7000	7.10073413745416E+17
7010	6.74615897302807E+17
7020	6.42552513492568E+17
7030	6.14603409110386E+17
7040	5.9137138677202E+17
7050	5.73386652896938E+17
7060	5.61159873368124E+17
7070	5.55242238033923E+17
7080	5.56292888473095E+17
7090	5.65155818651053E+17
7100	5.82950005407468E+17
7110	6.11177759935074E+17
7120	6.51856448176824E+17
7130	7.07676244698877E+17
7140	7.82177936221075E+17
7150	8.793972223235E+17
7160	1.00200830136535E+18
7170	1.15189242252151E+18
7180	1.32980377189634E+18
7190	1.5344383960481E+18
7200	1.76153672829877E+18
7210	2.00340209268015E+18
7220	2.24932230773011E+18
7230	2.48719706185697E+18
7240	2.70607227793951E+18
7250	2.89851683937739E+18
7260	3.0615553696603E+18
7270	3.1957246286005E+18
7280	3.30318277149767E+18
7290	3.3863251690532E+18
7300	3.44820706147986E+18
7310	3.49245794137215E+18
7320	3.52231617143833E+18
7330	3.54065923208095E+18
7340	3.54998129323245E+18
7350	3.55236387825057E+18
7360	3.5494833843738E+18
7370	3.54265327629501E+18
7380	3.53288429932819E+18
7390	3.52094772081314E+18
7400	3.50743260613287E+18
7410	3.49279331175558E+18
7420	3.47738654553107E+18
7430	3.4614988487505E+18
7440	3.44536531339669E+18
7450	3.42912424213057E+18
7460	3.41278558500005E+18
7470	3.39634735555556E+18
7480	3.37980888435833E+18
7490	3.36317027047433E+18
7500	3.3464318483081E+18
7510	3.32959366989882E+18
7520	3.31265499970651E+18
7530	3.29561381598751E+18
7540	3.27846631016015E+18
7550	3.26120637314316E+18
7560	3.2438250555564E+18
7570	3.22630998696111E+18
7580	3.20864473807584E+18
7590	3.19080810927737E+18
7600	3.17277365642073E+18
7610	3.15451944935196E+18
7620	3.13603097008282E+18
7630	3.11728993758714E+18
7640	3.09827402893558E+18
7650	3.07895734206386E+18
7660	3.05931088134825E+18
7670	3.03930308655956E+18
7680	3.01890042098499E+18
7690	2.9980680291901E+18
7700	2.97677046904494E+18
7710	2.95497251636247E+18
7720	2.9326400339992E+18
7730	2.90974089084635E+18
7740	2.88624591016068E+18
7750	2.86212982154963E+18
7760	2.83737218702812E+18
7770	2.81195654821765E+18
7780	2.78586341455882E+18
7790	2.75907550023685E+18
7800	2.73158088718357E+18
7810	2.70337356552783E+18
7820	2.67445388797081E+18
7830	2.64482892308735E+18
7840	2.61451269409202E+18
7850	2.5835262929386E+18
7860	2.55189786342351E+18
7870	2.51966245105004E+18
7880	2.48686172157631E+18
7890	2.4535435542098E+18
7900	2.41976151912797E+18
7910	2.38557425222608E+18
7920	2.35104474258131E+18
7930	2.31623954997766E+18
7940	2.28122621942759E+18
7950	2.2460542218868E+18
7960	2.21076172558956E+18
7970	2.17538802295087E+18
7980	2.13997368666773E+18
7990	2.10456046672219E+18
8000	2.06919112406391E+18
8010	2.03390919329406E+18
8020	1.99875866678E+18
8030	1.96378359292559E+18
8040	1.92902758193937E+18
8050	1.89453321354534E+18
8060	1.86034134285832E+18
8070	1.8264903033038E+18
8080	1.79301500919883E+18
8090	1.75994596559268E+18
8100	1.72730819928819E+18
8110	1.69512013261085E+18
8120	1.66339633969904E+18
8130	1.63218986413467E+18
8140	1.60156785299739E+18
8150	1.57157555572187E+18
8160	1.54223688934718E+18
8170	1.51355655171424E+18
8180	1.48552285559458E+18
8190	1.45811111616092E+18
8200	1.43128739066279E+18
8210	1.40501235171286E+18
8220	1.37924507584696E+18
8230	1.35394654661892E+18
8240	1.32908270407096E+18
8250	1.30462691600734E+18
8260	1.28056179612847E+18
8270	1.25688034455008E+18
8280	1.23358643280211E+18
8290	1.21069469436113E+18
8300	1.18822991074331E+18
8310	1.16620907522525E+18
8320	1.14452005640656E+18
8330	1.12298939975649E+18
8340	1.10144606795488E+18
8350	1.07972101583795E+18
8360	1.05764695501691E+18
8370	1.03505862872497E+18
8380	1.01179355319138E+18
8390	9.87693231820903E+17
8400	9.62604886181969E+17
8410	9.36383773315226E+17
8420	9.08896170443801E+17
8430	8.80023102388479E+17
8440	8.49664859229579E+17
8450	8.17746297062719E+17
8460	7.84222829293947E+17
8470	7.49086899255308E+17
8480	7.12374582031455E+17
8490	6.74171807117123E+17
8500	6.34619545786556E+17
8510	5.94029046371734E+17
8520	5.53173229217224E+17
8530	5.12873902157673E+17
8540	4.73854663592378E+17
8550	4.36717858554519E+17
8560	4.01932760727704E+17
8570	3.69835374913125E+17
8580	3.40638333107406E+17
8590	3.14448192896305E+17
8600	2.91287096652329E+17
8610	2.71116044296379E+17
8620	2.53857707144717E+17
8630	2.39417516525971E+17
8640	2.27702522820105E+17
8650	2.18638148604357E+17
8660	2.12183434215458E+17
8670	2.08345720467289E+17
8680	2.07195977176135E+17
8690	2.0888621472628E+17
8700	2.13670642379906E+17
8710	2.21930976031746E+17
8720	2.34062341973717E+17
8730	2.5034369060765E+17
8740	2.7114124800296E+17
8750	2.96916674803058E+17
8760	3.28201950918527E+17
8770	3.65562821285961E+17
8780	4.09546234407369E+17
8790	4.60609073183251E+17
8800	5.19029960624462E+17
8810	5.84813992794761E+17
8820	6.57611614631273E+17
8830	7.36683995164681E+17
8840	8.2094930822146E+17
8850	9.09123426933445E+17
8860	9.99913786294003E+17
8870	1.0921479615587E+18
8880	1.18467479571993E+18
8890	1.27595760513908E+18
8900	1.36353149238381E+18
8910	1.44378687750107E+18
8920	1.51254575921342E+18
8930	1.56641059060194E+18
8940	1.60431255474856E+18
8950	1.62764931126768E+18
8960	1.63933384719714E+18
8970	1.64278864762125E+18
8980	1.64107871867457E+18
8990	1.63647053438217E+18
9000	1.63040106419886E+18
9010	1.62367028709591E+18
9020	1.61667654752291E+18
9030	1.60960014478757E+18
9040	1.6025163632595E+18
9050	1.59545458177023E+18
9060	1.58842560749017E+18
9070	1.58143317129217E+18
9080	1.57447842391805E+18
9090	1.56756160300929E+18
9100	1.56068262887842E+18
9110	1.55384131278011E+18
9120	1.54703742904487E+18
9130	1.54027074010049E+18
9140	1.53354100524098E+18
9150	1.52684798375051E+18
9160	1.52019143603742E+18
9170	1.51357112405118E+18
9180	1.50698681143752E+18
9190	1.50043826358954E+18
9200	1.49392524765959E+18
9210	1.48744753255624E+18
9220	1.48100488893465E+18
9230	1.47459708918406E+18
9240	1.46822390741402E+18
9250	1.46188511944018E+18
9260	1.45558050276981E+18
9270	1.44930983658737E+18
9280	1.44307290174021E+18
9290	1.43686948072426E+18
9300	1.43069935766991E+18
9310	1.42456231832799E+18
9320	1.41845815005592E+18
9330	1.4123866418039E+18
9340	1.40634758410136E+18
9350	1.40034076904341E+18
9360	1.39436599027754E+18
9370	1.38842304299031E+18
9380	1.38251172389428E+18
9390	1.37663183121505E+18
9400	1.37078316467831E+18
9410	1.36496552549715E+18
9420	1.35917871635935E+18
9430	1.35342254141483E+18
9440	1.34769680626317E+18
9450	1.34200131794107E+18
9460	1.33633588490987E+18
9470	1.33070031704287E+18
9480	1.32509442561228E+18
9490	1.31951802327551E+18
9500	1.3139709240602E+18
9510	1.30845294334708E+18
9520	1.30296389784901E+18
9530	1.29750360558356E+18
9540	1.29207188583486E+18
9550	1.28666855909748E+18
9560	1.28129344699111E+18
9570	1.27594637212793E+18
9580	1.27062715790455E+18
9590	1.26533562817547E+18
9600	1.26007160674309E+18
9610	1.25483491656826E+18
9620	1.24962537856262E+18
9630	1.24444280976597E+18
9640	1.239287020637E+18
9650	1.23415781109075E+18
9660	1.22905496473484E+18
9670	1.22397824048069E+18
9680	1.21892736087644E+18
9690	1.21390199593238E+18
9700	1.20890174106863E+18
9710	1.20392608758355E+18
9720	1.19897438380083E+18
9730	1.19404578487918E+18
9740	1.18913918919038E+18
9750	1.18425315923711E+18
9760	1.17938582534196E+18
9770	1.17453477084024E+18
9780	1.16969689829039E+18
9790	1.16486827729636E+18
9800	1.16004397591064E+18
9810	1.15521787921689E+18
9820	1.15038250050289E+18
9830	1.14552879231503E+18
9840	1.14064596649162E+18
9850	1.13572133383433E+18
9860	1.13074017521766E+18
9870	1.12568565648534E+18
9880	1.12053879929621E+18
9890	1.11527851906355E+18
9900	1.10988173924383E+18
9910	1.10432358851035E+18
9920	1.09857768584846E+18
9930	1.09261663818493E+18
9940	1.08641266984958E+18
9950	1.07993808696691E+18
9960	1.07316588336051E+18
9970	1.06607038979711E+18
9980	1.05862793094897E+18
9990	1.05081746533629E+18
10000	1.0426211837113E+18
10010	1.0340250429278E+18
10020	1.02501921516906E+18
10030	1.01559843626218E+18
10040	1.00576224140244E+18
10050	9.9551508162624E+17
10060	9.84866319479955E+17
10070	9.73830107228213E+17
10080	9.62425155365402E+17
10090	9.5067440293235E+17
10100	9.38604604056042E+17
10110	9.26245847151198E+17
10120	9.13631024340001E+17
10130	9.00795268906161E+17
10140	8.87775378092616E+17
10150	8.74609237399421E+17
10160	8.61335260879954E+17
10170	8.47991859915179E+17
10180	8.34616950710052E+17
10190	8.21247508433811E+17
10200	8.07919173630043E+17
10210	7.9466479058428E+17
10220	7.8151094376723E+17
10230	7.6848130675764E+17
10240	7.55597724076179E+17
10250	7.42880219964199E+17
10260	7.30347023530457E+17
10270	7.18014607128225E+17
10280	7.05897735214994E+17
10290	6.94009521315568E+17
10300	6.82361491048169E+17
10310	6.70963649476076E+17
10320	6.59824551308461E+17
10330	6.48951372688456E+17
10340	6.38349983467794E+17
10350	6.28025018968206E+17
10360	6.17979950261056E+17
10370	6.08217151947957E+17
10380	5.98737966285425E+17
10390	5.89542762256887E+17
10400	5.80630987850985E+17
10410	5.7200121336047E+17
10420	5.63651162989761E+17
10430	5.55577731488783E+17
10440	5.47776981978073E+17
10450	5.40244120683191E+17
10460	5.32973444069684E+17
10470	5.25958253996956E+17
10480	5.19190737134085E+17
10490	5.12661806136525E+17
10500	5.0636090207347E+17
10510	5.00276901736843E+17
10520	4.94400689324767E+17
10530	4.88720806567113E+17
10540	4.83222322773859E+17
10550	4.77887011292831E+17
10560	4.72693622276767E+17
10570	4.67618266231902E+17
10580	4.62634915089332E+17
10590	4.57716017585355E+17
10600	4.52833214745814E+17
10610	4.47958130651299E+17
10620	4.43063204808729E+17
10630	4.38122526519614E+17
10640	4.33112629344788E+17
10650	4.28013205335852E+17
10660	4.22807703841963E+17
10670	4.17483787690839E+17
10680	4.12033629389344E+17
10690	4.06454040583401E+17
10700	4.00746438297495E+17
10710	3.94916660550875E+17
10720	3.88974651183198E+17
10730	3.82934038762039E+17
10740	3.76811637204152E+17
10750	3.70626896364662E+17
10760	3.64401329642028E+17
10770	3.58157943019015E+17
10780	3.51920686355587E+17
10790	3.45713943598711E+17
10800	3.3956207425701E+17
10810	3.33489014312764E+17
10820	3.27517901434816E+17
10830	3.2166104898423E+17
10840	3.15906366255104E+17
10850	3.10236187668155E+17
10860	3.0463085518405E+17
10870	2.99069173167629E+17
10880	2.93528813375893E+17
10890	2.87986677357121E+17
10900	2.82419225175179E+17
10910	2.76802780144246E+17
10920	2.71113819447572E+17
10930	2.65329260283916E+17
10940	2.59426750618921E+17
10950	2.53384972735353E+17
10960	2.47183966551317E+17
10970	2.40805478056022E+17
10980	2.34233336132632E+17
10990	2.2745385843521E+17
11000	2.2045628382183E+17
11010	2.13233225121387E+17
11020	2.05781131793124E+17
11030	1.98100747475133E+17
11040	1.90197542759907E+17
11050	1.82082099137433E+17
11060	1.73770416366628E+17
11070	1.65284113109223E+17
11080	1.56650490054035E+17
11090	1.47902426508428E+17
11100	1.39078085953475E+17
11110	1.30220413555718E+17
11120	1.21376419009093E+17
11130	1.12596250891773E+17
11140	1.03932083128538E+17
11150	9.5436848967124E+16
11160	8.71634580311024E+16
11170	7.91859167791989E+16
11180	7.1595565841877E+16
11190	6.44626112765463E+16
11200	5.78344288962525E+16
11210	5.17375862199336E+16
11220	4.61805927765157E+16
11230	4.11570478039419E+16
11240	3.66488879868058E+16
11250	3.26294981572447E+16
11260	2.90665187520419E+16
11270	2.59242526153584E+16
11280	2.31656323506451E+16
11290	2.07537540576535E+16
11300	1.86530134675083E+16
11310	1.68298978579308E+16
11320	1.5253494375622E+16
11330	1.38957754313207E+16
11340	1.27317173199538E+16
11350	1.17393013066819E+16
11360	1.08994387028249E+16
11370	1.01958540179595E+16
11380	9.61495379330997E+15
11390	9.14570358398333E+15
11400	8.77953197071152E+15
11410	8.51027856890206E+15
11420	8.33420288578109E+15
11430	8.25007274890374E+15
11440	8.25935522972642E+15
11450	8.36654008021393E+15
11460	8.57963658752866E+15
11470	8.91090080664338E+15
11480	9.37787340137059E+15
11490	1.00048417985107E+16
11500	1.08248883025604E+16
11510	1.18827541404736E+16
11520	1.32386761185751E+16
11530	1.49664236614002E+16
11540	1.71529605372903E+16
11550	1.99099678746393E+16
11560	2.33802994056327E+16
11570	2.77447764994896E+16
11580	3.32293787047962E+16
11590	4.01117014353408E+16
11600	4.87244758300943E+16
11610	5.94522526415645E+16
11620	7.27149516915281E+16
11630	8.89291233791536E+16
11640	1.08435608123152E+17
11650	1.31383792450869E+17
11660	1.57573672530345E+17
11670	1.86285709990605E+17
11680	2.16179953624579E+17
11690	2.45405049366831E+17
11700	2.7206404867504E+17
11710	2.95032373859469E+17
11720	3.14772567055405E+17
11730	3.33486516934282E+17
11740	3.54212054080471E+17
11750	3.79363598502778E+17
11760	4.09679557938422E+17
11770	4.43849680158846E+17
11780	4.7852649103205E+17
11790	5.08964164259647E+17
11800	5.30832390814017E+17
11810	5.42610383762017E+17
11820	5.46440205906968E+17
11830	5.46158567132158E+17
11840	5.44571825382387E+17
11850	5.42757818466492E+17
11860	5.40930426142427E+17
11870	5.39109891818416E+17
11880	5.37296997669981E+17
11890	5.35491717458392E+17
11900	5.33694012900528E+17
11910	5.31903845880012E+17
11920	5.30121178503952E+17
11930	5.28345973101513E+17
11940	5.26578192222434E+17
11950	5.24817798635553E+17
11960	5.23064755327342E+17
11970	5.21319025500457E+17
11980	5.19580572572293E+17
11990	5.17849360173554E+17
12000	5.16125352146834E+17
12010	5.14408512545206E+17
12020	5.12698805630823E+17
12030	5.1099619587353E+17
12040	5.09300647949486E+17
12050	5.07612126739795E+17
12060	5.05930597329146E+17
12070	5.04256025004472E+17
12080	5.02588375253606E+17
12090	5.00927613763955E+17
12100	4.99273706421184E+17
12110	4.97626619307904E+17
12120	4.95986318702379E+17
12130	4.94352771077233E+17
12140	4.92725943098172E+17
12150	4.91105801622714E+17
12160	4.8949231369893E+17
12170	4.87885446564191E+17
12180	4.86285167643929E+17
12190	4.84691444550399E+17
12200	4.83104245081463E+17
12210	4.81523537219367E+17
12220	4.79949289129544E+17
12230	4.78381469159408E+17
12240	4.76820045837176E+17
12250	4.7526498787068E+17
12260	4.73716264146202E+17
12270	4.72173843727308E+17
12280	4.70637695853697E+17
12290	4.69107789940057E+17
12300	4.67584095574924E+17
12310	4.66066582519558E+17
12320	4.6455522070682E+17
12330	4.63049980240061E+17
12340	4.61550831392017E+17
12350	4.60057744603716E+17
12360	4.58570690483386E+17
12370	4.57089639805377E+17
12380	4.55614563509092E+17
12390	4.54145432697916E+17
12400	4.52682218638163E+17
12410	4.51224892758029E+17
12420	4.49773426646547E+17
12430	4.48327792052552E+17
12440	4.46887960883662E+17
12450	4.4545390520525E+17
12460	4.44025597239436E+17
12470	4.42603009364085E+17
12480	4.41186114111807E+17
12490	4.39774884168966E+17
12500	4.38369292374702E+17
12510	4.36969311719949E+17
12520	4.3557491534647E+17
12530	4.34186076545897E+17
12540	4.3280276875877E+17
12550	4.31424965573593E+17
12560	4.30052640725894E+17
12570	4.28685768097287E+17
12580	4.27324321714546E+17
12590	4.25968275748682E+17
12600	4.24617604514032E+17
12610	4.23272282467346E+17
12620	4.21932284206889E+17
12630	4.20597584471545E+17
12640	4.19268158139925E+17
12650	4.1794398022949E+17
12660	4.16625025895669E+17
12670	4.15311270430992E+17
12680	4.14002689264225E+17
12690	4.12699257959514E+17
12700	4.11400952215531E+17
12710	4.10107747864628E+17
12720	4.08819620871999E+17
12730	4.07536547334846E+17
12740	4.06258503481549E+17
12750	4.04985465670848E+17
12760	4.0371741039102E+17
12770	4.02454314259077E+17
12780	4.01196154019952E+17
12790	3.99942906545708E+17
12800	3.98694548834739E+17
12810	3.97451058010983E+17
12820	3.96212411323142E+17
12830	3.94978586143902E+17
12840	3.93749559969162E+17
12850	3.9252531041727E+17
12860	3.9130581522826E+17
12870	3.90091052263095E+17
12880	3.88880999502921E+17
12890	3.8767563504832E+17
12900	3.86474937118567E+17
12910	3.85278884050902E+17
12920	3.84087454299794E+17
12930	3.8290062643622E+17
12940	3.81718379146944E+17
12950	3.80540691233805E+17
12960	3.79367541613005E+17
12970	3.78198909314403E+17
12980	3.77034773480822E+17
12990	3.75875113367344E+17
13000	3.7471990834063E+17
13010	3.73569137878229E+17
13020	3.72422781567897E+17
13030	3.71280819106924E+17
13040	3.7014323030146E+17
13050	3.69009995065846E+17
13060	3.67881093421945E+17
13070	3.66756505498454E+17
13080	3.65636211530173E+17
13090	3.64520191857131E+17
13100	3.63408426923346E+17
13110	3.62300897274666E+17
13120	3.61197583554445E+17
13130	3.6009846649439E+17
13140	3.59003526895046E+17
13150	3.579127455852E+17
13160	3.56826103340227E+17
13170	3.55743580723997E+17
13180	3.54665157794758E+17
13190	3.53590813579256E+17
13200	3.52520525168785E+17
13210	3.51454266224463E+17
13220	3.50392004597999E+17
13230	3.49333698680341E+17
13240	3.48279291957943E+17
13250	3.47228705195509E+17
13260	3.46181825593074E+17
13270	3.45138492211762E+17
13280	3.4409847701867E+17
13290	3.43061461022187E+17
13300	3.42027005191988E+17
13310	3.40994516182727E+17
13320	3.39963207297544E+17
13330	3.38932055613555E+17
13340	3.3789975671004E+17
13350	3.36864678944313E+17
13360	3.35824819658426E+17
13370	3.34777766020516E+17
13380	3.33720663363462E+17
13390	3.32650193849316E+17
13400	3.31562568046053E+17
13410	3.30453531558815E+17
13420	3.29318388234747E+17
13430	3.28152040699816E+17
13440	3.26949048140681E+17
13450	3.25703700375099E+17
13460	3.24410106421676E+17
13470	3.23062295040495E+17
13480	3.21654324117527E+17
13490	3.20180395341816E+17
13500	3.18634970394787E+17
13510	3.17012884840004E+17
13520	3.15309456059608E+17
13530	3.13520581909197E+17
13540	3.11642827225544E+17
13550	3.09673495885475E+17
13560	3.07610686740909E+17
13570	3.05453332406848E+17
13580	3.03201220521015E+17
13590	3.00854997696171E+17
13600	2.98416156924839E+17
13610	2.95887009654092E+17
13620	2.93270644114534E+17
13630	2.90570871758159E+17
13640	2.87792163835333E+17
13650	2.84939580227163E+17
13660	2.82018692654621E+17
13670	2.79035504321279E+17
13680	2.75996367924557E+17
13690	2.72907903804115E+17
13700	2.69776919797864E+17
13710	2.66610334157968E+17
13720	2.63415102651673E+17
13730	2.60198150743987E+17
13740	2.56966349735619E+17
13750	2.53726611712308E+17
13760	2.50485710485505E+17
13770	2.47250175684201E+17
13780	2.4402625038836E+17
13790	2.4081985596344E+17
13800	2.37636563881958E+17
13810	2.34481574216908E+17
13820	2.31359700400779E+17
13830	2.28275359775987E+17
13840	2.25232569415857E+17
13850	2.22234946667556E+17
13860	2.19285713857131E+17
13870	2.16387706599508E+17
13880	2.13543385170554E+17
13890	2.10754848421706E+17
13900	2.08023849747991E+17
13910	2.05351814655725E+17
13920	2.02739859514865E+17
13930	2.00188811121522E+17
13940	1.97699226737289E+17
13950	1.95271414312692E+17
13960	1.92905452641506E+17
13970	1.9060121123023E+17
13980	1.88358369702232E+17
13990	1.86176436588642E+17
14000	1.84054767387844E+17
14010	1.81992581802249E+17
14020	1.7998898008499E+17
14030	1.78042958450242E+17
14040	1.76153423519278E+17
14050	1.74319205790143E+17
14060	1.72539072132252E+17
14070	1.70811737318392E+17
14080	1.69135874615815E+17
14090	1.67510125465536E+17
14100	1.65933108284689E+17
14110	1.64403426431225E+17
14120	1.62919675373388E+17
14130	1.6148044910848E+17
14140	1.60084345876635E+17
14150	1.58729973215749E+17
14160	1.57415952403496E+17
14170	1.56140922331649E+17
14180	1.5490354285676E+17
14190	1.53702497669766E+17
14200	1.5253649672534E+17
14210	1.51404278269836E+17
14220	1.50304610504506E+17
14230	1.49236292918364E+17
14240	1.48198157322555E+17
14250	1.47189068615317E+17
14260	1.46207925303597E+17
14270	1.45253659803842E+17
14280	1.44325238540366E+17
14290	1.43421619489103E+17
14300	1.42541641101148E+17
14310	1.41684164823393E+17
14320	1.40848114232061E+17
14330	1.40032471264598E+17
14340	1.39236272445804E+17
14350	1.38458605050331E+17
14360	1.37698603129044E+17
14370	1.36955443311817E+17
14380	1.36228340285056E+17
14390	1.35516541829665E+17
14400	1.3481932329579E+17
14410	1.341359813859E+17
14420	1.33465827119342E+17
14430	1.32808177860899E+17
14440	1.321623483144E+17
14450	1.3152764041109E+17
14460	1.30903332061537E+17
14470	1.30288664789174E+17
14480	1.29682830322126E+17
14490	1.29084956285873E+17
14500	1.28494091210207E+17
14510	1.2790918913645E+17
14520	1.27329094181532E+17
14530	1.26752525480158E+17
14540	1.26178062980876E+17
14550	1.25604134612688E+17
14560	1.25029005362284E+17
14570	1.24450768805555E+17
14580	1.23867341618805E+17
14590	1.23276461554251E+17
14600	1.2267568930148E+17
14610	1.22062414572735E+17
14620	1.21433866648071E+17
14630	1.20787129499817E+17
14640	1.20119161488825E+17
14650	1.19426819492413E+17
14660	1.18706887190911E+17
14670	1.17956107111334E+17
14680	1.17171215908054E+17
14690	1.16348982255706E+17
14700	1.15486246642997E+17
14710	1.14579962290427E+17
14720	1.13627236372497E+17
14730	1.12625370706703E+17
14740	1.11571901077904E+17
14750	1.10464634396463E+17
14760	1.09301682940528E+17
14770	1.08081495004361E+17
14780	1.06802881362929E+17
14790	1.05465037064487E+17
14800	1.04067558174142E+17
14810	1.02610453208323E+17
14820	1.01094149119238E+17
14830	9.95194918059829E+16
14840	9.78877412418583E+16
14850	9.62005614126664E+16
14860	9.44600053560062E+16
14870	9.26684956748072E+16
14880	9.08288192388119E+16
14890	8.89444926934671E+16
14900	8.70197571302537E+16
14910	8.50591699228914E+16
14920	8.30675324953339E+16
14930	8.10498321169873E+16
14940	7.90111831940464E+16
14950	7.69567692941488E+16
14960	7.48917870263502E+16
14970	7.28213927589792E+16
14980	7.07506530022914E+16
14990	6.86844991184174E+16
15000	6.66276868549204E+16
15010	6.45847610363402E+16
15020	6.25600255954867E+16
15030	6.05575189867614E+16
15040	5.85809949003844E+16
15050	5.66339080907152E+16
15060	5.47194050448064E+16
15070	5.2840319148851E+16
15080	5.09991699595937E+16
15090	4.91981661539609E+16
15100	4.74392117113986E+16
15110	4.57239148779702E+16
15120	4.40535994671687E+16
15130	4.24293180676116E+16
15140	4.08518667504073E+16
15150	3.93218008971866E+16
15160	3.78394518018851E+16
15170	3.64049437338983E+16
15180	3.50182111858838E+16
15190	3.36790160652231E+16
15200	3.23869646230883E+16
15210	3.11415239484701E+16
15220	2.99420378859439E+16
15230	2.87877422649936E+16
15240	2.76777793551212E+16
15250	2.66112114847051E+16
15260	2.5587033782502E+16
15270	2.46041860189506E+16
15280	2.36615635401046E+16
15290	2.27580273002259E+16
15300	2.18924130100209E+16
15310	2.10635394263736E+16
15320	2.02702158164353E+16
15330	1.95112486342663E+16
15340	1.87854474521091E+16
15350	1.80916301909893E+16
15360	1.74286276968643E+16
15370	1.67952877091686E+16
15380	1.61904782684557E+16
15390	1.56130906090843E+16
15400	1.50620415816366E+16
15410	1.453627564813E+16
15420	1.40347664911457E+16
15430	1.35565182758717E+16
15440	1.31005666017918E+16
15450	1.26659791783974E+16
15460	1.22518562569281E+16
15470	1.18573308477861E+16
15480	1.14815687509438E+16
15490	1.112376842441E+16
15500	1.07831607136638E+16
15510	1.04590084628887E+16
15520	1.01506060269007E+16
15530	9.85721935377158E+15
15540	9.57777202772801E+15
15550	9.31111703023243E+15
15560	9.05619579023215E+15
15570	8.81203119882772E+15
15580	8.57772092025439E+15
15590	8.35243138500518E+15
15600	8.13539239977908E+15
15610	7.92589231447957E+15
15620	7.72327369162019E+15
15630	7.52692942819164E+15
15640	7.33629928433027E+15
15650	7.15086677700644E+15
15660	6.97015640046585E+15
15670	6.79373113830757E+15
15680	6.62119023492898E+15
15690	6.45216719661839E+15
15700	6.28632799487195E+15
15710	6.1233694465829E+15
15720	5.96301774762199E+15
15730	5.80502713803321E+15
15740	5.6491786786302E+15
15750	5.49527912022281E+15
15760	5.34315984805477E+15
15770	5.19267588531177E+15
15780	5.04370494078686E+15
15790	4.89614648698034E+15
15800	4.74992085608712E+15
15810	4.60496834249105E+15
15820	4.4612483015614E+15
15830	4.3187382357378E+15
15840	4.17743286010033E+15
15850	4.03734314086219E+15
15860	3.89849530148804E+15
15870	3.76092979243443E+15
15880	3.62470022182557E+15
15890	3.48987224571019E+15
15900	3.35652241788659E+15
15910	3.22473700062057E+15
15920	3.09461073890102E+15
15930	2.96624560216567E+15
15940	2.83974949866866E+15
15950	2.71523496882963E+15
15960	2.59281786498848E+15
15970	2.47261602596351E+15
15980	2.3547479556597E+15
15990	2.23933151567825E+15
16000	2.12648264241747E+15
16010	2.01631409952164E+15
16020	1.9089342767054E+15
16030	1.8044460459579E+15
16040	1.70294568589989E+15
16050	1.60452188462954E+15
16060	1.50925483075387E+15
16070	1.41721540146554E+15
16080	1.32846445550416E+15
16090	1.24305223765358E+15
16100	1.16101790009171E+15
16110	1.08238914445225E+15
16120	1.00718198690716E+15
16130	935400646964481
16140	867037559031273
16150	802073504150256
16160	740477857714891
16170	682208947433918
16180	627214514385404
16190	575432268701143
16200	526790530280174
16210	481208943967651
16220	438599257870481
16230	398866434761548
16240	361931793749157
16250	327738854927266
16260	296208787972371
16270	267241065055539
16280	240718630362654
16290	216512530802662
16300	194485986212385
16310	174497899164085
16320	156405821692305
16330	140068409186830
16340	125347400781802
16350	112109171315410
16360	100225902878337
16370	89576424646804.4
16380	80046768609334.6
16390	71530486404376.4
16400	63928769185451.4
16410	57150408561586.3
16420	51111632499068.4
16430	45735845835516.2
16440	40953300914671.5
16450	36700719920574.9
16460	32920886854549.4
16470	29562223804619.5
16480	26578363230928
16490	23927725433187.5
16500	21573108168309.2
16510	19481293526370.4
16520	17622675623787
16530	15970911402980
16540	14502595805413.2
16550	13196961777453.9
16560	12035604945044.6
16570	11002232324999.8
16580	10082434102175
16590	9263477268382.14
16600	8534119771707.01
16610	7884443745482.55
16620	7305706359242.71
16630	6790206848410.81
16640	6331168323305.56
16650	5922633024044.47
16660	5559369768871.29
16670	5236792434382.97
16680	4950888402567.47
16690	4698156009480.07
16700	4475550130554.19
16710	4280435138002.64
16720	4110544564489.13
16730	3963946905756.08
16740	3839017091890.13
16750	3734413255406.62
16760	3649058523680.1
16770	3582127667128.89
16780	3533038545172.07
16790	3501448411523.36
16800	3487255275435.3
16810	3490604669142.77
16820	3511902352387.14
16830	3551833700716.71
16840	3611390787137.63
16850	3691908490257.42
16860	3795111367162.23
16870	3923173539129.39
16880	4078794487179.5
16890	4265294485172.96
16900	4486734468657.03
16910	4748066524886.83
16920	5055322996786.79
16930	5415854558929.57
16940	5838630736259.33
16950	6334620448170.19
16960	6917275621488.11
16970	7603148199162.66
16980	8412680631558.19
16990	9371223078859.37
17000	10510348328252.2
17010	11869001882647.2
17020	13493539789674.7
17030	15440874967254.6
17040	17781665131586.7
17050	20603837463191.5
17060	24017072961931.3
17070	28158521555507.6
17080	33200097957991.7
17090	39357810529029.5
17100	46903707861169.2
17110	56181199407792.8
17120	67624728559432.8
17130	81785063726375.2
17140	99361843613224
17150	121245490070600
17160	148571214224967
17170	182788623594938
17180	225751430231448
17190	279833008090162
17200	348075098746053
17210	434378858586280
17220	543749696054172
17230	682609931546708
17240	859196089648134
17250	1.08406027645639E+15
17260	1.37069693684136E+15
17270	1.73631608003607E+15
17280	2.20277960242866E+15
17290	2.79770489993081E+15
17300	3.55571352384136E+15
17310	4.51975290750341E+15
17320	5.74233275195861E+15
17330	7.28637693195755E+15
17340	9.22517776272518E+15
17350	1.16406410262564E+16
17360	1.4618646827121E+16
17370	1.82400194050571E+16
17380	2.25655486883885E+16
17390	2.76142373033555E+16
17400	3.33362426514991E+16
17410	3.95866637014976E+16
17420	4.61133056402295E+16
17430	5.25779224284039E+16
17440	5.86283449864865E+16
17450	6.40173223101001E+16
17460	6.87208239294608E+16
17470	7.29719606690196E+16
17480	7.71532401225145E+16
17490	8.15972617513594E+16
17500	8.64336631961251E+16
17510	9.15641112703129E+16
17520	9.67188933312681E+16
17530	1.01528018577146E+17
17540	1.05605074377161E+17
17550	1.08656831324821E+17
17560	1.10588681184628E+17
17570	1.11541936317077E+17
17580	1.11820485032715E+17
17590	1.11744223752185E+17
17600	1.11532551454953E+17
17610	1.11285939059705E+17
17620	1.11034117055858E+17
17630	1.10782439564627E+17
17640	1.10531446400517E+17
17650	1.10281163016243E+17
17660	1.1003158764123E+17
17670	1.09782717879024E+17
17680	1.09534551337058E+17
17690	1.09287085632208E+17
17700	1.0904031839077E+17
17710	1.0879424724841E+17
17720	1.08548869850129E+17
17730	1.08304183850217E+17
17740	1.08060186912213E+17
17750	1.0781687670886E+17
17760	1.0757425092207E+17
17770	1.07332307242874E+17
17780	1.0709104337139E+17
17790	1.06850457016775E+17
17800	1.06610545897189E+17
17810	1.06371307739751E+17
17820	1.06132740280505E+17
17830	1.0589484126437E+17
17840	1.0565760844511E+17
17850	1.05421039585289E+17
17860	1.05185132456234E+17
17870	1.04949884837993E+17
17880	1.04715294519299E+17
17890	1.0448135929753E+17
17900	1.0424807697867E+17
17910	1.04015445377271E+17
17920	1.03783462316415E+17
17930	1.03552125627675E+17
17940	1.0332143315108E+17
17950	1.03091382735072E+17
17960	1.02861972236475E+17
17970	1.02633199520453E+17
17980	1.02405062460474E+17
17990	1.02177558938273E+17
18000	1.01950686843819E+17
18010	1.01724444075272E+17
18020	1.01498828538952E+17
18030	1.01273838149298E+17
18040	1.01049470828839E+17
18050	1.00825724508151E+17
18060	1.00602597125824E+17
18070	1.0038008662843E+17
18080	1.00158190970481E+17
18090	9.99369081143992E+16
18100	9.97162360304812E+16
18110	9.9496172696861E+16
18120	9.92767160994778E+16
18130	9.90578642320401E+16
18140	9.88396150959924E+16
18150	9.86219667004807E+16
18160	9.84049170623185E+16
18170	9.81884642059532E+16
18180	9.79726061634329E+16
18190	9.77573409743723E+16
18200	9.754266668592E+16
18210	9.73285813527253E+16
18220	9.71150830369051E+16
18230	9.69021698080113E+16
18240	9.66898397429985E+16
18250	9.64780909261911E+16
18260	9.62669214492511E+16
18270	9.60563294111464E+16
18280	9.58463129181186E+16
18290	9.56368700836509E+16
18300	9.54279990284371E+16
18310	9.52196978803496E+16
18320	9.50119647744083E+16
18330	9.48047978527494E+16
18340	9.45981952645944E+16
18350	9.43921551662193E+16
18360	9.41866757209237E+16
18370	9.39817550990004E+16
18380	9.37773914777048E+16
18390	9.35735830412251E+16
18400	9.33703279806513E+16
18410	9.31676244939464E+16
18420	9.29654707859155E+16
18430	9.27638650681768E+16
18440	9.25628055591317E+16
18450	9.23622904839357E+16
18460	9.2162318074469E+16
18470	9.19628865693072E+16
18480	9.17639942136929E+16
18490	9.15656392595063E+16
18500	9.13678199652367E+16
18510	9.1170534595954E+16
18520	9.09737814232806E+16
18530	9.07775587253625E+16
18540	9.05818647868416E+16
18550	9.03866978988277E+16
18560	9.01920563588705E+16
18570	8.99979384709318E+16
18580	8.98043425453583E+16
18590	8.96112668988539E+16
18600	8.9418709854452E+16
18610	8.92266697414892E+16
18620	8.90351448955773E+16
18630	8.88441336585771E+16
18640	8.86536343785712E+16
18650	8.84636454098374E+16
18660	8.82741651128222E+16
18670	8.80851918541145E+16
18680	8.7896724006419E+16
18690	8.77087599485305E+16
18700	8.75212980653075E+16
18710	8.73343367476464E+16
18720	8.71478743924556E+16
18730	8.69619094026302E+16
18740	8.67764401870262E+16
18750	8.65914651604349E+16
18760	8.64069827435581E+16
18770	8.62229913629824E+16
18780	8.60394894511547E+16
18790	8.58564754463567E+16
18800	8.56739477926806E+16
18810	8.54919049400039E+16
18820	8.53103453439655E+16
18830	8.51292674659404E+16
18840	8.49486697730161E+16
18850	8.47685507379681E+16
18860	8.45889088392357E+16
18870	8.44097425608979E+16
18880	8.423105039265E+16
18890	8.40528308297794E+16
18900	8.38750823731421E+16
18910	8.36978035291391E+16
18920	8.35209928096931E+16
18930	8.3344648732225E+16
18940	8.31687698196311E+16
18950	8.29933546002592E+16
18960	8.28184016078865E+16
18970	8.26439093816963E+16
18980	8.24698764662551E+16
18990	8.22963014114902E+16
19000	8.21231827726671E+16
19010	8.19505191103669E+16
19020	8.17783089904642E+16
19030	8.16065509841047E+16
19040	8.14352436676831E+16
19050	8.12643856228209E+16
19060	8.10939754363449E+16
19070	8.09240117002651E+16
19080	8.07544930117528E+16
19090	8.05854179731196E+16
19100	8.04167851917951E+16
19110	8.02485932803061E+16
19120	8.0080840856255E+16
19130	7.99135265422987E+16
19140	7.97466489661275E+16
19150	7.9580206760444E+16
19160	7.94141985629423E+16
19170	7.92486230162869E+16
19180	7.90834787680925E+16
19190	7.89187644709028E+16
19200	7.87544787821707E+16
19210	7.85906203642368E+16
19220	7.84271878843103E+16
19230	7.82641800144478E+16
19240	7.81015954315338E+16
19250	7.793943281726E+16
19260	7.77776908581061E+16
19270	7.76163682453195E+16
19280	7.74554636748954E+16
19290	7.72949758475575E+16
19300	7.71349034687381E+16
19310	7.6975245248559E+16
19320	7.68159999018116E+16
19330	7.66571661479379E+16
19340	7.64987427110112E+16
19350	7.6340728319717E+16
19360	7.61831217073339E+16
19370	7.60259216117149E+16
19380	7.58691267752679E+16
19390	7.57127359449377E+16
19400	7.55567478721867E+16
19410	7.54011613129766E+16
19420	7.524597502775E+16
19430	7.50911877814114E+16
19440	7.49367983433096E+16
19450	7.47828054872188E+16
19460	7.46292079913209E+16
19470	7.4476004638187E+16
19480	7.43231942147596E+16
19490	7.41707755123349E+16
19500	7.40187473265443E+16
19510	7.38671084573372E+16
19520	7.37158577089634E+16
19530	7.35649938899549E+16
19540	7.3414515813109E+16
19550	7.32644222954702E+16
19560	7.31147121583138E+16
19570	7.29653842271275E+16
19580	7.28164373315952E+16
19590	7.26678703055792E+16
19600	7.25196819871033E+16
19610	7.23718712183362E+16
19620	7.22244368455742E+16
19630	7.20773777192245E+16
19640	7.19306926937884E+16
19650	7.17843806278451E+16
19660	7.16384403840343E+16
19670	7.14928708290405E+16
19680	7.13476708335761E+16
19690	7.12028392723652E+16
19700	7.10583750241273E+16
19710	7.0914276971561E+16
19720	7.07705440013282E+16
19730	7.06271750040375E+16
19740	7.04841688742288E+16
19750	7.03415245103569E+16
19760	7.0199240814776E+16
19770	7.00573166937238E+16
19780	6.99157510573056E+16
19790	6.97745428194793E+16
19800	6.96336908980391E+16
19810	6.94931942146004E+16
19820	6.93530516945845E+16
19830	6.92132622672029E+16
19840	6.90738248654424E+16
19850	6.89347384260496E+16
19860	6.8796001889516E+16
19870	6.86576142000626E+16
19880	6.85195743056255E+16
19890	6.83818811578402E+16
19900	6.82445337120274E+16
19910	6.81075309271779E+16
19920	6.79708717659378E+16
19930	6.78345551945939E+16
19940	6.76985801830595E+16
19950	6.75629457048592E+16
19960	6.74276507371148E+16
19970	6.7292694260531E+16
19980	6.71580752593808E+16
19990	6.70237927214913E+16
20000	6.68898456382297E+16
