2000	2.29555029631416E+15
2010	2.43625953775365E+15
2020	2.58446196737314E+15
2030	2.74044684529213E+15
2040	2.90446844126801E+15
2050	3.07677399173042E+15
2060	3.25764298161839E+15
2070	3.44741865368589E+15
2080	3.64653817396972E+15
2090	3.85551876768276E+15
2100	4.07491782071892E+15
2110	4.30528603496359E+15
2120	4.54709122215939E+15
2130	4.80068934722323E+15
2140	5.06633150916161E+15
2150	5.3442093200176E+15
2160	5.634537957006E+15
2170	5.93766259548597E+15
2180	6.25412835566719E+15
2190	6.58469902433315E+15
2200	6.93032427688695E+15
2210	7.29202456219908E+15
2220	7.67073936093307E+15
2230	8.06720561043038E+15
2240	8.48185112272658E+15
2250	8.91477629012466E+15
2260	9.36587983353649E+15
2270	9.83500279000297E+15
2280	1.03221685593827E+16
2290	1.08278040412229E+16
2300	1.13528368186664E+16
2310	1.18987740706985E+16
2320	1.24675241399252E+16
2330	1.30611742958253E+16
2340	1.36816565595767E+16
2350	1.43303630207246E+16
2360	1.50080143862646E+16
2370	1.57144097229276E+16
2380	1.64486691405401E+16
2390	1.72094417697096E+16
2400	1.79954394535646E+16
2410	1.8805895517021E+16
2420	1.96409606106962E+16
2430	2.05021945103422E+16
2440	2.13923452929282E+16
2450	2.23154630243115E+16
2460	2.32760874426085E+16
2470	2.42789164982923E+16
2480	2.53276294611282E+16
2490	2.64247666369018E+16
2500	2.75705677579489E+16
2510	2.87635063558515E+16
2520	2.99999538351874E+16
2530	3.12753684762608E+16
2540	3.25846698228758E+16
2550	3.39240581287934E+16
2560	3.52910468244273E+16
2570	3.66865700794622E+16
2580	3.8113991989837E+16
2590	3.95804868212736E+16
2600	4.10951680934022E+16
2610	4.26691562688452E+16
2620	4.43132959387251E+16
2630	4.60374174239114E+16
2640	4.78480996925875E+16
2650	4.97480559728058E+16
2660	5.17350623495616E+16
2670	5.38019609762401E+16
2680	5.59378647351672E+16
2690	5.81284916268556E+16
2700	6.03598273477601E+16
2710	6.26183420263597E+16
2720	6.48952723896435E+16
2730	6.71868941844169E+16
2740	6.94964365236379E+16
2750	7.18351019450923E+16
2760	7.42196533440774E+16
2770	7.66739554188298E+16
2780	7.92236673121934E+16
2790	8.18953228017104E+16
2800	8.47141855837572E+16
2810	8.76973095834204E+16
2820	9.08582962975961E+16
2830	9.4195869742249E+16
2840	9.7701790634086E+16
2850	1.01355509736595E+17
2860	1.05126570155326E+17
2870	1.0898020386336E+17
2880	1.12877075988548E+17
2890	1.16778483807173E+17
2900	1.20656298274204E+17
2910	1.24485679826217E+17
2920	1.28262346984451E+17
2930	1.31994052868648E+17
2940	1.35703289668216E+17
2950	1.39433275826119E+17
2960	1.4323353508403E+17
2970	1.47164739623355E+17
2980	1.51293393846909E+17
2990	1.55679482749611E+17
3000	1.60376136851764E+17
3010	1.65431668132016E+17
3020	1.70863555557921E+17
3030	1.76681031854271E+17
3040	1.82869241304233E+17
3050	1.8938314774258E+17
3060	1.96168014575678E+17
3070	2.03145861151009E+17
3080	2.10223913224648E+17
3090	2.17307183613006E+17
3100	2.24306730244027E+17
3110	2.31130873214272E+17
3120	2.37718093207999E+17
3130	2.44035322746425E+17
3140	2.50059904912994E+17
3150	2.55827515178492E+17
3160	2.61400845050329E+17
3170	2.66860163116327E+17
3180	2.72332148103902E+17
3190	2.77957794481223E+17
3200	2.83881139724191E+17
3210	2.90246809770273E+17
3220	2.97205819638791E+17
3230	3.04879022756288E+17
3240	3.13341108911866E+17
3250	3.22668003878579E+17
3260	3.32882526500524E+17
3270	3.43940699149338E+17
3280	3.55789207660335E+17
3290	3.68328508645453E+17
3300	3.81403801624941E+17
3310	3.94840255700494E+17
3320	4.08445353201508E+17
3330	4.22009086014137E+17
3340	4.35303731203784E+17
3350	4.48121456271542E+17
3360	4.60297405491221E+17
3370	4.71666812548028E+17
3380	4.82112425021141E+17
3390	4.91628015224726E+17
3400	5.00230139299369E+17
3410	5.07976100308435E+17
3420	5.15060937493422E+17
3430	5.21720146168785E+17
3440	5.2820173252105E+17
3450	5.34819626134202E+17
3460	5.41925896020204E+17
3470	5.49878436204819E+17
3480	5.58993415636458E+17
3490	5.69532856133493E+17
3500	5.81771695594186E+17
3510	5.95954770494258E+17
3520	6.12137345151529E+17
3530	6.30334163687784E+17
3540	6.50562326898207E+17
3550	6.72715704896249E+17
3560	6.96558104090204E+17
3570	7.21821877047999E+17
3580	7.48201909210667E+17
3590	7.75337526041062E+17
3600	8.0282108374713E+17
3610	8.30202603928358E+17
3620	8.57043374609413E+17
3630	8.82942718555754E+17
3640	9.07482897092185E+17
3650	9.30243526175218E+17
3660	9.50923374317745E+17
3670	9.69299756181706E+17
3680	9.85165127848531E+17
3690	9.98381168021209E+17
3700	1.0090622611284E+18
3710	1.01741052669958E+18
3720	1.02364600822272E+18
3730	1.02810298846095E+18
3740	1.03139920093305E+18
3750	1.03419258928417E+18
3760	1.03712865216369E+18
3770	1.04087943313101E+18
3780	1.04619189566797E+18
3790	1.05382022028706E+18
3800	1.06452717928907E+18
3810	1.07893956666571E+18
3820	1.09737580019873E+18
3830	1.1201560233174E+18
3840	1.14765416639793E+18
3850	1.18011685936132E+18
3860	1.21731864735352E+18
3870	1.25894709092365E+18
3880	1.30466923648548E+18
3890	1.35408843192351E+18
3900	1.40662529968294E+18
3910	1.46158238791686E+18
3920	1.51816685693635E+18
3930	1.57550158297839E+18
3940	1.63279921250191E+18
3950	1.68931173029961E+18
3960	1.74423257685224E+18
3970	1.79670608639096E+18
3980	1.84596756983657E+18
3990	1.89143971045972E+18
4000	1.9325710532377E+18
4010	1.96882886245326E+18
4020	1.99973809389657E+18
4030	2.02503255654078E+18
4040	2.04455480496373E+18
4050	2.05819763626305E+18
4060	2.06590758549911E+18
4070	2.06788728840913E+18
4080	2.06470757723453E+18
4090	2.05698801924856E+18
4100	2.04535367595834E+18
4110	2.03047314925774E+18
4120	2.01357823973367E+18
4130	1.99621474884094E+18
4140	1.97984208628905E+18
4150	1.96583109598355E+18
4160	1.95549077881974E+18
4170	1.95014742975997E+18
4180	1.95112615544121E+18
4190	1.9597644043186E+18
4200	1.97745841525679E+18
4210	2.0054004689044E+18
4220	2.04367299192986E+18
4230	2.09217466133921E+18
4240	2.15091082876635E+18
4250	2.21997694039778E+18
4260	2.29934044693849E+18
4270	2.38817713761105E+18
4280	2.48536656500918E+18
4290	2.58963591122035E+18
4300	2.69952208194125E+18
4310	2.81342632877897E+18
4320	2.93001049424556E+18
4330	3.04794105581718E+18
4340	3.16573517211116E+18
4350	3.28176949471461E+18
4360	3.39433336429409E+18
4370	3.50211185887229E+18
4380	3.60410607259349E+18
4390	3.69933119978452E+18
4400	3.7868233699103E+18
4410	3.86565462692214E+18
4420	3.93508713307039E+18
4430	3.99471539198842E+18
4440	4.04423954771747E+18
4450	4.08343686246847E+18
4460	4.11216119304956E+18
4470	4.13035129055104E+18
4480	4.13810122918133E+18
4490	4.13561455697008E+18
4500	4.12315651412165E+18
4510	4.10104788678042E+18
4520	4.06965927340768E+18
4530	4.02951344141756E+18
4540	3.98147540072756E+18
4550	3.92646460234539E+18
4560	3.86538417883798E+18
4570	3.79911170326836E+18
4580	3.72850413064893E+18
4590	3.65524772139272E+18
4600	3.58229106867003E+18
4610	3.51243298538346E+18
4620	3.44820166077431E+18
4630	3.39189075811805E+18
4640	3.34560705547671E+18
4650	3.31124417130797E+18
4660	3.29052059882562E+18
4670	3.28517171581643E+18
4680	3.29703368081654E+18
4690	3.32812421024513E+18
4700	3.38071656448357E+18
4710	3.45592692688189E+18
4720	3.55236134216872E+18
4730	3.66845543170434E+18
4740	3.80265953371423E+18
4750	3.95333833158724E+18
4760	4.11868665986712E+18
4770	4.2967025338902E+18
4780	4.48526630338646E+18
4790	4.68200606691897E+18
4800	4.88424980782995E+18
4810	5.08903505630725E+18
4820	5.29313881789768E+18
4830	5.49319273585566E+18
4840	5.68681787141772E+18
4850	5.87256430415966E+18
4860	6.04906443949853E+18
4870	6.21502393643134E+18
4880	6.36923746088009E+18
4890	6.51060097554982E+18
4900	6.63822352997341E+18
4910	6.75179007179573E+18
4920	6.85122181792797E+18
4930	6.93653448504716E+18
4940	7.00782547056098E+18
4950	7.06526125965409E+18
4960	7.10906554038956E+18
4970	7.13953958307048E+18
4980	7.15709581086643E+18
4990	7.16218155745493E+18
5000	7.15525950462422E+18
5010	7.13680118648346E+18
5020	7.10728191223891E+18
5030	7.06717716318989E+18
5040	7.01700504665162E+18
5050	6.95738045345401E+18
5060	6.88891934954886E+18
5070	6.81222319132784E+18
5080	6.7278790597643E+18
5090	6.6364601133071E+18
5100	6.53852620999296E+18
5110	6.43453982292836E+18
5120	6.32462683366927E+18
5130	6.20884915921021E+18
5140	6.0872920459421E+18
5150	5.96006581309124E+18
5160	5.82730770580598E+18
5170	5.6891837995376E+18
5180	5.54604325591994E+18
5190	5.40038122760028E+18
5200	5.25607119489996E+18
5210	5.11670224198096E+18
5220	4.98554125020531E+18
5230	4.8655495095564E+18
5240	4.75941468183521E+18
5250	4.66959719416114E+18
5260	4.59825152895171E+18
5270	4.54690216527125E+18
5280	4.51694094077632E+18
5290	4.50981618366134E+18
5300	4.52707812768973E+18
5310	4.5704156055331E+18
5320	4.64167791281084E+18
5330	4.74286762746645E+18
5340	4.87439117281468E+18
5350	5.03245091384532E+18
5360	5.21241436314592E+18
5370	5.4093227968328E+18
5380	5.61785938822338E+18
5390	5.83240892943836E+18
5400	6.04720585556443E+18
5410	6.25655484169478E+18
5420	6.45576652810873E+18
5430	6.64261025119466E+18
5440	6.81556299042994E+18
5450	6.97344710972567E+18
5460	7.11545266185884E+18
5470	7.24113876117999E+18
5480	7.35041439679645E+18
5490	7.44350102946216E+18
5500	7.52093309169202E+18
5510	7.58383432274004E+18
5520	7.63355959204628E+18
5530	7.67143058382532E+18
5540	7.69870365713129E+18
5550	7.71654801102352E+18
5560	7.72603174366467E+18
5570	7.72811457435202E+18
5580	7.72364601690735E+18
5590	7.71338684634704E+18
5600	7.69803789122215E+18
5610	7.67820835712871E+18
5620	7.65441902294877E+18
5630	7.6271119378111E+18
5640	7.5966598553624E+18
5650	7.5633751198331E+18
5660	7.52751783407769E+18
5670	7.48930311701907E+18
5680	7.44890165698325E+18
5690	7.40644340341844E+18
5700	7.36203133864106E+18
5710	7.31574531597486E+18
5720	7.26764455911548E+18
5730	7.21776975077408E+18
5740	7.16614476543374E+18
5750	7.11277810340288E+18
5760	7.05766415221947E+18
5770	7.00079929335645E+18
5780	6.94220351991183E+18
5790	6.88189504424317E+18
5800	6.81988841292625E+18
5810	6.75619694488707E+18
5820	6.69083499803684E+18
5830	6.62382008010789E+18
5840	6.55517480606057E+18
5850	6.4849286936123E+18
5860	6.41309857055576E+18
5870	6.33952347482883E+18
5880	6.2639324239727E+18
5890	6.18602737628266E+18
5900	6.10548237295026E+18
5910	6.02194233816225E+18
5920	5.93502247041525E+18
5930	5.84430853440988E+18
5940	5.74935840854705E+18
5950	5.64970528299581E+18
5960	5.54512399805052E+18
5970	5.4364746429835E+18
5980	5.32504205863359E+18
5990	5.21228371963376E+18
6000	5.09979972006475E+18
6010	4.98929109444876E+18
6020	4.88251232585509E+18
6030	4.78122361609384E+18
6040	4.68714742961808E+18
6050	4.60193220505685E+18
6060	4.52713854792295E+18
6070	4.46426659239856E+18
6080	4.41467124921111E+18
6090	4.37952605737463E+18
6100	4.35981061712165E+18
6110	4.35628768860049E+18
6120	4.36946255153252E+18
6130	4.39951686118824E+18
6140	4.44620971137373E+18
6150	4.50874100899095E+18
6160	4.58550650991227E+18
6170	4.67235550536872E+18
6180	4.76308995995162E+18
6190	4.85175217915627E+18
6200	4.93314347385211E+18
6210	5.0032601644621E+18
6220	5.05962784855285E+18
6230	5.10143055101729E+18
6240	5.12937952112531E+18
6250	5.14534529644604E+18
6260	5.15185286030163E+18
6270	5.15158936532037E+18
6280	5.14707709447265E+18
6290	5.14027591944653E+18
6300	5.13254362395705E+18
6310	5.12477325057273E+18
6320	5.11751164066181E+18
6330	5.11105167140874E+18
6340	5.10549937938508E+18
6350	5.10082044074323E+18
6360	5.0968713781434E+18
6370	5.0934204763193E+18
6380	5.09016828997574E+18
6390	5.08689151323011E+18
6400	5.08347998014334E+18
6410	5.07983003388931E+18
6420	5.07584240299261E+18
6430	5.07142439236122E+18
6440	5.06649138776751E+18
6450	5.06096785528249E+18
6460	5.0547879583676E+18
6470	5.04789587746143E+18
6480	5.04024589305924E+18
6490	5.03180227842732E+18
6500	5.02253404525413E+18
6510	5.0123929828933E+18
6520	5.0013296501467E+18
6530	4.98930154962154E+18
6540	4.97627312111557E+18
6550	4.96221566269887E+18
6560	4.94710719198659E+18
6570	4.9309322557328E+18
6580	4.91368169562594E+18
6590	4.89535237782126E+18
6600	4.87594689330589E+18
6610	4.85547323567131E+18
6620	4.83394590502409E+18
6630	4.81139202539614E+18
6640	4.78784558296594E+18
6650	4.76334418924256E+18
6660	4.73792859944324E+18
6670	4.71164225120914E+18
6680	4.68453082338518E+18
6690	4.65664181639435E+18
6700	4.62802415515932E+18
6710	4.59872781502151E+18
6720	4.56880347066928E+18
6730	4.53830216769927E+18
6740	4.50727464385637E+18
6750	4.47575871221674E+18
6760	4.44377710345848E+18
6770	4.41135284291006E+18
6780	4.37851014554971E+18
6790	4.34527429967856E+18
6800	4.31167153725601E+18
6810	4.27772888857175E+18
6820	4.24347401857626E+18
6830	4.2089350418646E+18
6840	4.17414031304245E+18
6850	4.13911818904481E+18
6860	4.10389675998224E+18
6870	4.06850452037737E+18
6880	4.03299468328634E+18
6890	3.99744354764458E+18
6900	3.96192092241949E+18
6910	3.92648813106834E+18
6920	3.89119753798493E+18
6930	3.85609208509346E+18
6940	3.82120483352249E+18
6950	3.7865585089334E+18
6960	3.75216505349634E+18
6970	3.71802519259102E+18
6980	3.68412802987032E+18
6990	3.65045069008737E+18
7000	3.6169580346982E+18
7010	3.5835794704915E+18
7020	3.55014772117062E+18
7030	3.51647850011344E+18
7040	3.48239453368094E+18
7050	3.44772610504969E+18
7060	3.41231208557154E+18
7070	3.37600138603996E+18
7080	3.33865474382709E+18
7090	3.30014674645932E+18
7100	3.26036797953383E+18
7110	3.21922717843941E+18
7120	3.17665326027469E+18
7130	3.13259711534182E+18
7140	3.08703304683399E+18
7150	3.04009765851793E+18
7160	2.99252671836125E+18
7170	2.94529412995967E+18
7180	2.89946753627694E+18
7190	2.85617518265681E+18
7200	2.81656036385843E+18
7210	2.7817271330137E+18
7220	2.75268031266915E+18
7230	2.73026124300949E+18
7240	2.71507889441529E+18
7250	2.70743497777899E+18
7260	2.70724278922584E+18
7270	2.71394436858019E+18
7280	2.72644107544267E+18
7290	2.74305279172411E+18
7300	2.76114874417298E+18
7310	2.77777471305548E+18
7320	2.7909024850346E+18
7330	2.7997346766261E+18
7340	2.80467388941825E+18
7350	2.80697573213363E+18
7360	2.80821515331528E+18
7370	2.80979879786096E+18
7380	2.81271084815579E+18
7390	2.81751390632189E+18
7400	2.82448414450914E+18
7410	2.8337458800507E+18
7420	2.84534688972119E+18
7430	2.8592828278092E+18
7440	2.87549731110815E+18
7450	2.89392363683602E+18
7460	2.91454176271427E+18
7470	2.9373080501847E+18
7480	2.9621417799716E+18
7490	2.98892176081102E+18
7500	3.01748386242358E+18
7510	3.04761974443405E+18
7520	3.07907702134366E+18
7530	3.11156104518222E+18
7540	3.14473840209062E+18
7550	3.1782421106127E+18
7560	3.21167838558368E+18
7570	3.24463470339771E+18
7580	3.27668878580818E+18
7590	3.30741802474153E+18
7600	3.33641228639716E+18
7610	3.36339421425576E+18
7620	3.38825499709851E+18
7630	3.41092941645676E+18
7640	3.4313850161731E+18
7650	3.44961873445434E+18
7660	3.46565329719583E+18
7670	3.47953354605523E+18
7680	3.49132284248669E+18
7690	3.50109965590258E+18
7700	3.50895441270475E+18
7710	3.51498665476311E+18
7720	3.51930253196814E+18
7730	3.52201263412724E+18
7740	3.52323015265601E+18
7750	3.52306935187708E+18
7760	3.52164432274477E+18
7770	3.51905787308197E+18
7780	3.51536018273231E+18
7790	3.51058566882176E+18
7800	3.50476942607261E+18
7810	3.49794684032793E+18
7820	3.49015324267785E+18
7830	3.48142361026723E+18
7840	3.47179231197451E+18
7850	3.46129289664958E+18
7860	3.44995792123996E+18
7870	3.4378188159018E+18
7880	3.4249057830657E+18
7890	3.41124772738987E+18
7900	3.39687221356573E+18
7910	3.38180544902839E+18
7920	3.36607228875139E+18
7930	3.34969625945888E+18
7940	3.33270004791201E+18
7950	3.31511015142182E+18
7960	3.29695491903058E+18
7970	3.27826141193382E+18
7980	3.25905546720435E+18
7990	3.23936181573994E+18
8000	3.21920419993054E+18
8010	3.19860548929986E+18
8020	3.17758779262329E+18
8030	3.15617256524625E+18
8040	3.13438071052641E+18
8050	3.11223267450367E+18
8060	3.08974853306612E+18
8070	3.06694807103088E+18
8080	3.04385085269827E+18
8090	3.0204762835678E+18
8100	2.99684366302664E+18
8110	2.97297222793635E+18
8120	2.94888040965438E+18
8130	2.92457681828204E+18
8140	2.90006363683024E+18
8150	2.87534344454155E+18
8160	2.85041938979108E+18
8170	2.82529522597392E+18
8180	2.79997534608275E+18
8190	2.77446481555661E+18
8200	2.74876940296736E+18
8210	2.72289560810044E+18
8220	2.69685068698136E+18
8230	2.67064267340045E+18
8240	2.64428039649462E+18
8250	2.61777349395872E+18
8260	2.59113242047906E+18
8270	2.5643684510091E+18
8280	2.53749367854217E+18
8290	2.51052100607805E+18
8300	2.4834641325292E+18
8310	2.45634012057499E+18
8320	2.4291871892288E+18
8330	2.40205258481289E+18
8340	2.3749820737286E+18
8350	2.34801969382962E+18
8360	2.32120758357801E+18
8370	2.29458582629101E+18
8380	2.26819231266004E+18
8390	2.24206262403144E+18
8400	2.2162299382336E+18
8410	2.1907249590419E+18
8420	2.16557586971322E+18
8430	2.14080831041796E+18
8440	2.11644537886879E+18
8450	2.09250765301212E+18
8460	2.06901323432159E+18
8470	2.04597781002098E+18
8480	2.02341473245727E+18
8490	2.00133511382429E+18
8500	1.97974793446164E+18
8510	1.9586467233768E+18
8520	1.93797290534198E+18
8530	1.91766019247451E+18
8540	1.89764803354359E+18
8550	1.8778814351734E+18
8560	1.85831079859803E+18
8570	1.83889176236219E+18
8580	1.81958503531324E+18
8590	1.80035619556665E+18
8600	1.78117541808368E+18
8610	1.76201707340297E+18
8620	1.74285910896358E+18
8630	1.72368207673463E+18
8640	1.70446759911353E+18
8650	1.68519596062989E+18
8660	1.66584236829713E+18
8670	1.64637123742788E+18
8680	1.62672764862367E+18
8690	1.60682493669538E+18
8700	1.58652732321465E+18
8710	1.56562741127428E+18
8720	1.54388145806582E+18
8730	1.5210637651434E+18
8740	1.49690509468634E+18
8750	1.47113520011534E+18
8760	1.44355166608118E+18
8770	1.41408968341078E+18
8780	1.38287625859926E+18
8790	1.35025586543244E+18
8800	1.31678253437923E+18
8810	1.28318236173475E+18
8820	1.25029694740504E+18
8830	1.21902055297489E+18
8840	1.19024206007568E+18
8850	1.16479865518918E+18
8860	1.14344336399593E+18
8870	1.12682439090096E+18
8880	1.11547123488181E+18
8890	1.10978072929931E+18
8900	1.10999524914854E+18
8910	1.11616527816475E+18
8920	1.12808986202822E+18
8930	1.1452161003098E+18
8940	1.16622242953582E+18
8950	1.18914868679936E+18
8960	1.21193057769717E+18
8970	1.23264527776426E+18
8980	1.24981342389013E+18
8990	1.26269261409055E+18
9000	1.27143055768903E+18
9010	1.27695911783968E+18
9020	1.2806255779812E+18
9030	1.28372713580082E+18
9040	1.28719298391479E+18
9050	1.29153982876966E+18
9060	1.29701464824355E+18
9070	1.3037523196048E+18
9080	1.31186044295668E+18
9090	1.32144526757896E+18
9100	1.33261488533794E+18
9110	1.34547710457868E+18
9120	1.36013599380166E+18
9130	1.37668749984987E+18
9140	1.39521409389768E+18
9150	1.41577841149252E+18
9160	1.43841515409397E+18
9170	1.46311236746853E+18
9180	1.48980308840825E+18
9190	1.51836362504131E+18
9200	1.54860649093961E+18
9210	1.58027524360543E+18
9220	1.61304243857885E+18
9230	1.64651175172576E+18
9240	1.68022517715074E+18
9250	1.7136758757317E+18
9260	1.74632671689269E+18
9270	1.77763385101942E+18
9280	1.80707384974117E+18
9290	1.83417218512211E+18
9300	1.85853025066441E+18
9310	1.87984792182166E+18
9320	1.89793892994169E+18
9330	1.91273710602737E+18
9340	1.92429274162893E+18
9350	1.9327596990362E+18
9360	1.93837519731129E+18
9370	1.941435127613E+18
9380	1.94226812321138E+18
9390	1.94121138403651E+18
9400	1.93859127167849E+18
9410	1.9347191612916E+18
9420	1.92987104360578E+18
9430	1.92427244824888E+18
9440	1.91810393655616E+18
9450	1.91150788125868E+18
9460	1.90459514436807E+18
9470	1.897451180603E+18
9480	1.89014133561838E+18
9490	1.88271527451871E+18
9500	1.87521057841E+18
9510	1.86765560088838E+18
9520	1.86007169766988E+18
9530	1.85247494360474E+18
9540	1.84487744133327E+18
9550	1.83728831102415E+18
9560	1.82971443477481E+18
9570	1.82216101441432E+18
9580	1.81463198857493E+18
9590	1.8071303442558E+18
9600	1.79965834959484E+18
9610	1.79221772792365E+18
9620	1.78480978808875E+18
9630	1.7774355221687E+18
9640	1.77009567882879E+18
9650	1.76279081825991E+18
9660	1.75552128147509E+18
9670	1.74828713209802E+18
9680	1.74108836825087E+18
9690	1.73392496125927E+18
9700	1.72679685865148E+18
9710	1.71970398680324E+18
9720	1.71264625325671E+18
9730	1.70562354873969E+18
9740	1.6986357489089E+18
9750	1.69168271583811E+18
9760	1.6847642992696E+18
9770	1.67788033764418E+18
9780	1.67103065892228E+18
9790	1.66421508120559E+18
9800	1.65743341316567E+18
9810	1.65068545428262E+18
9820	1.64397099489365E+18
9830	1.63728981604775E+18
9840	1.63064168915897E+18
9850	1.6240263754465E+18
9860	1.61744362514553E+18
9870	1.6108931764677E+18
9880	1.60437475428466E+18
9890	1.59788806850216E+18
9900	1.59143281208525E+18
9910	1.58500865868776E+18
9920	1.5786152600298E+18
9930	1.57225225434879E+18
9940	1.56591927219859E+18
9950	1.55961591959237E+18
9960	1.55334177378068E+18
9970	1.54709638005133E+18
9980	1.54087924814049E+18
9990	1.53468984824151E+18
10000	1.52852760659934E+18
10010	1.52239190068129E+18
10020	1.51628205391828E+18
10030	1.51019733001641E+18
10040	1.5041369268447E+18
10050	1.49809996991328E+18
10060	1.49208550546513E+18
10070	1.48609249321599E+18
10080	1.48011979878877E+18
10090	1.47416618590264E+18
10100	1.46823030839172E+18
10110	1.46231070214373E+18
10120	1.45640577706531E+18
10130	1.45051380919732E+18
10140	1.44463293311947E+18
10150	1.43876113479944E+18
10160	1.43289624505596E+18
10170	1.42703593381775E+18
10180	1.42117770537024E+18
10190	1.41531889478906E+18
10200	1.40945666576232E+18
10210	1.40358800465121E+18
10220	1.3977097023955E+18
10230	1.39181836628237E+18
10240	1.3859104275419E+18
10250	1.37998214675717E+18
10260	1.37402962157444E+18
10270	1.36804879683427E+18
10280	1.36203547721337E+18
10290	1.35598534243197E+18
10300	1.34989396504206E+18
10310	1.34375683076964E+18
10320	1.33756936133853E+18
10330	1.33132693965723E+18
10340	1.32502493720287E+18
10350	1.31865874339028E+18
10360	1.31222379666931E+18
10370	1.30571561705251E+18
10380	1.29912983973751E+18
10390	1.2924622494565E+18
10400	1.28570881515901E+18
10410	1.27886572461507E+18
10420	1.27192941851387E+18
10430	1.26489662362939E+18
10440	1.25776438462828E+18
10450	1.25053009410772E+18
10460	1.24319152047068E+18
10470	1.2357468332733E+18
10480	1.22819462571318E+18
10490	1.2205339339671E+18
10500	1.21276425313152E+18
10510	1.20488515308113E+18
10520	1.19689501906476E+18
10530	1.18879204213213E+18
10540	1.1805745870556E+18
10550	1.17224120836237E+18
10560	1.16379066711007E+18
10570	1.1552219482889E+18
10580	1.14653427871825E+18
10590	1.13772714529128E+18
10600	1.12880031340659E+18
10610	1.11975384541317E+18
10620	1.11058811888231E+18
10630	1.10130384450928E+18
10640	1.09190208343803E+18
10650	1.0823842637942E+18
10660	1.07275219620608E+18
10670	1.06300808808929E+18
10680	1.05315455646994E+18
10690	1.04319463912234E+18
10700	1.03313180380192E+18
10710	1.02296995536108E+18
10720	1.01271344054675E+18
10730	1.00236705029169E+18
10740	9.91936019329181E+17
10750	9.81426022980613E+17
10760	9.70843170989391E+17
10770	9.60193998300614E+17
10780	9.49485452715484E+17
10790	9.38724879380778E+17
10800	9.27920002107529E+17
10810	9.1707890154812E+17
10820	9.06210004031099E+17
10830	8.9532537614223E+17
10840	8.84444842466771E+17
10850	8.73589041625013E+17
10860	8.62778159630471E+17
10870	8.52031766102418E+17
10880	8.41368664620275E+17
10890	8.30806759384193E+17
10900	8.20362939691635E+17
10910	8.1005298306933E+17
10920	7.99891477237176E+17
10930	7.89891760453066E+17
10940	7.80065879229213E+17
10950	7.70424561961542E+17
10960	7.60977206718402E+17
10970	7.51731881334325E+17
10980	7.42695334077019E+17
10990	7.33873013504881E+17
11000	7.25269096677462E+17
11010	7.16886525554167E+17
11020	7.0872705211473E+17
11030	7.00791293336628E+17
11040	6.93078797547535E+17
11050	6.85588123737064E+17
11060	6.78316935107222E+17
11070	6.71262107468383E+17
11080	6.64419852109239E+17
11090	6.57785851597631E+17
11100	6.51355405747924E+17
11110	6.45123583872235E+17
11120	6.39085378554343E+17
11130	6.33235855649339E+17
11140	6.27570295075915E+17
11150	6.22084317238121E+17
11160	6.16773788374163E+17
11170	6.11626485962877E+17
11180	6.06619561156912E+17
11190	6.01730711906021E+17
11200	5.96938809453352E+17
11210	5.92223682545302E+17
11220	5.87565917228961E+17
11230	5.82946665979197E+17
11240	5.78347459258208E+17
11250	5.73750012183847E+17
11260	5.69136018707355E+17
11270	5.64486925555297E+17
11280	5.59783678200477E+17
11290	5.55006431371553E+17
11300	5.50134217229572E+17
11310	5.45144565536983E+17
11320	5.40013072196959E+17
11330	5.34712915795677E+17
11340	5.29214326644978E+17
11350	5.234840197365E+17
11360	5.17484612394496E+17
11370	5.11174059548321E+17
11380	5.04505154474222E+17
11390	4.97425160173592E+17
11400	4.89875655189924E+17
11410	4.81792695656211E+17
11420	4.73107409681827E+17
11430	4.63747146710713E+17
11440	4.53637298215989E+17
11450	4.42703881752261E+17
11460	4.30876933397911E+17
11470	4.18094681545033E+17
11480	4.04308379146874E+17
11490	3.89487558448753E+17
11500	3.73625354468044E+17
11510	3.56743439186021E+17
11520	3.38897384530359E+17
11530	3.20231902952882E+17
11540	3.00996238577433E+17
11550	2.81466695301452E+17
11560	2.61926122931221E+17
11570	2.42648068711064E+17
11580	2.23882740264875E+17
11590	2.05846191224879E+17
11600	1.88713451566174E+17
11610	1.7261565594755E+17
11620	1.57640700530257E+17
11630	1.43836639767312E+17
11640	1.31216916873844E+17
11650	1.19766562916791E+17
11660	1.0944864159317E+17
11670	1.00210404170882E+17
11680	9.19888089568409E+16
11690	8.47152252258119E+16
11700	7.83192703304177E+16
11710	7.27318187707683E+16
11720	6.78872777426756E+16
11730	6.37252524432176E+16
11740	6.01917340905449E+16
11750	5.72399413250314E+16
11760	5.48309371493094E+16
11770	5.29341331367835E+16
11780	5.15277833325989E+16
11790	5.05995641597078E+16
11800	5.0147335122827E+16
11810	5.01801791295008E+16
11820	5.07198314536257E+16
11830	5.18026230132531E+16
11840	5.34820862715746E+16
11850	5.58323986967203E+16
11860	5.89528640155281E+16
11870	6.29736433683927E+16
11880	6.80629214559654E+16
11890	7.44355759407733E+16
11900	8.23631138516919E+16
11910	9.21679140725484E+16
11920	1.04171554568899E+17
11930	1.18714230107186E+17
11940	1.36141040127379E+17
11950	1.56753772283052E+17
11960	1.8073245973749E+17
11970	2.08021040084596E+17
11980	2.38182337986723E+17
11990	2.70252352913177E+17
12000	3.02665029556493E+17
12010	3.33363528409329E+17
12020	3.60216159814647E+17
12030	3.81734442123138E+17
12040	3.97809258588165E+17
12050	4.09917295360459E+17
12060	4.20438760054399E+17
12070	4.31513326551181E+17
12080	4.44389620576153E+17
12090	4.59585965751296E+17
12100	4.77277935278626E+17
12110	4.97454846567742E+17
12120	5.19899423175722E+17
12130	5.44129386356384E+17
12140	5.69356932057205E+17
12150	5.94496831353348E+17
12160	6.1825138785477E+17
12170	6.3928675785903E+17
12180	6.56481845456522E+17
12190	6.69184353622818E+17
12200	6.77373266857571E+17
12210	6.8163873846095E+17
12220	6.82966408101101E+17
12230	6.82419203540862E+17
12240	6.80867261132854E+17
12250	6.78872090232271E+17
12260	6.76721304096293E+17
12270	6.74531357231979E+17
12280	6.72339207754472E+17
12290	6.70153948328028E+17
12300	6.67977276321608E+17
12310	6.65809403397632E+17
12320	6.63650315284691E+17
12330	6.61499971771041E+17
12340	6.59358330560007E+17
12350	6.57225349433879E+17
12360	6.55100986404837E+17
12370	6.52985199721968E+17
12380	6.50877947870132E+17
12390	6.48779189568451E+17
12400	6.46688883768805E+17
12410	6.44606989654327E+17
12420	6.42533466637924E+17
12430	6.40468274360789E+17
12440	6.38411372690946E+17
12450	6.36362721721785E+17
12460	6.34322281770623E+17
12470	6.32290013377264E+17
12480	6.30265877302581E+17
12490	6.28249834527094E+17
12500	6.26241846249574E+17
12510	6.24241873885641E+17
12520	6.22249879066387E+17
12530	6.20265823636996E+17
12540	6.18289669655385E+17
12550	6.16321379390848E+17
12560	6.14360915322706E+17
12570	6.12408240138982E+17
12580	6.10463316735065E+17
12590	6.08526108212403E+17
12600	6.06596577877188E+17
12610	6.04674689239065E+17
12620	6.02760406009842E+17
12630	6.00853692102207E+17
12640	5.98954511628465E+17
12650	5.97062828899272E+17
12660	5.95178608422385E+17
12670	5.93301814901417E+17
12680	5.91432413234608E+17
12690	5.89570368513592E+17
12700	5.87715646022187E+17
12710	5.85868211235182E+17
12720	5.84028029817141E+17
12730	5.82195067621208E+17
12740	5.80369290687928E+17
12750	5.78550665244068E+17
12760	5.76739157701458E+17
12770	5.74934734655825E+17
12780	5.73137362885646E+17
12790	5.71347009351012E+17
12800	5.69563641192484E+17
12810	5.67787225729976E+17
12820	5.66017730461632E+17
12830	5.64255123062717E+17
12840	5.62499371384518E+17
12850	5.60750443453243E+17
12860	5.59008307468942E+17
12870	5.57272931804421E+17
12880	5.55544285004173E+17
12890	5.53822335783314E+17
12900	5.52107053026525E+17
12910	5.50398405787003E+17
12920	5.48696363285419E+17
12930	5.47000894908885E+17
12940	5.4531197020992E+17
12950	5.43629558905436E+17
12960	5.41953630875721E+17
12970	5.40284156163434E+17
12980	5.38621104972602E+17
12990	5.36964447667634E+17
13000	5.35314154772329E+17
13010	5.33670196968898E+17
13020	5.32032545096996E+17
13030	5.30401170152749E+17
13040	5.28776043287805E+17
13050	5.27157135808371E+17
13060	5.25544419174278E+17
13070	5.23937864998031E+17
13080	5.22337445043885E+17
13090	5.20743131226914E+17
13100	5.19154895612094E+17
13110	5.17572710413385E+17
13120	5.15996547992827E+17
13130	5.1442638085964E+17
13140	5.12862181669326E+17
13150	5.11303923222778E+17
13160	5.09751578465405E+17
13170	5.08205120486247E+17
13180	5.06664522517109E+17
13190	5.05129757931695E+17
13200	5.03600800244747E+17
13210	5.02077623111195E+17
13220	5.00560200325307E+17
13230	4.99048505819849E+17
13240	4.97542513665249E+17
13250	4.96042198068766E+17
13260	4.94547533373666E+17
13270	4.93058494058401E+17
13280	4.915750547358E+17
13290	4.90097190152256E+17
13300	4.88624875186928E+17
13310	4.8715808485094E+17
13320	4.85696794286593E+17
13330	4.84240978766574E+17
13340	4.82790613693179E+17
13350	4.81345674597535E+17
13360	4.79906137138834E+17
13370	4.78471977103558E+17
13380	4.7704317040473E+17
13390	4.75619693081149E+17
13400	4.74201521296647E+17
13410	4.7278863133934E+17
13420	4.71380999620891E+17
13430	4.69978602675771E+17
13440	4.68581417160532E+17
13450	4.67189419853081E+17
13460	4.65802587651957E+17
13470	4.64420897575621E+17
13480	4.63044326761738E+17
13490	4.61672852466476E+17
13500	4.60306452063804E+17
13510	4.58945103044792E+17
13520	4.57588783016922E+17
13530	4.56237469703401E+17
13540	4.54891140942474E+17
13550	4.53549774686749E+17
13560	4.52213349002523E+17
13570	4.50881842069111E+17
13580	4.4955523217818E+17
13590	4.48233497733092E+17
13600	4.46916617248244E+17
13610	4.4560456934842E+17
13620	4.44297332768138E+17
13630	4.42994886351011E+17
13640	4.41697209049106E+17
13650	4.40404279922309E+17
13660	4.39116078137693E+17
13670	4.37832582968892E+17
13680	4.36553773795477E+17
13690	4.35279630102333E+17
13700	4.34010131479045E+17
13710	4.32745257619277E+17
13720	4.31484988320154E+17
13730	4.30229303481645E+17
13740	4.28978183105932E+17
13750	4.2773160729677E+17
13760	4.26489556258819E+17
13770	4.25252010296941E+17
13780	4.24018949815437E+17
13790	4.22790355317192E+17
13800	4.2156620740268E+17
13810	4.20346486768776E+17
13820	4.19131174207259E+17
13830	4.17920250602909E+17
13840	4.16713696930993E+17
13850	4.15511494253911E+17
13860	4.14313623716675E+17
13870	4.13120066540778E+17
13880	4.11930804015872E+17
13890	4.1074581748851E+17
13900	4.09565088346942E+17
13910	4.08388598000742E+17
13920	4.07216327853629E+17
13930	4.06048259267507E+17
13940	4.04884373515222E+17
13950	4.03724651718961E+17
13960	4.02569074770592E+17
13970	4.01417623229453E+17
13980	4.00270277192255E+17
13990	3.99127016128829E+17
14000	3.97987818676407E+17
14010	3.96852662384035E+17
14020	3.95721523397558E+17
14030	3.94594376074437E+17
14040	3.93471192516515E+17
14050	3.92351942007704E+17
14060	3.9123659034259E+17
14070	3.90125099031085E+17
14080	3.89017424363651E+17
14090	3.87913516321282E+17
14100	3.86813317314502E+17
14110	3.85716760736092E+17
14120	3.84623769313269E+17
14130	3.83534253246631E+17
14140	3.82448108125365E+17
14150	3.81365212611093E+17
14160	3.8028542588636E+17
14170	3.79208584868007E+17
14180	3.7813450119072E+17
14190	3.77062957971656E+17
14200	3.75993706373306E+17
14210	3.74926461988496E+17
14220	3.73860901078502E+17
14230	3.72796656702636E+17
14240	3.71733314784994E+17
14250	3.70670410171331E+17
14260	3.69607422735931E+17
14270	3.68543773604651E+17
14280	3.67478821565903E+17
14290	3.664118606831E+17
14300	3.65342121165463E+17
14310	3.64268766484091E+17
14320	3.631908917604E+17
14330	3.62107523546369E+17
14340	3.61017620412621E+17
14350	3.59920074405375E+17
14360	3.58813713420895E+17
14370	3.57697304531812E+17
14380	3.56569558283871E+17
14390	3.55429133964672E+17
14400	3.54274645828228E+17
14410	3.53104670241061E+17
14420	3.51917753697645E+17
14430	3.50712421635627E+17
14440	3.49487187965E+17
14450	3.48240565210529E+17
14460	3.46971075153764E+17
14470	3.45677259850112E+17
14480	3.44357692888039E+17
14490	3.43010990751594E+17
14500	3.41635824144377E+17
14510	3.40230929132649E+17
14520	3.38795117967609E+17
14530	3.37327289451802E+17
14540	3.35826438721921E+17
14550	3.3429166632985E+17
14560	3.32722186515211E+17
14570	3.31117334575797E+17
14580	3.29476573256605E+17
14590	3.27799498093512E+17
14600	3.26085841663488E+17
14610	3.24335476709413E+17
14620	3.22548418123536E+17
14630	3.20724823789343E+17
14640	3.1886499429648E+17
14650	3.16969371557479E+17
14660	3.15038536367945E+17
14670	3.13073204963459E+17
14680	3.11074224636682E+17
14690	3.0904256848682E+17
14700	3.06979329380722E+17
14710	3.0488571321046E+17
14720	3.02763031536194E+17
14730	3.00612693705645E+17
14740	2.98436198542513E+17
14750	2.96235125695916E+17
14760	2.94011126741374E+17
14770	2.91765916121265E+17
14780	2.89501262009067E+17
14790	2.87218977177295E+17
14800	2.84920909943894E+17
14810	2.82608935266226E+17
14820	2.80284946045653E+17
14830	2.77950844699353E+17
14840	2.75608535049467E+17
14850	2.73259914572997E+17
14860	2.7090686704933E+17
14870	2.68551255635686E+17
14880	2.66194908849741E+17
14890	2.63839456123191E+17
14900	2.61486326247224E+17
14910	2.59136899483325E+17
14920	2.5679251291807E+17
14930	2.54454459393162E+17
14940	2.5212398666741E+17
14950	2.49802296785423E+17
14960	2.47490545626863E+17
14970	2.45189842608528E+17
14980	2.42901250509557E+17
14990	2.40625785387301E+17
15000	2.38364416548062E+17
15010	2.36118066532792E+17
15020	2.33887611073161E+17
15030	2.31673878968156E+17
15040	2.29477651825872E+17
15050	2.27299663609612E+17
15060	2.2514059992232E+17
15070	2.23001096959056E+17
15080	2.20881740054407E+17
15090	2.18783061750827E+17
15100	2.1670553931563E+17
15110	2.14649591639282E+17
15120	2.12615575456218E+17
15130	2.10603780842143E+17
15140	2.0861442595884E+17
15150	2.0664765103899E+17
15160	2.04703511629272E+17
15170	2.02781971139589E+17
15180	2.00882892778996E+17
15190	1.99006030993865E+17
15200	1.97151022559877E+17
15210	1.95317377515129E+17
15220	1.9350447015561E+17
15230	1.91711530344908E+17
15240	1.89937635415622E+17
15250	1.88181702959248E+17
15260	1.86442484812761E+17
15270	1.84718562552694E+17
15280	1.83008344800502E+17
15290	1.81310066625714E+17
15300	1.79621791305954E+17
15310	1.77941414665547E+17
15320	1.76266672167895E+17
15330	1.7459514888216E+17
15340	1.72924292383597E+17
15350	1.71251428580727E+17
15360	1.69573780393451E+17
15370	1.67888489136368E+17
15380	1.66192638392938E+17
15390	1.64483280101012E+17
15400	1.62757462510617E+17
15410	1.61012259622508E+17
15420	1.59244801672567E+17
15430	1.57452306193783E+17
15440	1.55632109165416E+17
15450	1.53781695748338E+17
15460	1.51898730106886E+17
15470	1.49981083830518E+17
15480	1.48026862492618E+17
15490	1.46034429918127E+17
15500	1.44002429775151E+17
15510	1.4192980415686E+17
15520	1.39815808877476E+17
15530	1.37660105980755E+17
15540	1.35463238658832E+17
15550	1.33226355547223E+17
15560	1.30950999501057E+17
15570	1.28639095131686E+17
15580	1.26292930813926E+17
15590	1.23915135138152E+17
15600	1.21508648485408E+17
15610	1.19076690488171E+17
15620	1.16622724195535E+17
15630	1.14150417789605E+17
15640	1.11663604701502E+17
15650	1.09166242952743E+17
15660	1.06662374504303E+17
15670	1.04156085334563E+17
15680	1.01651466892768E+17
15690	9.91525794902459E+16
15700	9.66634181011454E+16
15710	9.41878809515403E+16
15720	9.17297411832763E+16
15730	8.92926217897301E+16
15740	8.68799739368245E+16
15750	8.44950587058947E+16
15760	8.21409322265443E+16
15770	7.98204341082228E+16
15780	7.75361790292781E+16
15790	7.52905513016224E+16
15800	7.30857021977427E+16
15810	7.09235498039215E+16
15820	6.88057811486419E+16
15830	6.67338563473866E+16
15840	6.47090145034548E+16
15850	6.27322811082477E+16
15860	6.08044766926662E+16
15870	5.89262264930344E+16
15880	5.70979709094679E+16
15890	5.53199765510822E+16
15900	5.35923476802515E+16
15910	5.19150378866454E+16
15920	5.02878618405261E+16
15930	4.87105069933412E+16
15940	4.71825451116713E+16
15950	4.57034435477862E+16
15960	4.42725761662934E+16
15970	4.28892338613906E+16
15980	4.15526346130647E+16
15990	4.02619330430989E+16
16000	3.90162294429604E+16
16010	3.78145782556004E+16
16020	3.665599600187E+16
16030	3.55394686497859E+16
16040	3.44639584312732E+16
16050	3.34284101163763E+16
16060	3.24317567593627E+16
16070	3.14729249347054E+16
16080	3.05508394837264E+16
16090	2.96644277947982E+16
16100	2.88126236415175E+16
16110	2.79943706042491E+16
16120	2.72086251009881E+16
16130	2.64543590536416E+16
16140	2.57305622156769E+16
16150	2.50362441866554E+16
16160	2.43704361385365E+16
16170	2.3732192277826E+16
16180	2.31205910667045E+16
16190	2.25347362252392E+16
16200	2.19737575356758E+16
16210	2.14368114686655E+16
16220	2.09230816501171E+16
16230	2.04317755428023E+16
16240	1.99618126286488E+16
16250	1.9511621393437E+16
16260	1.90796773710858E+16
16270	1.86645555202998E+16
16280	1.82649231066847E+16
16290	1.78795332139245E+16
16300	1.75072188399466E+16
16310	1.71468875357393E+16
16320	1.67975165464011E+16
16330	1.64581484160265E+16
16340	1.61278870200514E+16
16350	1.5805893990687E+16
16360	1.54913855029862E+16
16370	1.5183629390917E+16
16380	1.48819425645201E+16
16390	1.45856887008295E+16
16400	1.42942761826905E+16
16410	1.40071562609644E+16
16420	1.37238214168325E+16
16430	1.34438039020393E+16
16440	1.31666744359392E+16
16450	1.28920410391478E+16
16460	1.26195479844665E+16
16470	1.23488748465546E+16
16480	1.20797356325769E+16
16490	1.18118779767834E+16
16500	1.154508238268E+16
16510	1.12791614971466E+16
16520	1.10139594015695E+16
16530	1.07493509057762E+16
16540	1.0485240831322E+16
16550	1.022156327148E+16
16560	9.95828081614276E+15
16570	9.69538373075917E+15
16580	9.43288907942651E+15
16590	9.17083978331588E+15
16600	8.90930360676232E+15
16610	8.64837206457251E+15
16620	8.38815924541885E+15
16630	8.12880054757171E+15
16640	7.87045132468723E+15
16650	7.61328544089108E+15
16660	7.35749373598063E+15
16670	7.10328240318408E+15
16680	6.85087128356045E+15
16690	6.60049208276574E+15
16700	6.35238651754204E+15
16710	6.10680440086916E+15
16720	5.86400167623603E+15
16730	5.62423841291833E+15
16740	5.38777677544812E+15
16750	5.15487898162296E+15
16760	4.92580526438111E+15
16770	4.70081185366056E+15
16780	4.48014899491783E+15
16790	4.26405902131268E+15
16800	4.05277449663136E+15
16810	3.84651644582483E+15
16820	3.64549268956505E+15
16830	3.44989629848043E+15
16840	3.25990418171377E+15
16850	3.07567582317419E+15
16860	2.89735217733789E+15
16870	2.72505473471738E+15
16880	2.55888476518956E+15
16890	2.39892274528718E+15
16900	2.24522797334404E+15
16910	2.0978383740939E+15
16920	1.95677049198568E+15
16930	1.82201967014641E+15
16940	1.69356040963872E+15
16950	1.57134690146454E+15
16960	1.45531372170246E+15
16970	1.34537667827066E+15
16980	1.24143379611534E+15
16990	1.14336642616401E+15
17000	1.05104046221543E+15
17010	964331529465028
17020	883178743473579
17030	807492253218004
17040	737135921026246
17050	671935977359453
17060	611689016863157
17070	556169265242452
17080	505135078816868
17090	458334665977108
17100	415511042196807
17110	376406247951446
17120	340764872209907
17130	308336933547050
17140	278880176879929
17150	252161846888598
17160	227959999862417
17170	206064414509813
17180	186277159635142
17190	168412872918494
17200	152298800680286
17210	137774643759480
17220	124692249718387
17230	112915186691856
17240	102318229466750
17250	92786783908635.6
17260	84216271715587
17270	76511493715160.4
17280	69585986549122
17290	63361384612686.4
17300	57766796521242.7
17310	52738203147176.8
17320	48217882376441
17330	44153864149456.5
17340	40499418042021.1
17350	37212574577650.2
17360	34255680611673.3
17370	31594988461259.6
17380	29200277945756.1
17390	27044510124545.4
17400	25103511252995.5
17410	23355685300435.3
17420	21781753271117.6
17430	20364517525516.6
17440	19088649300877
17450	17940497668612.5
17460	16907918230656.7
17470	15980119942424.2
17480	15147528548762.6
17490	14401665229121.6
17500	13735039162897.1
17510	13141052845579.3
17520	12613919107994.8
17530	12148588913204.7
17540	11740689129909.4
17550	11386469605336.7
17560	11082758987997.5
17570	10826928880308.8
17580	10616866036860.9
17590	10450952467597.1
17600	10328053459187.3
17610	10247513699088.9
17620	10209161876874.7
17630	10213324356650.7
17640	10260848768198.3
17650	10353138665607.3
17660	10492200762131.1
17670	10680706686379.8
17680	10922071739522.7
17690	11220553791362.9
17700	11581376272656.1
17710	12010880243683.8
17720	12516711805805.4
17730	13108052746961.4
17740	13795904373491.5
17750	14593437105983.1
17760	15516421777195.4
17770	16583762883743.2
17780	17818159607086.4
17790	19246927619090
17800	20903024042787.8
17810	22826330139975
17820	25065262273374
17830	27678802688323.3
17840	30739069367505.6
17850	34334580915796.9
17860	38573001387424.6
17870	43580983634563.5
17880	49511852850907.6
17890	56553151268159.3
17900	64934739024236.4
17910	74938923060557
17920	86913138921171.3
17930	101285849388727
17940	118586499866376
17950	139470592828272
17960	164751224261102
17970	195438778115144
17980	232790917526892
17990	278375564041103
18000	334150240916491
18010	402561997997595
18020	486673156671842
18030	590319331154667
18040	718307598591936
18050	876664275819885
18060	1.07294342721439E+15
18070	1.31660878470317E+15
18080	1.61950284087462E+15
18090	1.99641682302173E+15
18100	2.46577295073598E+15
18110	3.05042398440368E+15
18120	3.77856167268491E+15
18130	4.68470085473354E+15
18140	5.81066318188031E+15
18150	7.20641483079872E+15
18160	8.93050527498317E+15
18170	1.1049698302333E+16
18180	1.36371771633694E+16
18190	1.67684575055905E+16
18200	2.05139139462079E+16
18210	2.49267644412911E+16
18220	3.00257455197356E+16
18230	3.57730052828425E+16
18240	4.20504810106064E+16
18250	4.86424644373538E+16
18260	5.52372644331322E+16
18270	6.14634499676161E+16
18280	6.69696757213159E+16
18290	7.15353461525316E+16
18300	7.51662749949542E+16
18310	7.81104092660102E+16
18320	8.07608857534372E+16
18330	8.34970600212235E+16
18340	8.65708646469368E+16
18350	9.00956445894901E+16
18360	9.40923535078288E+16
18370	9.85236521485316E+16
18380	1.03299319239469E+17
18390	1.0827121606951E+17
18400	1.13233626230053E+17
18410	1.1793720676775E+17
18420	1.22120697295828E+17
18430	1.2555871683721E+17
18440	1.28114722032538E+17
18450	1.29779054875581E+17
18460	1.30670683318611E+17
18470	1.3099465408397E+17
18480	1.3097218712512E+17
18490	1.30778939549043E+17
18500	1.3052017802177E+17
18510	1.30242950442206E+17
18520	1.29962489200433E+17
18530	1.29682223957095E+17
18540	1.29402663904114E+17
18550	1.29123854140132E+17
18560	1.2884579479838E+17
18570	1.28568483529903E+17
18580	1.28291917921941E+17
18590	1.28016095569791E+17
18600	1.27741014077789E+17
18610	1.2746667105927E+17
18620	1.27193064136539E+17
18630	1.26920190940824E+17
18640	1.26648049112245E+17
18650	1.26376636299768E+17
18660	1.26105950161175E+17
18670	1.25835988363021E+17
18680	1.25566748580599E+17
18690	1.25298228497901E+17
18700	1.25030425807582E+17
18710	1.24763338210923E+17
18720	1.24496963417794E+17
18730	1.24231299146615E+17
18740	1.23966343124323E+17
18750	1.23702093086336E+17
18760	1.23438546776512E+17
18770	1.23175701947118E+17
18780	1.22913556358792E+17
18790	1.2265210778051E+17
18800	1.22391353989544E+17
18810	1.22131292771434E+17
18820	1.21871921919951E+17
18830	1.21613239237058E+17
18840	1.2135524253288E+17
18850	1.21097929625669E+17
18860	1.20841298341765E+17
18870	1.20585346515568E+17
18880	1.203300719895E+17
18890	1.20075472613971E+17
18900	1.19821546247346E+17
18910	1.19568290755913E+17
18920	1.19315704013847E+17
18930	1.19063783903179E+17
18940	1.18812528313759E+17
18950	1.18561935143227E+17
18960	1.18312002296981E+17
18970	1.18062727688138E+17
18980	1.17814109237507E+17
18990	1.17566144873557E+17
19000	1.17318832532382E+17
19010	1.17072170157667E+17
19020	1.16826155700663E+17
19030	1.1658078712015E+17
19040	1.16336062382404E+17
19050	1.16091979461173E+17
19060	1.15848536337636E+17
19070	1.15605731000379E+17
19080	1.15363561445361E+17
19090	1.15122025675885E+17
19100	1.14881121702564E+17
19110	1.14640847543294E+17
19120	1.14401201223221E+17
19130	1.14162180774712E+17
19140	1.13923784237325E+17
19150	1.13686009657777E+17
19160	1.13448855089918E+17
19170	1.13212318594696E+17
19180	1.12976398240132E+17
19190	1.1274109210129E+17
19200	1.12506398260244E+17
19210	1.12272314806053E+17
19220	1.12038839834729E+17
19230	1.11805971449211E+17
19240	1.11573707759334E+17
19250	1.113420468818E+17
19260	1.11110986940152E+17
19270	1.10880526064742E+17
19280	1.10650662392708E+17
19290	1.10421394067939E+17
19300	1.10192719241054E+17
19310	1.0996463606937E+17
19320	1.09737142716874E+17
19330	1.09510237354197E+17
19340	1.09283918158587E+17
19350	1.09058183313881E+17
19360	1.08833031010477E+17
19370	1.08608459445307E+17
19380	1.08384466821811E+17
19390	1.08161051349911E+17
19400	1.07938211245981E+17
19410	1.07715944732824E+17
19420	1.07494250039643E+17
19430	1.07273125402016E+17
19440	1.07052569061871E+17
19450	1.06832579267456E+17
19460	1.06613154273316E+17
19470	1.06394292340267E+17
19480	1.06175991735371E+17
19490	1.05958250731907E+17
19500	1.05741067609349E+17
19510	1.05524440653339E+17
19520	1.05308368155662E+17
19530	1.05092848414221E+17
19540	1.04877879733013E+17
19550	1.046634604221E+17
19560	1.04449588797591E+17
19570	1.04236263181611E+17
19580	1.04023481902279E+17
19590	1.03811243293685E+17
19600	1.03599545695862E+17
19610	1.03388387454766E+17
19620	1.03177766922249E+17
19630	1.02967682456035E+17
19640	1.02758132419698E+17
19650	1.02549115182636E+17
19660	1.02340629120049E+17
19670	1.02132672612915E+17
19680	1.01925244047966E+17
19690	1.01718341817665E+17
19700	1.01511964320182E+17
19710	1.01306109959373E+17
19720	1.01100777144755E+17
19730	1.00895964291482E+17
19740	1.00691669820327E+17
19750	1.00487892157653E+17
19760	1.00284629735394E+17
19770	1.00081880991034E+17
19780	9.98796443675795E+16
19790	9.96779183135419E+16
19800	9.9476701282913E+16
19810	9.92759917351434E+16
19820	9.90757881351207E+16
19830	9.8876088953147E+16
19840	9.86768926649177E+16
19850	9.84781977514995E+16
19860	9.82800026993085E+16
19870	9.80823060000895E+16
19880	9.78851061508936E+16
19890	9.76884016540574E+16
19900	9.74921910171821E+16
19910	9.72964727531113E+16
19920	9.71012453799111E+16
19930	9.69065074208485E+16
19940	9.67122574043708E+16
19950	9.65184938640846E+16
19960	9.63252153387355E+16
19970	9.61324203721872E+16
19980	9.59401075134011E+16
19990	9.57482753164161E+16
20000	9.55569223403281E+16
