2000	1.37192471657589E+18
2010	1.4231003318302E+18
2020	1.47578636804599E+18
2030	1.52988251302302E+18
2040	1.58548072445202E+18
2050	1.64261347689887E+18
2060	1.70131489261074E+18
2070	1.76161731636588E+18
2080	1.82355090161275E+18
2090	1.88714585513605E+18
2100	1.95243212751772E+18
2110	2.01943970919353E+18
2120	2.08819896769222E+18
2130	2.15873868334483E+18
2140	2.23108835332785E+18
2150	2.30527788948115E+18
2160	2.38133518970024E+18
2170	2.45929072417473E+18
2180	2.53917130774578E+18
2190	2.62100477043881E+18
2200	2.70482501551873E+18
2210	2.79066140548958E+18
2220	2.87854467138371E+18
2230	2.96850485496961E+18
2240	3.06056811232252E+18
2250	3.15476882225637E+18
2260	3.25113872684989E+18
2270	3.34970345096919E+18
2280	3.45049043554993E+18
2290	3.55352769890666E+18
2300	3.65884337619498E+18
2310	3.76646584054979E+18
2320	3.87642495095472E+18
2330	3.98875172359242E+18
2340	4.10347781238299E+18
2350	4.22063643855194E+18
2360	4.34026048960088E+18
2370	4.46237912613386E+18
2380	4.58702104631359E+18
2390	4.71421410115875E+18
2400	4.84398209011999E+18
2410	4.97634769508661E+18
2420	5.1113336224254E+18
2430	5.24896307460779E+18
2440	5.38926066156731E+18
2450	5.53225445415316E+18
2460	5.67797476266803E+18
2470	5.82645409906973E+18
2480	5.97772771919046E+18
2490	6.1318315291483E+18
2500	6.28879934205073E+18
2510	6.44866229283699E+18
2520	6.61144762583093E+18
2530	6.77717626693989E+18
2540	6.94586349902245E+18
2550	7.11752022383508E+18
2560	7.29215526847381E+18
2570	7.46977834397793E+18
2580	7.65039984259161E+18
2590	7.8340323564341E+18
2600	8.02069553376004E+18
2610	8.21042119001579E+18
2620	8.40324527607119E+18
2630	8.59920768377986E+18
2640	8.79835146711505E+18
2650	9.00072231609802E+18
2660	9.20635893985289E+18
2670	9.41529288261238E+18
2680	9.62754388904032E+18
2690	9.84312101724627E+18
2700	1.00620199856151E+19
2710	1.02842248344442E+19
2720	1.05097126777628E+19
2730	1.07384545236811E+19
2740	1.09704256474682E+19
2750	1.12056066766972E+19
2760	1.1443989381707E+19
2770	1.16855815017011E+19
2780	1.19304034153322E+19
2790	1.2178498674565E+19
2800	1.24299192757917E+19
2810	1.2684734128497E+19
2820	1.2943014744087E+19
2830	1.32048246635051E+19
2840	1.34702229930365E+19
2850	1.37392443112186E+19
2860	1.40119059595955E+19
2870	1.42881980381661E+19
2880	1.45680748502052E+19
2890	1.4851475592836E+19
2900	1.51383064047274E+19
2910	1.54284637040716E+19
2920	1.572184073504E+19
2930	1.60183275251478E+19
2940	1.63178331178735E+19
2950	1.66202952397195E+19
2960	1.69256648216362E+19
2970	1.7233951670407E+19
2980	1.75451842036126E+19
2990	1.78594319219242E+19
3000	1.81768064897736E+19
3010	1.84974269455141E+19
3020	1.88214287330713E+19
3030	1.91489521049822E+19
3040	1.94801107805181E+19
3050	1.98149877238574E+19
3060	2.01536492321276E+19
3070	2.04960707787176E+19
3080	2.08421920215508E+19
3090	2.11919050537252E+19
3100	2.15450095663668E+19
3110	2.1901286897033E+19
3120	2.22604808595123E+19
3130	2.26223021366484E+19
3140	2.29864597520593E+19
3150	2.33526964730487E+19
3160	2.372076551828E+19
3170	2.40904523855687E+19
3180	2.44616590047211E+19
3190	2.48343103104202E+19
3200	2.52083975113681E+19
3210	2.55840426589238E+19
3220	2.5961385631963E+19
3230	2.63406258489456E+19
3240	2.67220443822803E+19
3250	2.71059301948818E+19
3260	2.74925605491687E+19
3270	2.78821986906283E+19
3280	2.82751040275881E+19
3290	2.86714325570732E+19
3300	2.90712292369414E+19
3310	2.94745264492365E+19
3320	2.98812046598656E+19
3330	3.0290967985254E+19
3340	3.07035030771872E+19
3350	3.11183907939333E+19
3360	3.15350599574318E+19
3370	3.19529206434818E+19
3380	3.23713708550796E+19
3390	3.27897909568572E+19
3400	3.32075549234833E+19
3410	3.36240776630223E+19
3420	3.40389494762738E+19
3430	3.44518040896017E+19
3440	3.48623040703771E+19
3450	3.52703780327639E+19
3460	3.56760990055461E+19
3470	3.60795467695213E+19
3480	3.64809654180501E+19
3490	3.68808111097489E+19
3500	3.72795527263086E+19
3510	3.76776805141916E+19
3520	3.80757756874578E+19
3530	3.84744378001092E+19
3540	3.88742543928895E+19
3550	3.92756931155794E+19
3560	3.96791119480151E+19
3570	4.00848576488261E+19
3580	4.04931767769493E+19
3590	4.09039426109387E+19
3600	4.1316932204175E+19
3610	4.17319109768505E+19
3620	4.21483812946486E+19
3630	4.25655053961409E+19
3640	4.29824239742089E+19
3650	4.33982599439159E+19
3660	4.38119428168801E+19
3670	4.42222994649943E+19
3680	4.46281674959352E+19
3690	4.50284295023084E+19
3700	4.54221217217461E+19
3710	4.58083361597623E+19
3720	4.6186184193291E+19
3730	4.65549571989473E+19
3740	4.6914400022742E+19
3750	4.7264343608566E+19
3760	4.76046317924605E+19
3770	4.79353473641104E+19
3780	4.82570649001197E+19
3790	4.85704143419233E+19
3800	4.88760160136764E+19
3810	4.91746219370586E+19
3820	4.94672711526335E+19
3830	4.97550129816766E+19
3840	5.00388652102745E+19
3850	5.03197975388496E+19
3860	5.05987046983944E+19
3870	5.08764400523038E+19
3880	5.11538217046203E+19
3890	5.14315425734758E+19
3900	5.17098615705191E+19
3910	5.19889040529179E+19
3920	5.22687773449186E+19
3930	5.25495206853816E+19
3940	5.2830638021703E+19
3950	5.31113281039501E+19
3960	5.33907994161051E+19
3970	5.36682701955683E+19
3980	5.39426910170306E+19
3990	5.42126096005277E+19
4000	5.44765858308416E+19
4010	5.47332318188204E+19
4020	5.49811933926786E+19
4030	5.52190564925997E+19
4040	5.54454330979637E+19
4050	5.56590076781966E+19
4060	5.58585426627658E+19
4070	5.60430839584969E+19
4080	5.62120736019095E+19
4090	5.63650363844977E+19
4100	5.65015493648062E+19
4110	5.66212895287621E+19
4120	5.67245496031891E+19
4130	5.68120072631103E+19
4140	5.68843397971149E+19
4150	5.69422157538807E+19
4160	5.69863940944982E+19
4170	5.70181738245093E+19
4180	5.70389919077984E+19
4190	5.70502184410821E+19
4200	5.70531564031922E+19
4210	5.70490873813014E+19
4220	5.70393999789305E+19
4230	5.70254432531606E+19
4240	5.70084817203071E+19
4250	5.69896968998717E+19
4260	5.69701168642628E+19
4270	5.69504126425935E+19
4280	5.69311295753248E+19
4290	5.69127614817139E+19
4300	5.68957517927127E+19
4310	5.68803994091121E+19
4320	5.68664273393304E+19
4330	5.68533693057599E+19
4340	5.68407689979701E+19
4350	5.68281804931818E+19
4360	5.68151362766271E+19
4370	5.68007724811387E+19
4380	5.67839914129516E+19
4390	5.67637589083348E+19
4400	5.6739109922652E+19
4410	5.67091468515006E+19
4420	5.667292075836E+19
4430	5.66293423739695E+19
4440	5.6577397195652E+19
4450	5.65161691890541E+19
4460	5.64448382205139E+19
4470	5.63626830685738E+19
4480	5.62691226595134E+19
4490	5.61636853814686E+19
4500	5.60459785124581E+19
4510	5.59156835619175E+19
4520	5.57725517065933E+19
4530	5.56165245812917E+19
4540	5.54479539572396E+19
4550	5.52672697353445E+19
4560	5.50749071407935E+19
4570	5.4871304379971E+19
4580	5.46569042352782E+19
4590	5.44324098830431E+19
4600	5.41989199736799E+19
4610	5.39575082660911E+19
4620	5.37091842902049E+19
4630	5.34548960975149E+19
4640	5.31955369796385E+19
4650	5.29321298275778E+19
4660	5.26658851459405E+19
4670	5.23979429972362E+19
4680	5.2129356933118E+19
4690	5.18610985224759E+19
4700	5.15940612941217E+19
4710	5.13290439038874E+19
4720	5.10667371207599E+19
4730	5.08077628365701E+19
4740	5.05526811481264E+19
4750	5.03019928083483E+19
4760	5.00561413651436E+19
4770	4.9815430210654E+19
4780	4.95797876111204E+19
4790	4.9349045830541E+19
4800	4.91230282973763E+19
4810	4.89015499069767E+19
4820	4.86844173086459E+19
4830	4.84714133732152E+19
4840	4.82620552756826E+19
4850	4.80556703898017E+19
4860	4.78516218150352E+19
4870	4.76493145867859E+19
4880	4.74481949957718E+19
4890	4.72477498958474E+19
4900	4.70474755796788E+19
4910	4.68467788509952E+19
4920	4.6645088333212E+19
4930	4.64418929892779E+19
4940	4.62367400147409E+19
4950	4.60292325833143E+19
4960	4.58190274725844E+19
4970	4.56058406069617E+19
4980	4.53894547464734E+19
4990	4.51696983617598E+19
5000	4.49464396266217E+19
5010	4.4719583424951E+19
5020	4.44890683161161E+19
5030	4.42548635669359E+19
5040	4.40169892459861E+19
5050	4.37755393990033E+19
5060	4.35306278192637E+19
5070	4.32823778360391E+19
5080	4.30309202880011E+19
5090	4.27763915822233E+19
5100	4.2518931843553E+19
5110	4.22587113118489E+19
5120	4.19960057060211E+19
5130	4.17311008513546E+19
5140	4.1464264177712E+19
5150	4.11957454777715E+19
5160	4.09257776702763E+19
5170	4.06545775622517E+19
5180	4.03823565851727E+19
5190	4.01094495777161E+19
5200	3.98362649093912E+19
5210	3.95631788449055E+19
5220	3.92905361992965E+19
5230	3.9018653209381E+19
5240	3.8747820048574E+19
5250	3.84783030140577E+19
5260	3.8210372347748E+19
5270	3.79443761790621E+19
5280	3.76806573157811E+19
5290	3.74195283896809E+19
5300	3.71612730264966E+19
5310	3.69061465794171E+19
5320	3.6654376480327E+19
5330	3.64061621740939E+19
5340	3.61616471707499E+19
5350	3.59208829596333E+19
5360	3.56838919163563E+19
5370	3.54506776465012E+19
5380	3.52212246412088E+19
5390	3.4995497945185E+19
5400	3.47734428574755E+19
5410	3.45549846547627E+19
5420	3.43399801604746E+19
5430	3.41281326063414E+19
5440	3.39191287937055E+19
5450	3.37126696734792E+19
5460	3.35084714094205E+19
5470	3.33062663122286E+19
5480	3.31058036431176E+19
5490	3.29068502844097E+19
5500	3.27091844998607E+19
5510	3.25125526806689E+19
5520	3.23167088293888E+19
5530	3.21214428974527E+19
5540	3.19265798109561E+19
5550	3.17319779296938E+19
5560	3.15375271673943E+19
5570	3.13431468251232E+19
5580	3.11487832074848E+19
5590	3.09544101068696E+19
5600	3.07600287996956E+19
5610	3.05656579442715E+19
5620	3.03713301056793E+19
5630	3.01770894488144E+19
5640	2.99829895192819E+19
5650	2.97890911431463E+19
5660	2.95954604710201E+19
5670	2.94021672882668E+19
5680	2.92092888172893E+19
5690	2.90169091185259E+19
5700	2.88251086613656E+19
5710	2.8633963168135E+19
5720	2.84435433917908E+19
5730	2.82539149822188E+19
5740	2.80651384307375E+19
5750	2.78772690822851E+19
5760	2.76903572129636E+19
5770	2.75044497927541E+19
5780	2.73195920794863E+19
5790	2.71358240217547E+19
5800	2.69531801727312E+19
5810	2.67716901527736E+19
5820	2.65913790815668E+19
5830	2.64122679795172E+19
5840	2.62343741385726E+19
5850	2.60577114630037E+19
5860	2.58822909158568E+19
5870	2.570812174131E+19
5880	2.55352109918669E+19
5890	2.53635632048135E+19
5900	2.51931806667662E+19
5910	2.50240636510323E+19
5920	2.48562106261775E+19
5930	2.46896184385291E+19
5940	2.45242824710947E+19
5950	2.43601967811353E+19
5960	2.41973561046844E+19
5970	2.40357613120546E+19
5980	2.38754136415925E+19
5990	2.37163131340551E+19
6000	2.35584589196869E+19
6010	2.34018494554916E+19
6020	2.32464827197159E+19
6030	2.30923563690614E+19
6040	2.29394678629485E+19
6050	2.27878145582343E+19
6060	2.26373954394385E+19
6070	2.24882179338662E+19
6080	2.23402920388043E+19
6090	2.21936275208518E+19
6100	2.20482337227782E+19
6110	2.19041192777103E+19
6120	2.17612917408769E+19
6130	2.16197571527928E+19
6140	2.14795195507426E+19
6150	2.13405804486393E+19
6160	2.12029380505764E+19
6170	2.10665809025066E+19
6180	2.09314883026029E+19
6190	2.0797636986484E+19
6200	2.06650016076703E+19
6210	2.05335549617699E+19
6220	2.04032682623942E+19
6230	2.02741114654157E+19
6240	2.01460536366117E+19
6250	2.00190633560816E+19
6260	1.98931091511008E+19
6270	1.97681593437866E+19
6280	1.96441774400639E+19
6290	1.95211275573694E+19
6300	1.93989791866917E+19
6310	1.92777071487189E+19
6320	1.91572913052992E+19
6330	1.90377161280274E+19
6340	1.89189701650253E+19
6350	1.88010454454077E+19
6360	1.86839368576277E+19
6370	1.85676415332541E+19
6380	1.84521582668761E+19
6390	1.83374870650972E+19
6400	1.82236286074092E+19
6410	1.8110583750034E+19
6420	1.79983532352028E+19
6430	1.78869374720583E+19
6440	1.77763363792465E+19
6450	1.76665492825016E+19
6460	1.75575748592834E+19
6470	1.74494111219887E+19
6480	1.73420554313105E+19
6490	1.72355045318357E+19
6500	1.71297546158162E+19
6510	1.70248014157673E+19
6520	1.69206401920919E+19
6530	1.68172657938514E+19
6540	1.67146727395006E+19
6550	1.66128552860215E+19
6560	1.65118074875861E+19
6570	1.64115232449168E+19
6580	1.6311996346489E+19
6590	1.62132205026639E+19
6600	1.61151893737572E+19
6610	1.60178965929604E+19
6620	1.59213357854896E+19
6630	1.58255005852353E+19
6640	1.5730384643407E+19
6650	1.56359816376626E+19
6660	1.55422852803169E+19
6670	1.54492893246229E+19
6680	1.53569875695365E+19
6690	1.52653738632957E+19
6700	1.51744421060696E+19
6710	1.50841862518813E+19
6720	1.49946003099641E+19
6730	1.49056783456751E+19
6740	1.48174144810673E+19
6750	1.4729802895301E+19
6760	1.46428378247071E+19
6770	1.45565135625686E+19
6780	1.44708244589453E+19
6790	1.43857649204034E+19
6800	1.43013294096639E+19
6810	1.42175124451895E+19
6820	1.41343086007248E+19
6830	1.40517125048023E+19
6840	1.39697188402213E+19
6850	1.3888322343509E+19
6860	1.38075178043667E+19
6870	1.37273000651069E+19
6880	1.3647664020086E+19
6890	1.35686046151303E+19
6900	1.34901168469565E+19
6910	1.34121957625937E+19
6920	1.33348364588042E+19
6930	1.32580340815044E+19
6940	1.31817838251845E+19
6950	1.31060809323287E+19
6960	1.3030920692833E+19
6970	1.29562984434219E+19
6980	1.28822095670619E+19
6990	1.28086494923702E+19
7000	1.27356136930169E+19
7010	1.26630976871638E+19
7020	1.25910970370051E+19
7030	1.25196073480626E+19
7040	1.24486242685316E+19
7050	1.23781434886508E+19
7060	1.2308160740056E+19
7070	1.22386717951143E+19
7080	1.21696724662349E+19
7090	1.21011586051525E+19
7100	1.20331261021797E+19
7110	1.19655708854219E+19
7120	1.18984889199515E+19
7130	1.18318762069331E+19
7140	1.17657287826958E+19
7150	1.17000427219532E+19
7160	1.1634814153248E+19
7170	1.15700392541376E+19
7180	1.15057142506063E+19
7190	1.14418354197734E+19
7200	1.13783990923119E+19
7210	1.13154016541556E+19
7220	1.12528395470103E+19
7230	1.11907092671729E+19
7240	1.11290073622311E+19
7250	1.10677304253666E+19
7260	1.10068750872364E+19
7270	1.0946438005734E+19
7280	1.08864158543111E+19
7290	1.08268053089564E+19
7300	1.07676030081659E+19
7310	1.07088055460706E+19
7320	1.06504095134945E+19
7330	1.05924115085116E+19
7340	1.05348081460161E+19
7350	1.04775960675431E+19
7360	1.0420771950465E+19
7370	1.03643325158295E+19
7380	1.03082745342959E+19
7390	1.02525948298623E+19
7400	1.01972902813101E+19
7410	1.0142357821512E+19
7420	1.00877944349322E+19
7430	1.0033597153773E+19
7440	9.97976305327574E+18
7450	9.92628924556714E+18
7460	9.87317287574976E+18
7470	9.82041112021824E+18
7480	9.76800118157982E+18
7490	9.71594028490792E+18
7500	9.66422567561113E+18
7510	9.61285461857057E+18
7520	9.5618243981498E+18
7530	9.5111323187113E+18
7540	9.46077570534768E+18
7550	9.41075190462505E+18
7560	9.3610582852192E+18
7570	9.31169223839118E+18
7580	9.26265117829399E+18
7590	9.21393254212767E+18
7600	9.16553379017206E+18
7610	9.1174524057282E+18
7620	9.06968589499338E+18
7630	9.02223178689474E+18
7640	8.97508763289668E+18
7650	8.92825100679153E+18
7660	8.88171950448151E+18
7670	8.83549074375683E+18
7680	8.78956236407264E+18
7690	8.74393202632665E+18
7700	8.69859741263817E+18
7710	8.65355622612901E+18
7720	8.6088061907067E+18
7730	8.56434505085E+18
7740	8.52017057139679E+18
7750	8.47628053733437E+18
7760	8.4326727535922E+18
7770	8.38934504483694E+18
7780	8.34629525526995E+18
7790	8.30352124842698E+18
7800	8.26102090698038E+18
7810	8.21879213254335E+18
7820	8.17683284547658E+18
7830	8.13514098469709E+18
7840	8.09371450748921E+18
7850	8.05255138931777E+18
7860	8.01164962364342E+18
7870	7.97100722174004E+18
7880	7.9306222125142E+18
7890	7.89049264232682E+18
7900	7.85061657481662E+18
7910	7.8109920907258E+18
7920	7.77161728772757E+18
7930	7.73249028025569E+18
7940	7.69360919933589E+18
7950	7.65497219241923E+18
7960	7.61657742321734E+18
7970	7.57842307153951E+18
7980	7.54050733313161E+18
7990	7.50282841951681E+18
8000	7.46538455783813E+18
8010	7.42817399070271E+18
8020	7.39119497602784E+18
8030	7.35444578688875E+18
8040	7.317924711368E+18
8050	7.28163005240669E+18
8060	7.24556012765721E+18
8070	7.20971326933767E+18
8080	7.17408782408798E+18
8090	7.1386821528275E+18
8100	7.10349463061425E+18
8110	7.0685236465057E+18
8120	7.03376760342111E+18
8130	6.99922491800539E+18
8140	6.96489402049442E+18
8150	6.93077335458192E+18
8160	6.89686137728773E+18
8170	6.86315655882758E+18
8180	6.82965738248427E+18
8190	6.79636234448024E+18
8200	6.76326995385159E+18
8210	6.73037873232342E+18
8220	6.6976872141866E+18
8230	6.66519394617581E+18
8240	6.63289748734897E+18
8250	6.60079640896794E+18
8260	6.56888929438057E+18
8270	6.53717473890394E+18
8280	6.50565134970898E+18
8290	6.47431774570627E+18
8300	6.44317255743307E+18
8310	6.41221442694163E+18
8320	6.38144200768863E+18
8330	6.35085396442587E+18
8340	6.32044897309212E+18
8350	6.29022572070612E+18
8360	6.26018290526078E+18
8370	6.2303192356184E+18
8380	6.20063343140719E+18
8390	6.1711242229187E+18
8400	6.14179035100653E+18
8410	6.11263056698598E+18
8420	6.08364363253485E+18
8430	6.05482831959529E+18
8440	6.02618341027664E+18
8450	5.9977076967594E+18
8460	5.96939998120011E+18
8470	5.94125907563734E+18
8480	5.91328380189855E+18
8490	5.88547299150813E+18
8500	5.85782548559619E+18
8510	5.83034013480848E+18
8520	5.80301579921717E+18
8530	5.7758513482326E+18
8540	5.748845660516E+18
8550	5.72199762389301E+18
8560	5.69530613526822E+18
8570	5.66877010054061E+18
8580	5.64238843451973E+18
8590	5.61616006084296E+18
8600	5.59008391189348E+18
8610	5.56415892871916E+18
8620	5.53838406095228E+18
8630	5.51275826673011E+18
8640	5.48728051261626E+18
8650	5.46194977352291E+18
8660	5.43676503263379E+18
8670	5.41172528132799E+18
8680	5.38682951910454E+18
8690	5.3620767535077E+18
8700	5.3374660000531E+18
8710	5.31299628215448E+18
8720	5.28866663105115E+18
8730	5.26447608573619E+18
8740	5.24042369288504E+18
8750	5.21650850678484E+18
8760	5.19272958926403E+18
8770	5.16908600962264E+18
8780	5.14557684456284E+18
8790	5.12220117812034E+18
8800	5.09895810159672E+18
8810	5.0758467134931E+18
8820	5.05286611944616E+18
8830	5.03001543216682E+18
8840	5.00729377138263E+18
8850	4.98470026378368E+18
8860	4.96223404297175E+18
8870	4.93989424941094E+18
8880	4.91768003037719E+18
8890	4.89559053990312E+18
8900	4.87362493871477E+18
8910	4.85178239415765E+18
8920	4.83006208011203E+18
8930	4.8084631768988E+18
8940	4.78698487115573E+18
8950	4.76562635575644E+18
8960	4.74438682978501E+18
8970	4.72326549849994E+18
8980	4.70226157330602E+18
8990	4.68137427172931E+18
9000	4.66060281738955E+18
9010	4.63994643996577E+18
9020	4.61940437515312E+18
9030	4.5989758646109E+18
9040	4.5786601559037E+18
9050	4.55845650243862E+18
9060	4.53836416340137E+18
9070	4.51838240369394E+18
9080	4.49851049387535E+18
9090	4.47874771010616E+18
9100	4.45909333409653E+18
9110	4.43954665305716E+18
9120	4.42010695965219E+18
9130	4.40077355195332E+18
9140	4.38154573339445E+18
9150	4.36242281272646E+18
9160	4.34340410397217E+18
9170	4.32448892638119E+18
9180	4.305676604385E+18
9190	4.28696646755219E+18
9200	4.26835785054405E+18
9210	4.24985009307042E+18
9220	4.23144253984602E+18
9230	4.21313454054715E+18
9240	4.19492544976882E+18
9250	4.17681462698225E+18
9260	4.15880143649283E+18
9270	4.14088524739847E+18
9280	4.12306543354836E+18
9290	4.1053413735021E+18
9300	4.08771245048923E+18
9310	4.07017805236925E+18
9320	4.05273757159183E+18
9330	4.03539040515759E+18
9340	4.01813595457915E+18
9350	4.00097362584263E+18
9360	3.9839028293694E+18
9370	3.96692297997834E+18
9380	3.95003349684837E+18
9390	3.93323380348136E+18
9400	3.9165233276654E+18
9410	3.89990150143842E+18
9420	3.88336776105217E+18
9430	3.86692154693649E+18
9440	3.850562303664E+18
9450	3.83428947991507E+18
9460	3.81810252844311E+18
9470	3.80200090604028E+18
9480	3.78598407350338E+18
9490	3.77005149560023E+18
9500	3.75420264103621E+18
9510	3.73843698242122E+18
9520	3.72275399623694E+18
9530	3.70715316280434E+18
9540	3.69163396625156E+18
9550	3.67619589448206E+18
9560	3.66083843914309E+18
9570	3.6455610955944E+18
9580	3.63036336287736E+18
9590	3.61524474368423E+18
9600	3.6002047443278E+18
9610	3.58524287471133E+18
9620	3.57035864829869E+18
9630	3.55555158208485E+18
9640	3.54082119656665E+18
9650	3.52616701571374E+18
9660	3.51158856693996E+18
9670	3.4970853810748E+18
9680	3.48265699233527E+18
9690	3.46830293829796E+18
9700	3.45402275987139E+18
9710	3.43981600126857E+18
9720	3.42568220997987E+18
9730	3.4116209367461E+18
9740	3.39763173553187E+18
9750	3.38371416349917E+18
9760	3.36986778098119E+18
9770	3.35609215145641E+18
9780	3.34238684152291E+18
9790	3.32875142087292E+18
9800	3.31518546226758E+18
9810	3.30168854151196E+18
9820	3.28826023743033E+18
9830	3.27490013184157E+18
9840	3.26160780953491E+18
9850	3.24838285824582E+18
9860	3.23522486863215E+18
9870	3.22213343425046E+18
9880	3.20910815153262E+18
9890	3.19614861976254E+18
9900	3.18325444105321E+18
9910	3.17042522032386E+18
9920	3.15766056527737E+18
9930	3.14496008637787E+18
9940	3.13232339682859E+18
9950	3.11975011254983E+18
9960	3.10723985215715E+18
9970	3.09479223693987E+18
9980	3.08240689083954E+18
9990	3.07008344042884E+18
10000	3.0578215148905E+18
10010	3.04562074599651E+18
10020	3.03348076808744E+18
10030	3.02140121805203E+18
10040	3.00938173530687E+18
10050	2.99742196177634E+18
10060	2.98552154187266E+18
10070	2.97368012247622E+18
10080	2.96189735291596E+18
10090	2.95017288495E+18
10100	2.93850637274644E+18
10110	2.92689747286432E+18
10120	2.91534584423473E+18
10130	2.90385114814211E+18
10140	2.89241304820573E+18
10150	2.88103121036129E+18
10160	2.86970530284271E+18
10170	2.8584349961641E+18
10180	2.84721996310183E+18
10190	2.83605987867685E+18
10200	2.82495442013705E+18
10210	2.81390326693988E+18
10220	2.80290610073506E+18
10230	2.79196260534747E+18
10240	2.78107246676018E+18
10250	2.77023537309761E+18
10260	2.7594510146089E+18
10270	2.74871908365135E+18
10280	2.73803927467404E+18
10290	2.72741128420161E+18
10300	2.71683481081814E+18
10310	2.70630955515121E+18
10320	2.69583521985608E+18
10330	2.68541150959999E+18
10340	2.67503813104665E+18
10350	2.6647147928408E+18
10360	2.65444120559295E+18
10370	2.64421708186424E+18
10380	2.63404213615141E+18
10390	2.62391608487193E+18
10400	2.61383864634926E+18
10410	2.6038095407982E+18
10420	2.59382849031041E+18
10430	2.58389521883999E+18
10440	2.57400945218932E+18
10450	2.56417091799482E+18
10460	2.55437934571302E+18
10470	2.54463446660667E+18
10480	2.53493601373093E+18
10490	2.52528372191973E+18
10500	2.51567732777227E+18
10510	2.50611656963959E+18
10520	2.49660118761122E+18
10530	2.48713092350207E+18
10540	2.47770552083928E+18
10550	2.46832472484931E+18
10560	2.45898828244505E+18
10570	2.44969594221309E+18
10580	2.44044745440107E+18
10590	2.43124257090516E+18
10600	2.42208104525765E+18
10610	2.41296263261458E+18
10620	2.4038870897436E+18
10630	2.39485417501178E+18
10640	2.38586364837367E+18
10650	2.37691527135935E+18
10660	2.36800880706263E+18
10670	2.35914402012936E+18
10680	2.35032067674578E+18
10690	2.34153854462707E+18
10700	2.33279739300587E+18
10710	2.32409699262102E+18
10720	2.31543711570628E+18
10730	2.30681753597925E+18
10740	2.29823802863029E+18
10750	2.2896983703116E+18
10760	2.28119833912637E+18
10770	2.272737714618E+18
10780	2.26431627775943E+18
10790	2.25593381094257E+18
10800	2.24759009796779E+18
10810	2.23928492403352E+18
10820	2.23101807572591E+18
10830	2.22278934100862E+18
10840	2.21459850921264E+18
10850	2.20644537102626E+18
10860	2.19832971848503E+18
10870	2.19025134496192E+18
10880	2.18221004515745E+18
10890	2.17420561508996E+18
10900	2.166237852086E+18
10910	2.15830655477068E+18
10920	2.1504115230582E+18
10930	2.14255255814246E+18
10940	2.13472946248764E+18
10950	2.12694203981903E+18
10960	2.11919009511373E+18
10970	2.11147343459162E+18
10980	2.10379186570628E+18
10990	2.09614519713603E+18
11000	2.08853323877501E+18
11010	2.08095580172441E+18
11020	2.07341269828366E+18
11030	2.06590374194181E+18
11040	2.05842874736886E+18
11050	2.05098753040727E+18
11060	2.04357990806347E+18
11070	2.03620569849946E+18
11080	2.0288647210245E+18
11090	2.0215567960868E+18
11100	2.01428174526536E+18
11110	2.00703939126183E+18
11120	1.99982955789243E+18
11130	1.99265207007998E+18
11140	1.98550675384592E+18
11150	1.9783934363025E+18
11160	1.97131194564489E+18
11170	1.9642621111435E+18
11180	1.95724376313629E+18
11190	1.95025673302111E+18
11200	1.94330085324816E+18
11210	1.93637595731251E+18
11220	1.92948187974664E+18
11230	1.92261845611304E+18
11240	1.91578552299694E+18
11250	1.908982917999E+18
11260	1.90221047972813E+18
11270	1.89546804779432E+18
11280	1.88875546280158E+18
11290	1.88207256634088E+18
11300	1.87541920098319E+18
11310	1.86879521027254E+18
11320	1.86220043871915E+18
11330	1.85563473179262E+18
11340	1.84909793591518E+18
11350	1.84258989845493E+18
11360	1.83611046771922E+18
11370	1.82965949294801E+18
11380	1.82323682430726E+18
11390	1.81684231288245E+18
11400	1.81047581067199E+18
11410	1.80413717058076E+18
11420	1.79782624641361E+18
11430	1.79154289286886E+18
11440	1.78528696553171E+18
11450	1.77905832086769E+18
11460	1.7728568162159E+18
11470	1.76668230978214E+18
11480	1.76053466063183E+18
11490	1.7544137286826E+18
11500	1.74831937469655E+18
11510	1.74225146027192E+18
11520	1.73620984783429E+18
11530	1.73019440062858E+18
11540	1.72420498271272E+18
11550	1.71824145895014E+18
11560	1.71230369500441E+18
11570	1.70639155733627E+18
11580	1.70050491320378E+18
11590	1.69464363066625E+18
11600	1.68880757859222E+18
11610	1.68299662667139E+18
11620	1.67721064542957E+18
11630	1.67144950624462E+18
11640	1.66571308136093E+18
11650	1.6600012438986E+18
11660	1.65431386785396E+18
11670	1.64865082808748E+18
11680	1.64301200029696E+18
11690	1.6373972609751E+18
11700	1.63180648735332E+18
11710	1.62623955733631E+18
11720	1.62069634943441E+18
11730	1.61517674270255E+18
11740	1.60968061669522E+18
11750	1.60420785144545E+18
11760	1.598758327473E+18
11770	1.59333192582237E+18
11780	1.58792852812625E+18
11790	1.58254801668489E+18
11800	1.57719027454843E+18
11810	1.57185518558831E+18
11820	1.5665426345454E+18
11830	1.56125250704709E+18
11840	1.55598468959194E+18
11850	1.55073906950705E+18
11860	1.54551553488852E+18
11870	1.54031397453772E+18
11880	1.5351342779054E+18
11890	1.52997633505143E+18
11900	1.52484003662325E+18
11910	1.51972527385035E+18
11920	1.51463193854988E+18
11930	1.50955992313673E+18
11940	1.50450912063257E+18
11950	1.49947942467227E+18
11960	1.49447072950653E+18
11970	1.48948293000128E+18
11980	1.48451592163512E+18
11990	1.47956960049587E+18
12000	1.47464386327667E+18
12010	1.46973860727202E+18
12020	1.46485373037378E+18
12030	1.45998913106723E+18
12040	1.4551447084271E+18
12050	1.4503203621137E+18
12060	1.44551599236899E+18
12070	1.44073150001278E+18
12080	1.43596678643887E+18
12090	1.4312217536113E+18
12100	1.42649630406052E+18
12110	1.42179034087973E+18
12120	1.41710376772108E+18
12130	1.41243648879209E+18
12140	1.40778840885192E+18
12150	1.40315943320775E+18
12160	1.39854946771123E+18
12170	1.39395841875483E+18
12180	1.38938619326837E+18
12190	1.38483269871543E+18
12200	1.38029784308989E+18
12210	1.37578153491248E+18
12220	1.37128368322727E+18
12230	1.36680419759831E+18
12240	1.36234298810622E+18
12250	1.3578999653448E+18
12260	1.35347504041772E+18
12270	1.34906812493516E+18
12280	1.34467913101056E+18
12290	1.34030797125731E+18
12300	1.3359545587855E+18
12310	1.33161880719874E+18
12320	1.32730063059091E+18
12330	1.32299994354303E+18
12340	1.31871666112005E+18
12350	1.31445069886776E+18
12360	1.31020197280967E+18
12370	1.30597039944394E+18
12380	1.30175589574026E+18
12390	1.2975583791369E+18
12400	1.29337776753761E+18
12410	1.28921397930865E+18
12420	1.28506693327585E+18
12430	1.28093654872158E+18
12440	1.27682274538189E+18
12450	1.27272544344357E+18
12460	1.26864456354125E+18
12470	1.26458002675453E+18
12480	1.26053175460516E+18
12490	1.25649966905419E+18
12500	1.25248369249915E+18
12510	1.24848374777128E+18
12520	1.24449975813277E+18
12530	1.24053164727399E+18
12540	1.23657933931077E+18
12550	1.2326427587817E+18
12560	1.22872183064541E+18
12570	1.22481648027796E+18
12580	1.22092663347013E+18
12590	1.21705221642481E+18
12600	1.21319315575438E+18
12610	1.20934937847813E+18
12620	1.20552081201968E+18
12630	1.20170738420441E+18
12640	1.19790902325693E+18
12650	1.19412565779854E+18
12660	1.19035721684477E+18
12670	1.18660362980283E+18
12680	1.18286482646922E+18
12690	1.17914073702718E+18
12700	1.17543129204437E+18
12710	1.17173642247036E+18
12720	1.16805605963428E+18
12730	1.16439013524242E+18
12740	1.16073858137586E+18
12750	1.15710133048814E+18
12760	1.15347831540292E+18
12770	1.14986946931165E+18
12780	1.14627472577129E+18
12790	1.14269401870202E+18
12800	1.13912728238497E+18
12810	1.13557445145995E+18
12820	1.13203546092326E+18
12830	1.12851024612543E+18
12840	1.12499874276904E+18
12850	1.12150088690649E+18
12860	1.11801661493788E+18
12870	1.11454586360884E+18
12880	1.11108857000835E+18
12890	1.10764467156663E+18
12900	1.10421410605305E+18
12910	1.10079681157401E+18
12920	1.09739272657084E+18
12930	1.09400178981777E+18
12940	1.09062394041984E+18
12950	1.08725911781087E+18
12960	1.08390726175144E+18
12970	1.08056831232687E+18
12980	1.0772422099452E+18
12990	1.07392889533527E+18
13000	1.07062830954466E+18
13010	1.0673403939378E+18
13020	1.06406509019399E+18
13030	1.0608023403055E+18
13040	1.05755208657561E+18
13050	1.05431427161674E+18
13060	1.05108883834856E+18
13070	1.04787572999606E+18
13080	1.04467489008777E+18
13090	1.04148626245383E+18
13100	1.03830979122419E+18
13110	1.03514542082677E+18
13120	1.03199309598565E+18
13130	1.02885276171928E+18
13140	1.02572436333865E+18
13150	1.02260784644556E+18
13160	1.01950315693081E+18
13170	1.01641024097249E+18
13180	1.01332904503422E+18
13190	1.01025951586339E+18
13200	1.00720160048949E+18
13210	1.00415524622239E+18
13220	1.00112040065061E+18
13230	9.98097011639699E+17
13240	9.95085027330499E+17
13250	9.92084396137533E+17
13260	9.89095066747332E+17
13270	9.86116988116802E+17
13280	9.83150109471599E+17
13290	9.80194380304512E+17
13300	9.77249750373856E+17
13310	9.74316169701881E+17
13320	9.71393588573186E+17
13330	9.68481957533148E+17
13340	9.65581227386357E+17
13350	9.62691349195071E+17
13360	9.59812274277668E+17
13370	9.56943954207117E+17
13380	9.5408634080946E+17
13390	9.51239386162297E+17
13400	9.48403042593293E+17
13410	9.4557726267868E+17
13420	9.42761999241782E+17
13430	9.39957205351542E+17
13440	9.37162834321065E+17
13450	9.34378839706162E+17
13460	9.31605175303915E+17
13470	9.28841795151241E+17
13480	9.26088653523475E+17
13490	9.23345704932952E+17
13500	9.20612904127607E+17
13510	9.17890206089583E+17
13520	9.15177566033844E+17
13530	9.12474939406802E+17
13540	9.09782281884947E+17
13550	9.07099549373499E+17
13560	9.04426698005047E+17
13570	9.01763684138221E+17
13580	8.99110464356359E+17
13590	8.96466995466184E+17
13600	8.93833234496489E+17
13610	8.91209138696842E+17
13620	8.88594665536279E+17
13630	8.85989772702028E+17
13640	8.83394418098223E+17
13650	8.80808559844639E+17
13660	8.78232156275427E+17
13670	8.75665165937861E+17
13680	8.73107547591098E+17
13690	8.70559260204935E+17
13700	8.68020262958583E+17
13710	8.65490515239448E+17
13720	8.62969976641915E+17
13730	8.60458606966145E+17
13740	8.57956366216878E+17
13750	8.55463214602246E+17
13760	8.52979112532586E+17
13770	8.50504020619275E+17
13780	8.48037899673558E+17
13790	8.45580710705389E+17
13800	8.43132414922284E+17
13810	8.40692973728178E+17
13820	8.38262348722287E+17
13830	8.35840501697979E+17
13840	8.33427394641656E+17
13850	8.31022989731635E+17
13860	8.2862724933705E+17
13870	8.26240136016745E+17
13880	8.23861612518182E+17
13890	8.21491641776361E+17
13900	8.19130186912738E+17
13910	8.16777211234155E+17
13920	8.14432678231775E+17
13930	8.12096551580025E+17
13940	8.09768795135545E+17
13950	8.07449372936145E+17
13960	8.05138249199768E+17
13970	8.02835388323457E+17
13980	8.00540754882336E+17
13990	7.98254313628588E+17
14000	7.95976029490446E+17
14010	7.93705867571191E+17
14020	7.91443793148151E+17
14030	7.8918977167171E+17
14040	7.86943768764326E+17
14050	7.84705750219549E+17
14060	7.82475682001049E+17
14070	7.80253530241653E+17
14080	7.7803926124238E+17
14090	7.7583284147149E+17
14100	7.73634237563535E+17
14110	7.7144341631842E+17
14120	7.69260344700462E+17
14130	7.67084989837465E+17
14140	7.64917319019793E+17
14150	7.62757299699454E+17
14160	7.60604899489185E+17
14170	7.58460086161549E+17
14180	7.56322827648031E+17
14190	7.54193092038145E+17
14200	7.52070847578545E+17
14210	7.49956062672139E+17
14220	7.47848705877212E+17
14230	7.45748745906555E+17
14240	7.43656151626594E+17
14250	7.41570892056535E+17
14260	7.394929363675E+17
14270	7.37422253881681E+17
14280	7.35358814071494E+17
14290	7.33302586558739E+17
14300	7.31253541113762E+17
14310	7.29211647654629E+17
14320	7.27176876246303E+17
14330	7.25149197099818E+17
14340	7.23128580571474E+17
14350	7.21114997162018E+17
14360	7.19108417515851E+17
14370	7.1710881242022E+17
14380	7.15116152804427E+17
14390	7.13130409739043E+17
14400	7.11151554435121E+17
14410	7.09179558243417E+17
14420	7.07214392653618E+17
14430	7.05256029293568E+17
14440	7.03304439928508E+17
14450	7.01359596460315E+17
14460	6.99421470926745E+17
14470	6.97490035500685E+17
14480	6.95565262489405E+17
14490	6.93647124333819E+17
14500	6.91735593607745E+17
14510	6.89830643017178E+17
14520	6.87932245399558E+17
14530	6.8604037372305E+17
14540	6.84155001085823E+17
14550	6.82276100715337E+17
14560	6.80403645967634E+17
14570	6.78537610326634E+17
14580	6.76677967403431E+17
14590	6.74824690935596E+17
14600	6.72977754786489E+17
14610	6.71137132944567E+17
14620	6.69302799522702E+17
14630	6.674747287575E+17
14640	6.65652895008629E+17
14650	6.63837272758142E+17
14660	6.62027836609813E+17
14670	6.60224561288477E+17
14680	6.58427421639365E+17
14690	6.56636392627452E+17
14700	6.54851449336806E+17
14710	6.53072566969942E+17
14720	6.51299720847177E+17
14730	6.49532886405991E+17
14740	6.47772039200392E+17
14750	6.46017154900285E+17
14760	6.44268209290846E+17
14770	6.42525178271895E+17
14780	6.40788037857278E+17
14790	6.39056764174251E+17
14800	6.37331333462867E+17
14810	6.35611722075368E+17
14820	6.33897906475579E+17
14830	6.32189863238306E+17
14840	6.30487569048742E+17
14850	6.28791000701869E+17
14860	6.2710013510187E+17
14870	6.25414949261539E+17
14880	6.23735420301702E+17
14890	6.22061525450634E+17
14900	6.20393242043483E+17
14910	6.18730547521697E+17
14920	6.1707341943246E+17
14930	6.15421835428114E+17
14940	6.13775773265611E+17
14950	6.12135210805941E+17
14960	6.10500126013585E+17
14970	6.08870496955958E+17
14980	6.07246301802862E+17
14990	6.05627518825937E+17
15000	6.04014126398123E+17
15010	6.02406102993118E+17
15020	6.00803427184842E+17
15030	5.99206077646903E+17
15040	5.97614033152069E+17
15050	5.96027272571741E+17
15060	5.94445774875432E+17
15070	5.92869519130239E+17
15080	5.91298484500336E+17
15090	5.89732650246452E+17
15100	5.88171995725363E+17
15110	5.86616500389386E+17
15120	5.85066143785868E+17
15130	5.83520905556692E+17
15140	5.81980765437771E+17
15150	5.80445703258556E+17
15160	5.7891569894154E+17
15170	5.77390732501772E+17
15180	5.75870784046365E+17
15190	5.74355833774016E+17
15200	5.72845861974519E+17
15210	5.71340849028293E+17
15220	5.69840775405899E+17
15230	5.68345621667575E+17
15240	5.66855368462758E+17
15250	5.6536999652962E+17
15260	5.63889486694606E+17
15270	5.62413819871967E+17
15280	5.60942977063303E+17
15290	5.59476939357105E+17
15300	5.58015687928307E+17
15310	5.56559204037825E+17
15320	5.55107469032115E+17
15330	5.53660464342729E+17
15340	5.52218171485863E+17
15350	5.50780572061927E+17
15360	5.49347647755097E+17
15370	5.47919380332886E+17
15380	5.46495751645708E+17
15390	5.4507674362645E+17
15400	5.43662338290039E+17
15410	5.42252517733023E+17
15420	5.40847264133144E+17
15430	5.39446559748916E+17
15440	5.38050386919211E+17
15450	5.36658728062842E+17
15460	5.35271565678148E+17
15470	5.33888882342583E+17
15480	5.32510660712311E+17
15490	5.31136883521798E+17
15500	5.29767533583405E+17
15510	5.28402593786992E+17
15520	5.27042047099516E+17
15530	5.25685876564635E+17
15540	5.24334065302311E+17
15550	5.22986596508423E+17
15560	5.21643453454373E+17
15570	5.20304619486697E+17
15580	5.18970078026687E+17
15590	5.17639812569998E+17
15600	5.16313806686274E+17
15610	5.14992044018767E+17
15620	5.13674508283959E+17
15630	5.1236118327119E+17
15640	5.11052052842286E+17
15650	5.09747100931183E+17
15660	5.08446311543566E+17
15670	5.07149668756502E+17
15680	5.05857156718072E+17
15690	5.04568759647012E+17
15700	5.03284461832354E+17
15710	5.02004247633067E+17
15720	5.00728101477702E+17
15730	4.99456007864037E+17
15740	4.9818795135873E+17
15750	4.96923916596962E+17
15760	4.95663888282098E+17
15770	4.94407851185332E+17
15780	4.93155790145354E+17
15790	4.91907690067998E+17
15800	4.90663535925908E+17
15810	4.89423312758202E+17
15820	4.88187005670129E+17
15830	4.8695459983274E+17
15840	4.85726080482554E+17
15850	4.84501432921227E+17
15860	4.83280642515224E+17
15870	4.82063694695489E+17
15880	4.80850574957121E+17
15890	4.79641268859047E+17
15900	4.784357620237E+17
15910	4.77234040136693E+17
15920	4.76036088946495E+17
15930	4.74841894264111E+17
15940	4.73651441962748E+17
15950	4.72464717977496E+17
15960	4.71281708304982E+17
15970	4.70102399003038E+17
15980	4.68926776190341E+17
15990	4.67754826046044E+17
16000	4.66586534809381E+17
16010	4.65421888779237E+17
16020	4.64260874313666E+17
16030	4.63103477829341E+17
16040	4.61949685800903E+17
16050	4.6079948476017E+17
16060	4.59652861295148E+17
16070	4.58509802048765E+17
16080	4.57370293717223E+17
16090	4.56234323047796E+17
16100	4.55101876835885E+17
16110	4.5397294192101E+17
16120	4.52847505181338E+17
16130	4.51725553526182E+17
16140	4.50607073885669E+17
16150	4.49492053196536E+17
16160	4.48380478382543E+17
16170	4.47272336327544E+17
16180	4.46167613838467E+17
16190	4.45066297594546E+17
16200	4.43968374077876E+17
16210	4.42873829478669E+17
16220	4.4178264956643E+17
16230	4.40694819515648E+17
16240	4.39610323697743E+17
16250	4.38529145441785E+17
16260	4.37451266679526E+17
16270	4.3637666751636E+17
16280	4.35305325705949E+17
16290	4.34237216012375E+17
16300	4.33172309447951E+17
16310	4.32110572377799E+17
16320	4.31051965486872E+17
16330	4.29996442611631E+17
16340	4.28943949446942E+17
16350	4.27894422149054E+17
16360	4.2684778586735E+17
16370	4.258039532506E+17
16380	4.24762822986877E+17
16390	4.23724278449392E+17
16400	4.22688186532159E+17
16410	4.21654396768589E+17
16420	4.20622740831677E+17
16430	4.19593032515486E+17
16440	4.18565068293305E+17
16450	4.17538628537673E+17
16460	4.16513479471339E+17
16470	4.15489375896421E+17
16480	4.14466064722212E+17
16490	4.13443289281446E+17
16500	4.12420794391658E+17
16510	4.11398332084368E+17
16520	4.1037566789182E+17
16530	4.0935258755075E+17
16540	4.08328903956772E+17
16550	4.07304464182812E+17
16560	4.06279156361655E+17
16570	4.05252916226786E+17
16580	4.04225733107497E+17
16590	4.03197655183545E+17
16600	4.021687938209E+17
16610	4.01139326832459E+17
16620	4.00109500534836E+17
16630	3.99079630503196E+17
16640	3.98050100959195E+17
16650	3.97021362761085E+17
16660	3.95993929998577E+17
16670	3.94968375227116E+17
16680	3.93945323405792E+17
16690	3.92925444629463E+17
16700	3.9190944576843E+17
16710	3.90898061147808E+17
16720	3.89892042413631E+17
16730	3.88892147743863E+17
16740	3.87899130570183E+17
16750	3.86913727981109E+17
16760	3.85936648979253E+17
16770	3.84968562765899E+17
16780	3.84010087225087E+17
16790	3.83061777777742E+17
16800	3.82124116774392E+17
16810	3.81197503593175E+17
16820	3.80282245608417E+17
16830	3.79378550194093E+17
16840	3.78486517926036E+17
16850	3.77606137146475E+17
16860	3.76737280053945E+17
16870	3.75879700480143E+17
16880	3.7503303351187E+17
16890	3.74196797109699E+17
16900	3.73370395863967E+17
16910	3.72553127011395E+17
16920	3.71744188810372E+17
16930	3.70942691337654E+17
16940	3.70147669722108E+17
16950	3.69358099770429E+17
16960	3.68572915864202E+17
16970	3.67791030916659E+17
16980	3.67011358071522E+17
16990	3.66232833707339E+17
17000	3.65454441182494E+17
17010	3.64675206147492E+17
17020	3.63894163252618E+17
17030	3.631105008513E+17
17040	3.62323603077618E+17
17050	3.61533052233974E+17
17060	3.6073862434062E+17
17070	3.59940278140178E+17
17080	3.5913813815905E+17
17090	3.583324727296E+17
17100	3.57523668147872E+17
17110	3.56712200355474E+17
17120	3.55898605666499E+17
17130	3.55083452091396E+17
17140	3.54267312727877E+17
17150	3.53450742493896E+17
17160	3.52634259181903E+17
17170	3.51818329442436E+17
17180	3.51003359895013E+17
17190	3.50189693158364E+17
17200	3.49377608234336E+17
17210	3.48567324408351E+17
17220	3.47759007670347E+17
17230	3.46952778623066E+17
17240	3.46148720921243E+17
17250	3.45346889451061E+17
17260	3.44547317679137E+17
17270	3.43750023835316E+17
17280	3.42955015808503E+17
17290	3.42162294804453E+17
17300	3.41371857926306E+17
17310	3.40583699893262E+17
17320	3.39797814120051E+17
17330	3.39014193355303E+17
17340	3.38232830036233E+17
17350	3.37453716473339E+17
17360	3.36676844940253E+17
17370	3.35902207714438E+17
17380	3.35129797094247E+17
17390	3.34359605405494E+17
17400	3.33591625003725E+17
17410	3.32825848274869E+17
17420	3.32062267635339E+17
17430	3.31300875531958E+17
17440	3.30541664441834E+17
17450	3.29784626872225E+17
17460	3.29029755360405E+17
17470	3.28277042473524E+17
17480	3.2752648080847E+17
17490	3.26778062991737E+17
17500	3.26031781679287E+17
17510	3.25287629556415E+17
17520	3.2454559933762E+17
17530	3.23805683766464E+17
17540	3.23067875615446E+17
17550	3.22332167685868E+17
17560	3.21598552807703E+17
17570	3.20867023839467E+17
17580	3.20137573668085E+17
17590	3.19410195208768E+17
17600	3.18684881404879E+17
17610	3.17961625227807E+17
17620	3.17240419676841E+17
17630	3.16521257779044E+17
17640	3.15804132589124E+17
17650	3.15089037189309E+17
17660	3.14375964689229E+17
17670	3.13664908225784E+17
17680	3.12955860963023E+17
17690	3.12248816092024E+17
17700	3.1154376683077E+17
17710	3.10840706424027E+17
17720	3.10139628143225E+17
17730	3.09440525286334E+17
17740	3.0874339117775E+17
17750	3.08048219168172E+17
17760	3.07355002634485E+17
17770	3.0666373497964E+17
17780	3.05974409632542E+17
17790	3.05287020047928E+17
17800	3.04601559706253E+17
17810	3.03918022113575E+17
17820	3.03236400801442E+17
17830	3.02556689326771E+17
17840	3.01878881271743E+17
17850	3.01202970243684E+17
17860	3.00528949874955E+17
17870	2.99856813822838E+17
17880	2.99186555769426E+17
17890	2.98518169421515E+17
17900	2.97851648510486E+17
17910	2.97186986792202E+17
17920	2.96524178046899E+17
17930	2.95863216079072E+17
17940	2.95204094717371E+17
17950	2.94546807814493E+17
17960	2.93891349247073E+17
17970	2.9323771291558E+17
17980	2.9258589274421E+17
17990	2.91935882680781E+17
18000	2.91287676696626E+17
18010	2.90641268786492E+17
18020	2.89996652968433E+17
18030	2.89353823283709E+17
18040	2.88712773796683E+17
18050	2.88073498594717E+17
18060	2.8743599178807E+17
18070	2.868002475098E+17
18080	2.86166259915659E+17
18090	2.85534023183998E+17
18100	2.8490353151566E+17
18110	2.84274779133889E+17
18120	2.83647760284222E+17
18130	2.830224692344E+17
18140	2.82398900274264E+17
18150	2.81777047715659E+17
18160	2.81156905892339E+17
18170	2.80538469159866E+17
18180	2.79921731895523E+17
18190	2.79306688498207E+17
18200	2.78693333388343E+17
18210	2.78081661007787E+17
18220	2.77471665819729E+17
18230	2.76863342308604E+17
18240	2.76256684979996E+17
18250	2.75651688360546E+17
18260	2.7504834699786E+17
18270	2.74446655460418E+17
18280	2.73846608337482E+17
18290	2.73248200239003E+17
18300	2.72651425795534E+17
18310	2.72056279658142E+17
18320	2.71462756498309E+17
18330	2.70870851007855E+17
18340	2.70280557898841E+17
18350	2.69691871903484E+17
18360	2.69104787774068E+17
18370	2.68519300282858E+17
18380	2.67935404222014E+17
18390	2.673530944035E+17
18400	2.66772365659004E+17
18410	2.66193212839847E+17
18420	2.65615630816902E+17
18430	2.65039614480505E+17
18440	2.64465158740376E+17
18450	2.63892258525531E+17
18460	2.63320908784197E+17
18470	2.62751104483735E+17
18480	2.62182840610551E+17
18490	2.61616112170018E+17
18500	2.6105091418639E+17
18510	2.60487241702726E+17
18520	2.59925089780802E+17
18530	2.59364453501036E+17
18540	2.58805327962405E+17
18550	2.58247708282365E+17
18560	2.57691589596773E+17
18570	2.57136967059805E+17
18580	2.56583835843881E+17
18590	2.56032191139582E+17
18600	2.55482028155577E+17
18610	2.54933342118541E+17
18620	2.54386128273078E+17
18630	2.53840381881649E+17
18640	2.53296098224489E+17
18650	2.52753272599535E+17
18660	2.52211900322349E+17
18670	2.51671976726041E+17
18680	2.51133497161197E+17
18690	2.50596456995802E+17
18700	2.50060851615164E+17
18710	2.49526676421847E+17
18720	2.48993926835587E+17
18730	2.48462598293229E+17
18740	2.47932686248646E+17
18750	2.47404186172671E+17
18760	2.46877093553023E+17
18770	2.46351403894236E+17
18780	2.45827112717585E+17
18790	2.45304215561019E+17
18800	2.44782707979087E+17
18810	2.44262585542868E+17
18820	2.43743843839901E+17
18830	2.43226478474115E+17
18840	2.4271048506576E+17
18850	2.42195859251338E+17
18860	2.41682596683531E+17
18870	2.41170693031137E+17
18880	2.40660143979E+17
18890	2.40150945227941E+17
18900	2.39643092494692E+17
18910	2.39136581511826E+17
18920	2.38631408027694E+17
18930	2.38127567806357E+17
18940	2.37625056627517E+17
18950	2.37123870286455E+17
18960	2.36624004593961E+17
18970	2.36125455376275E+17
18980	2.35628218475015E+17
18990	2.35132289747115E+17
19000	2.34637665064763E+17
19010	2.34144340315334E+17
19020	2.33652311401326E+17
19030	2.33161574240299E+17
19040	2.32672124764809E+17
19050	2.32183958922346E+17
19060	2.31697072675271E+17
19070	2.31211462000757E+17
19080	2.30727122890722E+17
19090	2.3024405135177E+17
19100	2.29762243405129E+17
19110	2.29281695086589E+17
19120	2.28802402446443E+17
19130	2.28324361549425E+17
19140	2.2784756847465E+17
19150	2.27372019315554E+17
19160	2.26897710179835E+17
19170	2.26424637189391E+17
19180	2.25952796480264E+17
19190	2.2548218420258E+17
19200	2.25012796520488E+17
19210	2.24544629612105E+17
19220	2.24077679669458E+17
19230	2.23611942898422E+17
19240	2.23147415518668E+17
19250	2.226840937636E+17
19260	2.22221973880303E+17
19270	2.21761052129484E+17
19280	2.21301324785415E+17
19290	2.20842788135878E+17
19300	2.20385438482109E+17
19310	2.1992927213874E+17
19320	2.19474285433747E+17
19330	2.19020474708394E+17
19340	2.18567836317175E+17
19350	2.18116366627763E+17
19360	2.17666062020954E+17
19370	2.17216918890614E+17
19380	2.16768933643623E+17
19390	2.16322102699822E+17
19400	2.15876422491962E+17
19410	2.15431889465647E+17
19420	2.14988500079286E+17
19430	2.14546250804033E+17
19440	2.14105138123742E+17
19450	2.13665158534911E+17
19460	2.13226308546631E+17
19470	2.12788584680534E+17
19480	2.12351983470742E+17
19490	2.11916501463814E+17
19500	2.11482135218698E+17
19510	2.11048881306678E+17
19520	2.10616736311324E+17
19530	2.10185696828443E+17
19540	2.09755759466026E+17
19550	2.09326920844201E+17
19560	2.08899177595182E+17
19570	2.08472526363221E+17
19580	2.08046963804558E+17
19590	2.07622486587369E+17
19600	2.07199091391724E+17
19610	2.06776774909532E+17
19620	2.06355533844498E+17
19630	2.0593536491207E+17
19640	2.05516264839395E+17
19650	2.05098230365272E+17
19660	2.04681258240098E+17
19670	2.0426534522583E+17
19680	2.03850488095932E+17
19690	2.03436683635329E+17
19700	2.03023928640364E+17
19710	2.02612219918746E+17
19720	2.02201554289509E+17
19730	2.01791928582964E+17
19740	2.01383339640654E+17
19750	2.00975784315305E+17
19760	2.00569259470789E+17
19770	2.00163761982068E+17
19780	1.99759288735159E+17
19790	1.99355836627084E+17
19800	1.98953402565826E+17
19810	1.98551983470287E+17
19820	1.98151576270241E+17
19830	1.97752177906294E+17
19840	1.97353785329835E+17
19850	1.96956395502999E+17
19860	1.96560005398617E+17
19870	1.96164612000179E+17
19880	1.95770212301787E+17
19890	1.95376803308115E+17
19900	1.94984382034364E+17
19910	1.94592945506223E+17
19920	1.94202490759822E+17
19930	1.93813014841697E+17
19940	1.93424514808742E+17
19950	1.93036987728169E+17
19960	1.92650430677471E+17
19970	1.92264840744374E+17
19980	1.91880215026802E+17
19990	1.91496550632832E+17
20000	1.91113844680656E+17
