2000	1434041095362.5
2010	1546432011491.76
2020	1666545518328.32
2030	1794849914998
2040	1931856226614.33
2050	2078128139074.95
2060	2234290059835.81
2070	2401034326284.98
2080	2579126898540.42
2090	2769409956508.99
2100	2972803779866.65
2110	3190304173195.56
2120	3422976969448.84
2130	3671953546229.69
2140	3938420812114.32
2150	4223611639169.22
2160	4528795498036.39
2170	4855266444717.9
2180	5204336470318.6
2190	5577324441595.04
2200	5975552996436.08
2210	6400343232984.51
2220	6853014646712.97
2230	7334881690397.66
2240	7847262310222.5
2250	8391479310496.46
2260	8968870841125.6
2270	9580795489851
2280	10228651022093.9
2290	10913879037565.4
2300	11637975960346.9
2310	12402508173946.9
2320	13209120320529.8
2330	14059542776582.8
2340	14955591736175.4
2350	15899210352401.8
2360	16892433723236.9
2370	17937415840514
2380	19036453924521.5
2390	20191945503108.3
2400	21406425003455.6
2410	22682554968897.2
2420	24023099226893.8
2430	25430964128606.8
2440	26909169943878.8
2450	28460867298850.1
2460	30089341340690.3
2470	31798005188787.3
2480	33590417145762.7
2490	35470257543045.7
2500	37441315265465.9
2510	39507514932560.8
2520	41672882661654.9
2530	43941558166105.8
2540	46317822115774.9
2550	48806101713680.7
2560	51410972910945.8
2570	54137195917687.5
2580	56989706500812
2590	59973581958273.5
2600	63094043248479.5
2610	66356459393173.3
2620	69766280138666.2
2630	73329092661686.4
2640	77050631436460.5
2650	80936804525745.4
2660	84993748147730.8
2670	89227832038491.8
2680	93645717657174.9
2690	98254335441521.5
2700	103060813302342
2710	108072485412735
2720	113296789824468
2730	118741237023287
2740	124413442439816
2750	130321117170296
2760	136472145538943
2770	142874682699890
2780	149537289539388
2790	156468984631303
2800	163679257686925
2810	171178041913612
2820	178975597906722
2830	187082420342248
2840	195509085968021
2850	204266033158949
2860	213363582712001
2870	222811997686975
2880	232621594605950
2890	242802895142125
2900	253366934579719
2910	264325539710041
2920	275691435832898
2930	287478341388796
2940	299700803525494
2950	312374122844671
2960	325513753760750
2970	339135126640083
2980	353253198660074
2990	367882243302185
3000	383035748793973
3010	398726572724952
3020	414967396647763
3030	431771167069922
3040	449151902314985
3050	467125116790674
3060	485708529977039
3070	504921785304246
3080	524786890517247
3090	545327258717179
3100	566567410585840
3110	588531557905951
3120	611243052343123
3130	634722994945733
3140	658990490682813
3150	684061565584542
3160	709950464966674
3170	736669913386115
3180	764232584741339
3190	792652808265919
3200	821947415843332
3210	852138161237495
3220	883251171105711
3230	915318699248846
3240	948377122589321
3250	982467444934319
3260	1.01763158106128E+15
3270	1.05391171671469E+15
3280	1.09134660817385E+15
3290	1.12997045684429E+15
3300	1.16981091455277E+15
3310	1.21088776294483E+15
3320	1.25321463600938E+15
3330	1.29679788501147E+15
3340	1.34164184293288E+15
3350	1.38774921219659E+15
3360	1.4351260392612E+15
3370	1.48378580627077E+15
3380	1.53374931710176E+15
3390	1.58505359349142E+15
3400	1.63774398066339E+15
3410	1.69188325005939E+15
3420	1.7475418076467E+15
3430	1.80479889300846E+15
3440	1.86373884571907E+15
3450	1.92443965954864E+15
3460	1.98697634645827E+15
3470	2.05140810330153E+15
3480	2.11777704671948E+15
3490	2.1861107667564E+15
3500	2.25640963316569E+15
3510	2.32866414543492E+15
3520	2.40284638262888E+15
3530	2.478919976613E+15
3540	2.55685280665887E+15
3550	2.63661393631911E+15
3560	2.71818946025566E+15
3570	2.80159420174644E+15
3580	2.88685674748122E+15
3590	2.97405506806061E+15
3600	3.06328599482155E+15
3610	3.15467988225829E+15
3620	3.24839686668385E+15
3630	3.34460653805462E+15
3640	3.4434853861175E+15
3650	3.54521573486446E+15
3660	3.64994476934529E+15
3670	3.75780063332659E+15
3680	3.86888162800012E+15
3690	3.983213136527E+15
3700	4.10080202358488E+15
3710	4.22159022246489E+15
3720	4.34547252778271E+15
3730	4.47232496441072E+15
3740	4.60199606911595E+15
3750	4.73431816069261E+15
3760	4.86915375002505E+15
3770	5.00639657331504E+15
3780	5.14595287019521E+15
3790	5.28783911072343E+15
3800	5.43211445319949E+15
3810	5.57889547172687E+15
3820	5.72842347970521E+15
3830	5.88097344443229E+15
3840	6.03688051400181E+15
3850	6.19654415784454E+15
3860	6.36038529150349E+15
3870	6.5287971369963E+15
3880	6.70216840714265E+15
3890	6.8808724573594E+15
3900	7.06512828340403E+15
3910	7.25511351152278E+15
3920	7.45093486859412E+15
3930	7.65248407159198E+15
3940	7.85959836162912E+15
3950	8.07202896536442E+15
3960	8.28937176148468E+15
3970	8.51117041170912E+15
3980	8.73695206393504E+15
3990	8.96624144932798E+15
4000	9.19853238304876E+15
4010	9.43342211338529E+15
4020	9.67067851563447E+15
4030	9.91007499315574E+15
4040	1.01515729749521E+16
4050	1.03954201378532E+16
4060	1.06419074770168E+16
4070	1.08914961853544E+16
4080	1.11449207582248E+16
4090	1.14029835836759E+16
4100	1.16665558115744E+16
4110	1.19366036362945E+16
4120	1.22141545083665E+16
4130	1.25002102138825E+16
4140	1.27955585814636E+16
4150	1.310097659574E+16
4160	1.34171945643288E+16
4170	1.37444700097435E+16
4180	1.40828848624794E+16
4190	1.44324806722082E+16
4200	1.47928491773364E+16
4210	1.51632324770327E+16
4220	1.55427974305497E+16
4230	1.59305222947591E+16
4240	1.63251254050422E+16
4250	1.67252134512584E+16
4260	1.71293687455383E+16
4270	1.75363812225517E+16
4280	1.79450429610037E+16
4290	1.83541182416182E+16
4300	1.87629041374252E+16
4310	1.91711340285217E+16
4320	1.95785559205307E+16
4330	1.99852396663513E+16
4340	2.03921102275459E+16
4350	2.08002895867521E+16
4360	2.12110005444092E+16
4370	2.16259779717654E+16
4380	2.2047359956644E+16
4390	2.24773964195955E+16
4400	2.29183935396051E+16
4410	2.33725955812155E+16
4420	2.38423213452976E+16
4430	2.43299865284553E+16
4440	2.48375021684038E+16
4450	2.53661348349932E+16
4460	2.59171755472292E+16
4470	2.64918424311844E+16
4480	2.70901717321917E+16
4490	2.77115416330751E+16
4500	2.83552679343584E+16
4510	2.90203383838378E+16
4520	2.97045902401542E+16
4530	3.0405424997944E+16
4540	3.1120048082831E+16
4550	3.18454265262546E+16
4560	3.25782354490715E+16
4570	3.33149219702856E+16
4580	3.40517272304422E+16
4590	3.47852848133243E+16
4600	3.5513066762877E+16
4610	3.62325425279228E+16
4620	3.69411220798458E+16
4630	3.7637306580768E+16
4640	3.83212646375549E+16
4650	3.89933629208114E+16
4660	3.96540590734769E+16
4670	4.03050071450558E+16
4680	4.09496522687547E+16
4690	4.15917336883108E+16
4700	4.22351463447747E+16
4710	4.28843340459929E+16
4720	4.35446544409986E+16
4730	4.42217372414749E+16
4740	4.49214143082732E+16
4750	4.56493400955414E+16
4760	4.64102370971068E+16
4770	4.7208824799712E+16
4780	4.80500465877785E+16
4790	4.89386132023956E+16
4800	4.98766558906462E+16
4810	5.0865411290459E+16
4820	5.19062015072438E+16
4830	5.30002963108936E+16
4840	5.41466705662537E+16
4850	5.53422224886005E+16
4860	5.65835670733163E+16
4870	5.78670623047631E+16
4880	5.91881594529771E+16
4890	6.05404847274517E+16
4900	6.19169884831608E+16
4910	6.3310128739501E+16
4920	6.47119343189009E+16
4930	6.61146297914856E+16
4940	6.75103928376384E+16
4950	6.88910106216971E+16
4960	7.02479080130498E+16
4970	7.15734234984485E+16
4980	7.28627222990508E+16
4990	7.41113795092177E+16
5000	7.53149635522608E+16
5010	7.64692399064462E+16
5020	7.75735936312676E+16
5030	7.86308581269483E+16
5040	7.96442363047214E+16
5050	8.06171532716483E+16
5060	8.1553814278012E+16
5070	8.24627593055122E+16
5080	8.33545545921777E+16
5090	8.42400032976658E+16
5100	8.51301153520144E+16
5110	8.60363227887682E+16
5120	8.69711576094133E+16
5130	8.79476272514428E+16
5140	8.89790403380305E+16
5150	9.00790659476323E+16
5160	9.12602841338512E+16
5170	9.25311772549614E+16
5180	9.38997944100803E+16
5190	9.53746371152426E+16
5200	9.69647178511451E+16
5210	9.86770658377043E+16
5220	1.00511531397867E+17
5230	1.02466671121457E+17
5240	1.04541071066049E+17
5250	1.06733300335073E+17
5260	1.09040520972829E+17
5270	1.11454290634679E+17
5280	1.13964203329809E+17
5290	1.16559076578824E+17
5300	1.19226874054879E+17
5310	1.21954593904891E+17
5320	1.24727904693344E+17
5330	1.27531293292697E+17
5340	1.303482054666E+17
5350	1.33161055916534E+17
5360	1.35951364419825E+17
5370	1.38702103165828E+17
5380	1.41397913959661E+17
5390	1.44023018405793E+17
5400	1.46561203241231E+17
5410	1.48995918605627E+17
5420	1.51312550246365E+17
5430	1.53503040495079E+17
5440	1.55560851329728E+17
5450	1.57479791476405E+17
5460	1.59254045879556E+17
5470	1.60878687829878E+17
5480	1.62357265781938E+17
5490	1.63700480803659E+17
5500	1.6491974158126E+17
5510	1.66026858492139E+17
5520	1.67033943668649E+17
5530	1.67955392754844E+17
5540	1.6881558938021E+17
5550	1.69641874012859E+17
5560	1.70461533575351E+17
5570	1.71301770412704E+17
5580	1.7218971706522E+17
5590	1.73152520057407E+17
5600	1.74217476443386E+17
5610	1.75412122813294E+17
5620	1.76764399096531E+17
5630	1.78302858898252E+17
5640	1.80056795740957E+17
5650	1.82048395360476E+17
5660	1.84287714059347E+17
5670	1.86784632804509E+17
5680	1.89550104500571E+17
5690	1.92596221008262E+17
5700	1.95936138857954E+17
5710	1.99574457924477E+17
5720	2.03500679715893E+17
5730	2.07702673519054E+17
5740	2.12167801586088E+17
5750	2.1688269395288E+17
5760	2.21833030490075E+17
5770	2.27001251001848E+17
5780	2.32363524546296E+17
5790	2.37893391716975E+17
5800	2.43562220062096E+17
5810	2.49339073093274E+17
5820	2.55190621839737E+17
5830	2.61082436158087E+17
5840	2.66984272708442E+17
5850	2.72866025976823E+17
5860	2.78695937498424E+17
5870	2.84440695722844E+17
5880	2.90065569632536E+17
5890	2.95534909746419E+17
5900	3.00818442717079E+17
5910	3.05891183906619E+17
5920	3.10728278054403E+17
5930	3.1530495997506E+17
5940	3.19596720805731E+17
5950	3.23579480854384E+17
5960	3.2723209630577E+17
5970	3.30543501768312E+17
5980	3.33506037929284E+17
5990	3.36113226136602E+17
6000	3.3835978179648E+17
6010	3.40241621304991E+17
6020	3.41756016085833E+17
6030	3.42911670730972E+17
6040	3.4373479339765E+17
6050	3.44253737762803E+17
6060	3.44497233177128E+17
6070	3.44494147156227E+17
6080	3.44273278156754E+17
6090	3.43863877899959E+17
6100	3.43312256420085E+17
6110	3.42681891381087E+17
6120	3.42035423925477E+17
6130	3.41433744954497E+17
6140	3.40936075313018E+17
6150	3.40600149244154E+17
6160	3.40482430344212E+17
6170	3.40637022289645E+17
6180	3.41116095322411E+17
6190	3.4197188682548E+17
6200	3.43257304748599E+17
6210	3.45026526990362E+17
6220	3.47335673899649E+17
6230	3.50243156154602E+17
6240	3.53785920187996E+17
6250	3.57965248303894E+17
6260	3.62781792896507E+17
6270	3.68238733985048E+17
6280	3.74341585449479E+17
6290	3.81098023256152E+17
6300	3.88517732068897E+17
6310	3.96603983281174E+17
6320	4.0532801365322E+17
6330	4.14651414020739E+17
6340	4.24533237769112E+17
6350	4.34929320771884E+17
6360	4.45791668335241E+17
6370	4.57067914503141E+17
6380	4.68701196831925E+17
6390	4.80637207986762E+17
6400	4.92824637534205E+17
6410	5.05208166089528E+17
6420	5.17728053052039E+17
6430	5.3032010928464E+17
6440	5.42915747727574E+17
6450	5.55442116807503E+17
6460	5.67825432174265E+17
6470	5.80010028004875E+17
6480	5.91947548246154E+17
6490	6.03588551757076E+17
6500	6.14882732756368E+17
6510	6.25779192876355E+17
6520	6.36226732894314E+17
6530	6.46174161990136E+17
6540	6.55573813694574E+17
6550	6.64393489538032E+17
6560	6.72606685955446E+17
6570	6.80188626999777E+17
6580	6.87116376791632E+17
6590	6.93368942202667E+17
6600	6.98927364965424E+17
6610	7.03774802819281E+17
6620	7.07897687158846E+17
6630	7.11290696132575E+17
6640	7.13952815389363E+17
6650	7.15885230860151E+17
6660	7.17091264919117E+17
6670	7.17576306395863E+17
6680	7.17347733440685E+17
6690	7.16414830087836E+17
6700	7.14790034976883E+17
6710	7.12505166171018E+17
6720	7.09605439789742E+17
6730	7.06136501141765E+17
6740	7.0214384534025E+17
6750	6.9767254520269E+17
6760	6.92767010870205E+17
6770	6.87470780179085E+17
6780	6.81826400779277E+17
6790	6.7589977038732E+17
6800	6.69815192427763E+17
6810	6.63700034588962E+17
6820	6.57674867047959E+17
6830	6.51853717939247E+17
6840	6.46344525295896E+17
6850	6.41249760327761E+17
6860	6.36667200649651E+17
6870	6.3269081674268E+17
6880	6.29411295004547E+17
6890	6.26917123569164E+17
6900	6.2529627271536E+17
6910	6.24637414926535E+17
6920	6.2503121941222E+17
6930	6.26571758205515E+17
6940	6.29358034873985E+17
6950	6.33495651155868E+17
6960	6.39093745974989E+17
6970	6.46181397934633E+17
6980	6.54716911669726E+17
6990	6.64661771213512E+17
7000	6.75981811242324E+17
7010	6.886458352341E+17
7020	7.02624320636908E+17
7030	7.17888195967025E+17
7040	7.34407680097439E+17
7050	7.52150728275979E+17
7060	7.71064611901148E+17
7070	7.91068280097181E+17
7080	8.12071830873038E+17
7090	8.33976891838741E+17
7100	8.56675662592257E+17
7110	8.8005014914772E+17
7120	9.03971608844294E+17
7130	9.28300224048297E+17
7140	9.52885021519032E+17
7150	9.77578907850404E+17
7160	1.00228488882901E+18
7170	1.02691595185824E+18
7180	1.05138150346233E+18
7190	1.07558778245666E+18
7200	1.09943832645799E+18
7210	1.12283448649679E+18
7220	1.14567598345184E+18
7230	1.16786149911653E+18
7240	1.18928968080399E+18
7250	1.20987937376042E+18
7260	1.22958021535716E+18
7270	1.24834682865995E+18
7280	1.26613670615425E+18
7290	1.28291033365498E+18
7300	1.29863129065686E+18
7310	1.31326632739552E+18
7320	1.32678541919116E+18
7330	1.33916179892533E+18
7340	1.35037220346337E+18
7350	1.36040379087063E+18
7360	1.36925521239219E+18
7370	1.37692862655286E+18
7380	1.38342907249817E+18
7390	1.3887643042799E+18
7400	1.39294462290797E+18
7410	1.39598270783248E+18
7420	1.3978934493439E+18
7430	1.39869378320269E+18
7440	1.39840255245035E+18
7450	1.39704305096932E+18
7460	1.39464524576529E+18
7470	1.39124084760608E+18
7480	1.38686253423335E+18
7490	1.38154378299299E+18
7500	1.37531871472867E+18
7510	1.36822194876363E+18
7520	1.3602884686988E+18
7530	1.35155349867824E+18
7540	1.34205238971026E+18
7550	1.33181942292398E+18
7560	1.32088036437898E+18
7570	1.30925740076469E+18
7580	1.29697327604617E+18
7590	1.28405127712423E+18
7600	1.27051519554727E+18
7610	1.25638929001689E+18
7620	1.24169824944431E+18
7630	1.22646715632497E+18
7640	1.21072145021226E+18
7650	1.19448689109134E+18
7660	1.17781754754347E+18
7670	1.16087406804039E+18
7680	1.14383337688232E+18
7690	1.12686058392854E+18
7700	1.1101092911211E+18
7710	1.09372210036518E+18
7720	1.07783129315115E+18
7730	1.06255965558827E+18
7740	1.04802142616203E+18
7750	1.03432334742494E+18
7760	1.02156580690328E+18
7770	1.00985117078215E+18
7780	9.99313579239805E+17
7790	9.90093992408233E+17
7800	9.82329949815395E+17
7810	9.7615736810007E+17
7820	9.71712485369199E+17
7830	9.69133945177222E+17
7840	9.68565019747599E+17
7850	9.70155973112628E+17
7860	9.74066564961401E+17
7870	9.80468694552204E+17
7880	9.8954164292917E+17
7890	1.00131213459056E+18
7900	1.01565248117611E+18
7910	1.03243492639033E+18
7920	1.05153455211819E+18
7930	1.07282544587472E+18
7940	1.09617716546617E+18
7950	1.12145150761684E+18
7960	1.14849960534845E+18
7970	1.1771593943471E+18
7980	1.20725350072052E+18
7990	1.23858761063164E+18
8000	1.27095488736209E+18
8010	1.30417964435039E+18
8020	1.33809981066326E+18
8030	1.37254468357982E+18
8040	1.40733560006888E+18
8050	1.44228710748007E+18
8060	1.47720841365017E+18
8070	1.51190507742963E+18
8080	1.54618088906951E+18
8090	1.57983987968824E+18
8100	1.61268839102085E+18
8110	1.64453713160773E+18
8120	1.67520850171601E+18
8130	1.70460086751161E+18
8140	1.73266706034901E+18
8150	1.75936797364837E+18
8160	1.78467155842481E+18
8170	1.808552674168E+18
8180	1.83099286705787E+18
8190	1.85198008370458E+18
8200	1.87150832936179E+18
8210	1.88957728003379E+18
8220	1.90619185808773E+18
8230	1.92136178090741E+18
8240	1.93510110227975E+18
8250	1.94743164411707E+18
8260	1.95838796205092E+18
8270	1.96800800924933E+18
8280	1.97633114724697E+18
8290	1.98339775802224E+18
8300	1.98924889364871E+18
8310	1.9939259630971E+18
8320	1.99747045516824E+18
8330	1.99992369605993E+18
8340	2.00132663970343E+18
8350	2.00171968873879E+18
8360	2.00114254382117E+18
8370	1.99963407576263E+18
8380	1.99723195388484E+18
8390	1.99397232650183E+18
8400	1.98989017434118E+18
8410	1.98501933757968E+18
8420	1.97939250955687E+18
8430	1.97304124126307E+18
8440	1.96599595477369E+18
8450	1.95828596398971E+18
8460	1.94993950122532E+18
8470	1.94098374835633E+18
8480	1.93144487140448E+18
8490	1.9213480575831E+18
8500	1.9107175539675E+18
8510	1.89957742039791E+18
8520	1.88795359621856E+18
8530	1.87587170685454E+18
8540	1.86335638786544E+18
8550	1.85043131389752E+18
8560	1.8371192275139E+18
8570	1.82344196769183E+18
8580	1.80942049784654E+18
8590	1.79507493330183E+18
8600	1.78042456817692E+18
8610	1.7654879017003E+18
8620	1.75028266399316E+18
8630	1.73482584138881E+18
8640	1.71913361914824E+18
8650	1.70321502039885E+18
8660	1.68706786030544E+18
8670	1.67068929591555E+18
8680	1.65407697695025E+18
8690	1.63722907534826E+18
8700	1.6201443142481E+18
8710	1.60282199620734E+18
8720	1.58526203043991E+18
8730	1.56746495883435E+18
8740	1.54943198049929E+18
8750	1.53116497456737E+18
8760	1.51266652097636E+18
8770	1.4939399189362E+18
8780	1.47498922705757E+18
8790	1.45583275427373E+18
8800	1.43652377478952E+18
8810	1.41711799888251E+18
8820	1.39766739971775E+18
8830	1.37822026991558E+18
8840	1.35882131795154E+18
8850	1.33951180021765E+18
8860	1.32032968423003E+18
8870	1.30130983826773E+18
8880	1.28248424268098E+18
8890	1.26388221820845E+18
8900	1.2455306668824E+18
8910	1.22745432145789E+18
8920	1.20967599975559E+18
8930	1.19222067112311E+18
8940	1.17519650070683E+18
8950	1.15879115038201E+18
8960	1.14319065279101E+18
8970	1.12857625307229E+18
8980	1.11512487912041E+18
8990	1.10300971492571E+18
9000	1.0924009108031E+18
9010	1.08346645080049E+18
9020	1.07637318234173E+18
9030	1.07128799664833E+18
9040	1.06837913078687E+18
9050	1.06781754296563E+18
9060	1.06977829115926E+18
9070	1.07444182001971E+18
9080	1.08199143947002E+18
9090	1.0924586017114E+18
9100	1.10566122611932E+18
9110	1.12140142354306E+18
9120	1.13947720204549E+18
9130	1.15967876601175E+18
9140	1.18178532799416E+18
9150	1.20556256420184E+18
9160	1.23076085067699E+18
9170	1.25711441433618E+18
9180	1.28434151724875E+18
9190	1.31214576043316E+18
9200	1.34021854305251E+18
9210	1.36824264429412E+18
9220	1.39589681144543E+18
9230	1.42286114515567E+18
9240	1.44883572513167E+18
9250	1.47365252955998E+18
9260	1.49722586441953E+18
9270	1.51948972495635E+18
9280	1.54039714372096E+18
9290	1.55991963185552E+18
9300	1.57804611768114E+18
9310	1.59478145374832E+18
9320	1.61014458525999E+18
9330	1.62416648705858E+18
9340	1.6368879820408E+18
9350	1.64835755073956E+18
9360	1.65862923067428E+18
9370	1.66776068655588E+18
9380	1.67581151077045E+18
9390	1.68284179025425E+18
9400	1.68891103056655E+18
9410	1.69407841856989E+18
9420	1.6984010248064E+18
9430	1.7019321315232E+18
9440	1.70472149063724E+18
9450	1.70681562610714E+18
9460	1.70825810982144E+18
9470	1.70908980711939E+18
9480	1.70934909130652E+18
9490	1.709072028748E+18
9500	1.70829253749257E+18
9510	1.7070425230838E+18
9520	1.7053519954249E+18
9530	1.7032491704313E+18
9540	1.70076055985603E+18
9550	1.6979110522075E+18
9560	1.69472398716862E+18
9570	1.69122117993128E+18
9580	1.68742265882591E+18
9590	1.68334695351737E+18
9600	1.67901135308335E+18
9610	1.67443196113073E+18
9620	1.66962374961815E+18
9630	1.66460061282443E+18
9640	1.6593754212884E+18
9650	1.65396007551395E+18
9660	1.64836555922214E+18
9670	1.64260199193525E+18
9680	1.6366786806921E+18
9690	1.63060417071525E+18
9700	1.62438629487705E+18
9710	1.61803222183891E+18
9720	1.61154850276638E+18
9730	1.60494111654893E+18
9740	1.59821551078981E+18
9750	1.59137652176742E+18
9760	1.58442836749205E+18
9770	1.57737485019624E+18
9780	1.57021940489883E+18
9790	1.56296513334028E+18
9800	1.5556148366507E+18
9810	1.54817104678512E+18
9820	1.54063605676001E+18
9830	1.53301194972242E+18
9840	1.52530062688017E+18
9850	1.51750383431625E+18
9860	1.50962318870551E+18
9870	1.5016602019455E+18
9880	1.49361630470683E+18
9890	1.48549286890237E+18
9900	1.47729122906798E+18
9910	1.46901270264184E+18
9920	1.46065858433117E+18
9930	1.45222876512832E+18
9940	1.44372097952993E+18
9950	1.43513278194382E+18
9960	1.42646173872326E+18
9970	1.41770544015913E+18
9980	1.40886151338274E+18
9990	1.39992763616585E+18
10000	1.39090155159377E+18
10010	1.38178108357514E+18
10020	1.37256415313911E+18
10030	1.36324879545622E+18
10040	1.35383317750393E+18
10050	1.34431561628173E+18
10060	1.33469459746324E+18
10070	1.3249687943555E+18
10080	1.31513708701695E+18
10090	1.30519858136737E+18
10100	1.29515262810466E+18
10110	1.28499933745398E+18
10120	1.27474573832687E+18
10130	1.26440391772342E+18
10140	1.25398638883584E+18
10150	1.24350594868097E+18
10160	1.23297562934659E+18
10170	1.22240864308609E+18
10180	1.2118183226934E+18
10190	1.20121805860885E+18
10200	1.19062123419423E+18
10210	1.18004116057208E+18
10220	1.16949101235289E+18
10230	1.15898376547699E+18
10240	1.14853213827908E+18
10250	1.13814853674706E+18
10260	1.12784500479715E+18
10270	1.11763318022954E+18
10280	1.10752425686687E+18
10290	1.09752895321693E+18
10300	1.08765743356362E+18
10310	1.0779078050144E+18
10320	1.06825240644108E+18
10330	1.05866082956807E+18
10340	1.04910355730982E+18
10350	1.03955203684426E+18
10360	1.02997874483311E+18
10370	1.02035724749767E+18
10380	1.01066225740212E+18
10390	1.00086968798064E+18
10400	9.90956706037021E+17
10410	9.80901781625668E+17
10420	9.70684733872048E+17
10430	9.60286770404553E+17
10440	9.49690517152393E+17
10450	9.38880034337483E+17
10460	9.27840813591439E+17
10470	9.16559750322854E+17
10480	9.05025084831157E+17
10490	8.93226305322997E+17
10500	8.81154006081378E+17
10510	8.68823049431967E+17
10520	8.56337270922912E+17
10530	8.4381467046562E+17
10540	8.31364251833932E+17
10550	8.19086424398387E+17
10560	8.0707376957973E+17
10570	7.95412092817969E+17
10580	7.84181662426052E+17
10590	7.73458532335462E+17
10600	7.63315855208848E+17
10610	7.53825112442245E+17
10620	7.45057213910832E+17
10630	7.37083448545167E+17
10640	7.29976293256054E+17
10650	7.23810109790492E+17
10660	7.18661775506839E+17
10670	7.14611304633099E+17
10680	7.11742521895018E+17
10690	7.10143851260834E+17
10700	7.09909279270971E+17
10710	7.11139543964339E+17
10720	7.13912840686954E+17
10730	7.18194729351773E+17
10740	7.23925301853778E+17
10750	7.31046107997075E+17
10760	7.39497854347213E+17
10770	7.49217899519111E+17
10780	7.6013748627336E+17
10790	7.72178706547812E+17
10800	7.85251266734169E+17
10810	7.99249208312044E+17
10820	8.14047839692285E+17
10830	8.29501238462724E+17
10840	8.45440771134904E+17
10850	8.61675124831966E+17
10860	8.77992323193944E+17
10870	8.94164080921787E+17
10880	9.09952623901937E+17
10890	9.2511977354759E+17
10900	9.39437704181161E+17
10910	9.52700401226532E+17
10920	9.64734566097518E+17
10930	9.75408670808592E+17
10940	9.84660275144284E+17
10950	9.92521072263896E+17
10960	9.99054129352684E+17
10970	1.00433929458864E+18
10980	1.0084685379367E+18
10990	1.01154150225149E+18
11000	1.01366146026132E+18
11010	1.01493181412775E+18
11020	1.01545321638116E+18
11030	1.01532133833611E+18
11040	1.01462526762562E+18
11050	1.01344648216619E+18
11060	1.01185832446471E+18
11070	1.00992588741587E+18
11080	1.00770621938575E+18
11090	1.00524876052608E+18
11100	1.00259593167287E+18
11110	9.99783809629158E+17
11120	9.9684283618298E+17
11130	9.93798521394597E+17
11140	9.90672113524699E+17
11150	9.87481217945193E+17
11160	9.84240351598824E+17
11170	9.80961306184603E+17
11180	9.77653637060351E+17
11190	9.74325243084489E+17
11200	9.7098263739056E+17
11210	9.67631168917183E+17
11220	9.64275214474483E+17
11230	9.60918343496272E+17
11240	9.57563458048036E+17
11250	9.54212910837045E+17
11260	9.50868603970275E+17
11270	9.4753207108475E+17
11280	9.44204545278318E+17
11290	9.4088701503128E+17
11300	9.37580270055697E+17
11310	9.34284938757399E+17
11320	9.31001518756855E+17
11330	9.27730401696101E+17
11340	9.24471893363213E+17
11350	9.21226229994213E+17
11360	9.17993591464342E+17
11370	9.14774111954687E+17
11380	9.11567888574039E+17
11390	9.08374988327386E+17
11400	9.05195453649022E+17
11410	9.0202930591832E+17
11420	8.98876549861512E+17
11430	8.95737177333057E+17
11440	8.92611169605166E+17
11450	8.89498499219296E+17
11460	8.86399131494854E+17
11470	8.83313025757903E+17
11480	8.80240136340779E+17
11490	8.77180413393779E+17
11500	8.74133803542255E+17
11510	8.71100250416003E+17
11520	8.68079695072648E+17
11530	8.65072076332491E+17
11540	8.62077331038843E+17
11550	8.59095394255065E+17
11560	8.56126199407228E+17
11570	8.53169678379475E+17
11580	8.50225761567564E+17
11590	8.47294377894889E+17
11600	8.44375454794168E+17
11610	8.41468918157157E+17
11620	8.38574692254055E+17
11630	8.35692699623654E+17
11640	8.32822860934808E+17
11650	8.29965094696792E+17
11660	8.2711931641594E+17
11670	8.2428543867049E+17
11680	8.21463371021597E+17
11690	8.18653019648625E+17
11700	8.15854286939249E+17
11710	8.13067071031491E+17
11720	8.10291265304283E+17
11730	8.07526757813055E+17
11740	8.04773430666719E+17
11750	8.02031159342434E+17
11760	7.99299811934586E+17
11770	7.96579248334563E+17
11780	7.93869319338131E+17
11790	7.91169865677587E+17
11800	7.88480716976312E+17
11810	7.85801690623969E+17
11820	7.83132590571322E+17
11830	7.80473206044549E+17
11840	7.77823310179985E+17
11850	7.75182658581468E+17
11860	7.72550987803802E+17
11870	7.69928013767485E+17
11880	7.67313430111473E+17
11890	7.64706906492704E+17
11900	7.6210808684303E+17
11910	7.5951658459206E+17
11920	7.56931970015046E+17
11930	7.54353773005885E+17
11940	7.51781482222805E+17
11950	7.49214541646972E+17
11960	7.4665234697281E+17
11970	7.4409424184068E+17
11980	7.41539513926276E+17
11990	7.38987390905316E+17
12000	7.36437036316632E+17
12010	7.33887545351696E+17
12020	7.3133794060389E+17
12030	7.28787167816363E+17
12040	7.262340916731E+17
12050	7.23677491683755E+17
12060	7.21116058218788E+17
12070	7.18548388757359E+17
12080	7.15972984416242E+17
12090	7.13388246833401E+17
12100	7.10792475484956E+17
12110	7.08183865518531E+17
12120	7.0556050618963E+17
12130	7.02920379990253E+17
12140	7.00261362560399E+17
12150	6.97581223473292E+17
12160	6.9487762798374E+17
12170	6.92148139826114E+17
12180	6.89390286322496E+17
12190	6.86601811798891E+17
12200	6.83780559617241E+17
12210	6.80924426187398E+17
12220	6.78031382516206E+17
12230	6.75099496272563E+17
12240	6.72126954040085E+17
12250	6.69112083414006E+17
12260	6.6605337458875E+17
12270	6.62949501081089E+17
12280	6.59799339241108E+17
12290	6.56601986219249E+17
12300	6.53356776082063E+17
12310	6.50063293801222E+17
12320	6.4672138687888E+17
12330	6.43331174416449E+17
12340	6.39893053481902E+17
12350	6.36407702681467E+17
12360	6.32876082893412E+17
12370	6.29299435173326E+17
12380	6.25679275890212E+17
12390	6.22017389199813E+17
12400	6.18315817004635E+17
12410	6.14576846588246E+17
12420	6.10802996143928E+17
12430	6.0699699844414E+17
12440	6.03161782917187E+17
12450	5.99300456411048E+17
12460	5.95416035353495E+17
12470	5.91508636497228E+17
12480	5.87576219722364E+17
12490	5.83616436866477E+17
12500	5.79626693044281E+17
12510	5.75604174930097E+17
12520	5.71545879394775E+17
12530	5.67448642591459E+17
12540	5.63309169628266E+17
12550	5.59124064997821E+17
12560	5.54889863954306E+17
12570	5.50603065038513E+17
12580	5.46260163950481E+17
12590	5.41857688957751E+17
12600	5.37392238004834E+17
12610	5.32860517655986E+17
12620	5.28259383958728E+17
12630	5.23585885259367E+17
12640	5.18837306934264E+17
12650	5.14011217921905E+17
12660	5.09105518851402E+17
12670	5.04118491463985E+17
12680	4.99048848916655E+17
12690	4.9389578644339E+17
12700	4.88659031731893E+17
12710	4.83338894255914E+17
12720	4.77936312688634E+17
12730	4.72452899415925E+17
12740	4.66890981074598E+17
12750	4.61253633967418E+17
12760	4.55548377892511E+17
12770	4.4979748453155E+17
12780	4.4402645888918E+17
12790	4.38260189309369E+17
12800	4.32522658718255E+17
12810	4.26836680611055E+17
12820	4.21223669424748E+17
12830	4.15703452365713E+17
12840	4.10294127113014E+17
12850	4.05011967275973E+17
12860	3.99871375197611E+17
12870	3.94884879769114E+17
12880	3.90063175417141E+17
12890	3.8541519736602E+17
12900	3.80948227646905E+17
12910	3.76668026084833E+17
12920	3.72578980583985E+17
12930	3.68684271383327E+17
12940	3.64986044499375E+17
12950	3.61485590243667E+17
12960	3.58183523440846E+17
12970	3.55079962729884E+17
12980	3.52174707067627E+17
12990	3.49467408242219E+17
13000	3.46957738825505E+17
13010	3.44645555536999E+17
13020	3.42531058452201E+17
13030	3.40614946863263E+17
13040	3.3889857289029E+17
13050	3.37384094146097E+17
13060	3.36074626872495E+17
13070	3.34973057584145E+17
13080	3.34076604940994E+17
13090	3.33381794724407E+17
13100	3.32886722961234E+17
13110	3.32590986887857E+17
13120	3.32495610121532E+17
13130	3.32602959732193E+17
13140	3.32916651744348E+17
13150	3.33441441805078E+17
13160	3.34183098026585E+17
13170	3.35148253305075E+17
13180	3.36344234692555E+17
13190	3.37778867624706E+17
13200	3.39460252969769E+17
13210	3.41396514958782E+17
13220	3.43595518101402E+17
13230	3.46064551214809E+17
13240	3.48809976742659E+17
13250	3.51836843678233E+17
13260	3.55148462706973E+17
13270	3.58745942740118E+17
13280	3.62627688933501E+17
13290	3.66788863709999E+17
13300	3.7122081440426E+17
13310	3.75910474152813E+17
13320	3.80839746866947E+17
13330	3.85984892952384E+17
13340	3.9131594038518E+17
13350	3.96796156392117E+17
13360	4.02381628841946E+17
13370	4.08021023745051E+17
13380	4.13655605421043E+17
13390	4.19219596532252E+17
13400	4.24637905913828E+17
13410	4.29825944417754E+17
13420	4.3469887832792E+17
13430	4.39176091796329E+17
13440	4.43185454769806E+17
13450	4.46667782704277E+17
13460	4.49580988021843E+17
13470	4.51903344422485E+17
13480	4.53635305110862E+17
13490	4.54799452123097E+17
13500	4.5543839884933E+17
13510	4.55610786329681E+17
13520	4.55385845231322E+17
13530	4.54837263018527E+17
13540	4.54037225917527E+17
13550	4.53051451877359E+17
13560	4.51935797820989E+17
13570	4.50734672614054E+17
13580	4.49481116618606E+17
13590	4.48198123223655E+17
13600	4.46900645134593E+17
13610	4.45597757084634E+17
13620	4.4429459090129E+17
13630	4.42993845379594E+17
13640	4.41696836172145E+17
13650	4.40404153782728E+17
13660	4.39116037764617E+17
13670	4.37832570708792E+17
13680	4.36553770249701E+17
13690	4.35279629120923E+17
13700	4.34010131217641E+17
13710	4.32745257552062E+17
13720	4.31484988303837E+17
13730	4.30229303478792E+17
13740	4.28978183107371E+17
13750	4.27731607300855E+17
13760	4.26489556266225E+17
13770	4.2525201030962E+17
13780	4.24018949836774E+17
13790	4.22790355352693E+17
13800	4.21566207461141E+17
13810	4.20346486864089E+17
13820	4.19131174361143E+17
13830	4.1792025084899E+17
13840	4.16713697320828E+17
13850	4.15511494865818E+17
13860	4.14313624668525E+17
13870	4.13120068008372E+17
13880	4.11930806259091E+17
13890	4.10745820888181E+17
13900	4.09565093456369E+17
13910	4.08388605617078E+17
13920	4.07216339115888E+17
13930	4.06048275790012E+17
13940	4.04884397567772E+17
13950	4.03724686468073E+17
13960	4.02569124599884E+17
13970	4.01417694161729E+17
13980	4.00270377441168E+17
13990	3.99127156814294E+17
14000	3.97988014745223E+17
14010	3.96852933785596E+17
14020	3.95721896574075E+17
14030	3.94594885835855E+17
14040	3.93471884382163E+17
14050	3.92352875109774E+17
14060	3.91237841000525E+17
14070	3.90126765120827E+17
14080	3.8901963062119E+17
14090	3.87916420735745E+17
14100	3.86817118781767E+17
14110	3.8572170815921E+17
14120	3.84630172350231E+17
14130	3.83542494918733E+17
14140	3.82458659509897E+17
14150	3.81378649849727E+17
14160	3.80302449744593E+17
14170	3.79230043080774E+17
14180	3.78161413824015E+17
14190	3.77096546019073E+17
14200	3.76035423789272E+17
14210	3.7497803133607E+17
14220	3.73924352938606E+17
14230	3.72874372953277E+17
14240	3.71828075813297E+17
14250	3.70785446028268E+17
14260	3.6974646818375E+17
14270	3.6871112694084E+17
14280	3.67679407035747E+17
14290	3.66651293279369E+17
14300	3.65626770556881E+17
14310	3.64605823827315E+17
14320	3.63588438123151E+17
14330	3.62574598549909E+17
14340	3.61564290285737E+17
14350	3.60557498581009E+17
14360	3.59554208757926E+17
14370	3.5855440621011E+17
14380	3.57558076402213E+17
14390	3.56565204869522E+17
14400	3.55575777217561E+17
14410	3.54589779121709E+17
14420	3.53607196326809E+17
14430	3.52628014646784E+17
14440	3.51652219964254E+17
14450	3.50679798230157E+17
14460	3.49710735463372E+17
14470	3.48745017750342E+17
14480	3.47782631244703E+17
14490	3.46823562166909E+17
14500	3.45867796803873E+17
14510	3.44915321508589E+17
14520	3.43966122699779E+17
14530	3.43020186861525E+17
14540	3.42077500542911E+17
14550	3.41138050357668E+17
14560	3.40201822983817E+17
14570	3.39268805163317E+17
14580	3.38338983701715E+17
14590	3.37412345467798E+17
14600	3.36488877393244E+17
14610	3.35568566472283E+17
14620	3.34651399761351E+17
14630	3.3373736437875E+17
14640	3.32826447504315E+17
14650	3.31918636379071E+17
14660	3.31013918304907E+17
14670	3.30112280644239E+17
14680	3.29213710819682E+17
14690	3.28318196313726E+17
14700	3.27425724668403E+17
14710	3.26536283484971E+17
14720	3.25649860423588E+17
14730	3.24766443202995E+17
14740	3.23886019600195E+17
14750	3.23008577450141E+17
14760	3.2213410464542E+17
14770	3.21262589135943E+17
14780	3.20394018928631E+17
14790	3.19528382087113E+17
14800	3.18665666731413E+17
14810	3.17805861037651E+17
14820	3.16948953237735E+17
14830	3.16094931619065E+17
14840	3.15243784524229E+17
14850	3.14395500350706E+17
14860	3.13550067550568E+17
14870	3.12707474630183E+17
14880	3.11867710149919E+17
14890	3.11030762723841E+17
14900	3.10196621019416E+17
14910	3.09365273757203E+17
14920	3.08536709710542E+17
14930	3.07710917705227E+17
14940	3.06887886619167E+17
14950	3.06067605382014E+17
14960	3.05250062974756E+17
14970	3.04435248429262E+17
14980	3.03623150827739E+17
14990	3.02813759302093E+17
15000	3.02007063033137E+17
15010	3.01203051249593E+17
15020	3.00401713226826E+17
15030	2.99603038285199E+17
15040	2.9880701578792E+17
15050	2.98013635138237E+17
15060	2.97222885775742E+17
15070	2.96434757171532E+17
15080	2.95649238821868E+17
15090	2.9486632023992E+17
15100	2.94085990945045E+17
15110	2.93308240448952E+17
15120	2.92533058237937E+17
15130	2.91760433750236E+17
15140	2.9099035634731E+17
15150	2.90222815277695E+17
15160	2.89457799631795E+17
15170	2.88695298285729E+17
15180	2.87935299832072E+17
15190	2.87177792495017E+17
15200	2.86422764027189E+17
15210	2.85670201585033E+17
15220	2.84920091579374E+17
15230	2.84172419497499E+17
15240	2.83427169692827E+17
15250	2.8268432513806E+17
15260	2.81943867137542E+17
15270	2.8120577499453E+17
15280	2.80470025629094E+17
15290	2.79736593142551E+17
15300	2.79005448324612E+17
15310	2.78276558068921E+17
15320	2.77549884609806E+17
15330	2.76825384793666E+17
15340	2.76103009247748E+17
15350	2.75382701430261E+17
15360	2.7466439657469E+17
15370	2.73948020522928E+17
15380	2.73233488442653E+17
15390	2.72520703425412E+17
15400	2.71809554963129E+17
15410	2.71099917302249E+17
15420	2.70391647676506E+17
15430	2.69684584421271E+17
15440	2.68978544974738E+17
15450	2.68273323773658E+17
15460	2.6756869005407E+17
15470	2.66864385570404E+17
15480	2.66160122249417E+17
15490	2.65455579798628E+17
15500	2.64750403292274E+17
15510	2.64044200761094E+17
15520	2.63336540815604E+17
15530	2.6262695033571E+17
15540	2.61914912262558E+17
15550	2.61199863531303E+17
15560	2.60481193185927E+17
15570	2.59758240719279E+17
15580	2.59030294683029E+17
15590	2.58296591613192E+17
15600	2.5755631531715E+17
15610	2.56808596567679E+17
15620	2.56052513248231E+17
15630	2.55287090991689E+17
15640	2.54511304351835E+17
15650	2.53724078542949E+17
15660	2.52924291778249E+17
15670	2.5211077823222E+17
15680	2.51282331645501E+17
15690	2.5043770958371E+17
15700	2.49575638353681E+17
15710	2.48694818572047E+17
15720	2.47793931372067E+17
15730	2.46871645225205E+17
15740	2.45926623344398E+17
15750	2.4495753162637E+17
15760	2.4396309057614E+17
15770	2.42942232544535E+17
15780	2.41894025323338E+17
15790	2.40817650363048E+17
15800	2.39712415583959E+17
15810	2.38577766985555E+17
15820	2.37413298830277E+17
15830	2.36218762207473E+17
15840	2.34994071818147E+17
15850	2.33739310859759E+17
15860	2.32454733931465E+17
15870	2.31140767922427E+17
15880	2.29798010887873E+17
15890	2.28427228958163E+17
15900	2.27029351363993E+17
15910	2.25605463695208E+17
15920	2.24156799540547E+17
15930	2.22684730680509E+17
15940	2.21190756025027E+17
15950	2.1967648950154E+17
15960	2.18143647107483E+17
15970	2.16594033344246E+17
15980	2.15029527247797E+17
15990	2.13452068224739E+17
16000	2.11863641892227E+17
16010	2.10266266106561E+17
16020	2.08661977348911E+17
16030	2.07052817618402E+17
16040	2.05440821963089E+17
16050	2.03828006759003E+17
16060	2.02216358826873E+17
16070	2.00607825455889E+17
16080	1.99004305384328E+17
16090	1.97407640768462E+17
16100	1.95819610154079E+17
16110	1.94241922449465E+17
16120	1.92676211884873E+17
16130	1.91124033931538E+17
16140	1.89586862143061E+17
16150	1.88066085873586E+17
16160	1.86563008820495E+17
16170	1.8507884833428E+17
16180	1.83614735434691E+17
16190	1.82171715470086E+17
16200	1.80750749355937E+17
16210	1.79352715328613E+17
16220	1.77978411151597E+17
16230	1.76628547641335E+17
16240	1.75302960694227E+17
16250	1.74000027003112E+17
16260	1.72717974431626E+17
16270	1.71455039186421E+17
16280	1.70209474485549E+17
16290	1.6897955811417E+17
16300	1.67763599048886E+17
16310	1.6655994331073E+17
16320	1.65366979187112E+17
16330	1.64183141945143E+17
16340	1.63006918142297E+17
16350	1.61836849625455E+17
16360	1.60671537295739E+17
16370	1.59509644704018E+17
16380	1.58349901530473E+17
16390	1.57191106990909E+17
16400	1.56032133202476E+17
16410	1.54871928532016E+17
16420	1.53709520941208E+17
16430	1.52544021333978E+17
16440	1.51374626903199E+17
16450	1.50200624465476E+17
16460	1.49021393764708E+17
16470	1.47836410717271E+17
16480	1.46645250563939E+17
16490	1.4544759088622E+17
16500	1.44243214437686E+17
16510	1.43032011734208E+17
16520	1.41813983340923E+17
16530	1.40589241788399E+17
16540	1.3935801304605E+17
16550	1.38120637477482E+17
16560	1.36877570200414E+17
16570	1.35629380773153E+17
16580	1.34376752130643E+17
16590	1.33120478695681E+17
16600	1.31861463595313E+17
16610	1.30600714918301E+17
16620	1.29339340956883E+17
16630	1.2807854438417E+17
16640	1.26819615326855E+17
16650	1.25563923300295E+17
16660	1.24312907977968E+17
16670	1.23068068767793E+17
16680	1.21830953161227E+17
16690	1.20603143804004E+17
16700	1.1938624420606E+17
16710	1.18181862957888E+17
16720	1.16991596246579E+17
16730	1.15817008362456E+17
16740	1.14659701028277E+17
16750	1.1352262533393E+17
16760	1.1240945372514E+17
16770	1.11323231743433E+17
16780	1.10266341960091E+17
16790	1.09240513479674E+17
16800	1.08246837075374E+17
16810	1.07285785735284E+17
16820	1.06357240875188E+17
16830	1.05460524924852E+17
16840	1.04594441329375E+17
16850	1.03757323141363E+17
16860	1.02947091254029E+17
16870	1.02161322918019E+17
16880	1.01397330519968E+17
16890	1.0065224974697E+17
16900	9.99231353225032E+16
16910	9.92070615986678E+16
16920	9.85012245487035E+16
16930	9.78030412236663E+16
16940	9.71102425829425E+16
16950	9.64209558008153E+16
16960	9.57337726667003E+16
16970	9.50478014731823E+16
16980	9.43627007357779E+16
16990	9.36786941117315E+16
17000	9.2996566884667E+16
17010	9.23176452736851E+16
17020	9.16437605471569E+16
17030	9.09772004356459E+16
17040	9.03206506325008E+16
17050	8.96771292538087E+16
17060	8.9049917027202E+16
17070	8.8442485728023E+16
17080	8.78584270233299E+16
17090	8.73013834614455E+16
17100	8.67749828964223E+16
17110	8.62827771967969E+16
17120	8.58281856838304E+16
17130	8.5414443397245E+16
17140	8.50445540118002E+16
17150	8.47212470371698E+16
17160	8.44469388350195E+16
17170	8.4223696988364E+16
17180	8.40532076671211E+16
17190	8.39367458598975E+16
17200	8.38751486976502E+16
17210	8.38687925950413E+16
17220	8.39175755972708E+16
17230	8.40209071614782E+16
17240	8.4177708636636E+16
17250	8.43864289390368E+16
17260	8.46450813384419E+16
17270	8.49513088279397E+16
17280	8.53023879470026E+16
17290	8.56940044319014E+16
17300	8.61209984331052E+16
17310	8.65788714603336E+16
17320	8.70641067553842E+16
17330	8.75744686614086E+16
17340	8.81093020368563E+16
17350	8.86698156673099E+16
17360	8.9259330626054E+16
17370	8.98834729524333E+16
17380	9.05502904984739E+16
17390	9.12702767913186E+16
17400	9.20562903201858E+16
17410	9.29233652156306E+16
17420	9.38884175368274E+16
17430	9.49698583209775E+16
17440	9.61871278135676E+16
17450	9.75601627794799E+16
17460	9.91087994657937E+16
17470	1.0085209950978E+17
17480	1.02807568069305E+17
17490	1.04990218064622E+17
17500	1.07411428255611E+17
17510	1.10077552327861E+17
17520	1.12988265986168E+17
17530	1.16134691462308E+17
17540	1.19497413144232E+17
17550	1.23044590324611E+17
17560	1.26730475044102E+17
17570	1.30494739351568E+17
17580	1.34263081338012E+17
17590	1.37949575236984E+17
17600	1.41461111397644E+17
17610	1.44703994925415E+17
17620	1.47592323217857E+17
17630	1.50057188062584E+17
17640	1.52055179273339E+17
17650	1.535743213515E+17
17660	1.54635700870919E+17
17670	1.55289802507675E+17
17680	1.55607895502811E+17
17690	1.55670310958014E+17
17700	1.5555450162142E+17
17710	1.5532581867137E+17
17720	1.55032847792891E+17
17730	1.54707404710029E+17
17740	1.54367762167239E+17
17750	1.54023063623088E+17
17760	1.53677262422323E+17
17770	1.53331821186583E+17
17780	1.52987197290432E+17
17790	1.52643509009971E+17
17800	1.52300779741092E+17
17810	1.51959011046736E+17
17820	1.51618200399995E+17
17830	1.51278344663344E+17
17840	1.5093944063587E+17
17850	1.50601485121842E+17
17860	1.50264474937477E+17
17870	1.49928406911419E+17
17880	1.49593277884713E+17
17890	1.49259084710757E+17
17900	1.48925824255243E+17
17910	1.48593493396101E+17
17920	1.4826208902345E+17
17930	1.47931608039536E+17
17940	1.47602047358686E+17
17950	1.47273403907246E+17
17960	1.46945674623536E+17
17970	1.4661885645779E+17
17980	1.46292946372105E+17
17990	1.4596794134039E+17
18000	1.45643838348313E+17
18010	1.45320634393246E+17
18020	1.44998326484216E+17
18030	1.44676911641855E+17
18040	1.44356386898342E+17
18050	1.44036749297358E+17
18060	1.43717995894035E+17
18070	1.434001237549E+17
18080	1.4308312995783E+17
18090	1.42767011591999E+17
18100	1.4245176575783E+17
18110	1.42137389566944E+17
18120	1.41823880142111E+17
18130	1.415112346172E+17
18140	1.41199450137132E+17
18150	1.4088852385783E+17
18160	1.40578452946169E+17
18170	1.40269234579933E+17
18180	1.39960865947761E+17
18190	1.39653344249103E+17
18200	1.39346666694172E+17
18210	1.39040830503893E+17
18220	1.38735832909864E+17
18230	1.38431671154302E+17
18240	1.38128342489998E+17
18250	1.37825844180273E+17
18260	1.3752417349893E+17
18270	1.37223327730209E+17
18280	1.36923304168741E+17
18290	1.36624100119501E+17
18300	1.36325712897767E+17
18310	1.36028139829071E+17
18320	1.35731378249155E+17
18330	1.35435425503928E+17
18340	1.35140278949421E+17
18350	1.34845935951742E+17
18360	1.34552393887034E+17
18370	1.34259650141429E+17
18380	1.33967702111007E+17
18390	1.3367654720175E+17
18400	1.33386182829502E+17
18410	1.33096606419923E+17
18420	1.32807815408451E+17
18430	1.32519807240253E+17
18440	1.32232579370188E+17
18450	1.31946129262765E+17
18460	1.31660454392099E+17
18470	1.31375552241867E+17
18480	1.31091420305276E+17
18490	1.30808056085009E+17
18500	1.30525457093195E+17
18510	1.30243620851363E+17
18520	1.29962544890401E+17
18530	1.29682226750518E+17
18540	1.29402663981202E+17
18550	1.29123854141182E+17
18560	1.28845794798386E+17
18570	1.28568483529903E+17
18580	1.28291917921941E+17
18590	1.28016095569791E+17
18600	1.27741014077789E+17
18610	1.2746667105927E+17
18620	1.27193064136539E+17
18630	1.26920190940824E+17
18640	1.26648049112245E+17
18650	1.26376636299768E+17
18660	1.26105950161175E+17
18670	1.25835988363021E+17
18680	1.25566748580599E+17
18690	1.25298228497901E+17
18700	1.25030425807582E+17
18710	1.24763338210923E+17
18720	1.24496963417794E+17
18730	1.24231299146615E+17
18740	1.23966343124323E+17
18750	1.23702093086336E+17
18760	1.23438546776512E+17
18770	1.23175701947118E+17
18780	1.22913556358792E+17
18790	1.2265210778051E+17
18800	1.22391353989544E+17
18810	1.22131292771434E+17
18820	1.21871921919951E+17
18830	1.21613239237058E+17
18840	1.2135524253288E+17
18850	1.21097929625669E+17
18860	1.20841298341765E+17
18870	1.20585346515568E+17
18880	1.203300719895E+17
18890	1.20075472613971E+17
18900	1.19821546247346E+17
18910	1.19568290755913E+17
18920	1.19315704013847E+17
18930	1.19063783903179E+17
18940	1.18812528313759E+17
18950	1.18561935143227E+17
18960	1.18312002296981E+17
18970	1.18062727688138E+17
18980	1.17814109237507E+17
18990	1.17566144873557E+17
19000	1.17318832532382E+17
19010	1.17072170157667E+17
19020	1.16826155700663E+17
19030	1.1658078712015E+17
19040	1.16336062382404E+17
19050	1.16091979461173E+17
19060	1.15848536337636E+17
19070	1.15605731000379E+17
19080	1.15363561445361E+17
19090	1.15122025675885E+17
19100	1.14881121702564E+17
19110	1.14640847543294E+17
19120	1.14401201223221E+17
19130	1.14162180774712E+17
19140	1.13923784237325E+17
19150	1.13686009657777E+17
19160	1.13448855089918E+17
19170	1.13212318594696E+17
19180	1.12976398240132E+17
19190	1.1274109210129E+17
19200	1.12506398260244E+17
19210	1.12272314806053E+17
19220	1.12038839834729E+17
19230	1.11805971449211E+17
19240	1.11573707759334E+17
19250	1.113420468818E+17
19260	1.11110986940152E+17
19270	1.10880526064742E+17
19280	1.10650662392708E+17
19290	1.10421394067939E+17
19300	1.10192719241054E+17
19310	1.0996463606937E+17
19320	1.09737142716874E+17
19330	1.09510237354197E+17
19340	1.09283918158587E+17
19350	1.09058183313881E+17
19360	1.08833031010477E+17
19370	1.08608459445307E+17
19380	1.08384466821811E+17
19390	1.08161051349911E+17
19400	1.07938211245981E+17
19410	1.07715944732824E+17
19420	1.07494250039643E+17
19430	1.07273125402016E+17
19440	1.07052569061871E+17
19450	1.06832579267456E+17
19460	1.06613154273316E+17
19470	1.06394292340267E+17
19480	1.06175991735371E+17
19490	1.05958250731907E+17
19500	1.05741067609349E+17
19510	1.05524440653339E+17
19520	1.05308368155662E+17
19530	1.05092848414221E+17
19540	1.04877879733013E+17
19550	1.046634604221E+17
19560	1.04449588797591E+17
19570	1.04236263181611E+17
19580	1.04023481902279E+17
19590	1.03811243293685E+17
19600	1.03599545695862E+17
19610	1.03388387454766E+17
19620	1.03177766922249E+17
19630	1.02967682456035E+17
19640	1.02758132419698E+17
19650	1.02549115182636E+17
19660	1.02340629120049E+17
19670	1.02132672612915E+17
19680	1.01925244047966E+17
19690	1.01718341817665E+17
19700	1.01511964320182E+17
19710	1.01306109959373E+17
19720	1.01100777144755E+17
19730	1.00895964291482E+17
19740	1.00691669820327E+17
19750	1.00487892157653E+17
19760	1.00284629735394E+17
19770	1.00081880991034E+17
19780	9.98796443675795E+16
19790	9.96779183135419E+16
19800	9.9476701282913E+16
19810	9.92759917351434E+16
19820	9.90757881351207E+16
19830	9.8876088953147E+16
19840	9.86768926649177E+16
19850	9.84781977514995E+16
19860	9.82800026993085E+16
19870	9.80823060000895E+16
19880	9.78851061508936E+16
19890	9.76884016540574E+16
19900	9.74921910171821E+16
19910	9.72964727531113E+16
19920	9.71012453799111E+16
19930	9.69065074208485E+16
19940	9.67122574043708E+16
19950	9.65184938640846E+16
19960	9.63252153387355E+16
19970	9.61324203721872E+16
19980	9.59401075134011E+16
19990	9.57482753164161E+16
20000	9.55569223403281E+16
