2000	104944393922920
2010	112594449803764
2020	120735256196575
2030	129393523745373
2040	138597282429847
2050	148375997340341
2060	158760743473885
2070	169784189841653
2080	181480666468743
2090	193886071577334
2100	207037749983485
2110	220974466751693
2120	235736243258338
2130	251364302637149
2140	267901102695157
2150	285390498504691
2160	303877984311891
2170	323410821273772
2180	344038584609178
2190	365813401478073
2200	388790077039152
2210	413026479341091
2220	438583426012980
2230	465524529849352
2240	493915974866290
2250	523826126278578
2260	555325097508211
2270	588484431118881
2280	623376875622302
2290	660076342757093
2300	698658038571569
2310	739198758117930
2320	781777467949559
2330	826476132301616
2340	873381011882337
2350	922582747368664
2360	974176894697077
2370	1.02826521615028E+15
2380	1.08495546617683E+15
2390	1.1443611683142E+15
2400	1.20660072496655E+15
2410	1.27179688254215E+15
2420	1.34007613076422E+15
2430	1.41156624935804E+15
2440	1.48639626222237E+15
2450	1.56469495351413E+15
2460	1.64659075787219E+15
2470	1.7322112532912E+15
2480	1.82168349309205E+15
2490	1.91513523377748E+15
2500	2.01269619301664E+15
2510	2.11449990339991E+15
2520	2.22068542017066E+15
2530	2.33140059411659E+15
2540	2.44680262578002E+15
2550	2.56706116748726E+15
2560	2.69235713895134E+15
2570	2.82288694276888E+15
2580	2.95885857965424E+15
2590	3.10049226773823E+15
2600	3.24801736316804E+15
2610	3.4016712834647E+15
2620	3.56169496592277E+15
2630	3.7283302655861E+15
2640	3.90181622464439E+15
2650	4.08238724723465E+15
2660	4.27026967065749E+15
2670	4.4656812897433E+15
2680	4.66883123347254E+15
2690	4.8799203272329E+15
2700	5.09914502950219E+15
2710	5.32669771681259E+15
2720	5.56277476944777E+15
2730	5.80757704950071E+15
2740	6.06131960614806E+15
2750	6.32423474909272E+15
2760	6.59657660207122E+15
2770	6.87863014682517E+15
2780	7.17070499431934E+15
2790	7.47315029838656E+15
2800	7.78634001170427E+15
2810	8.11068722445246E+15
2820	8.44662919864639E+15
2830	8.79462625133373E+15
2840	9.15515964028825E+15
2850	9.52871189691625E+15
2860	9.91577187112603E+15
2870	1.03168188849464E+16
2880	1.07323104518476E+16
2890	1.11626944334012E+16
2900	1.16083664887238E+16
2910	1.20697082780545E+16
2920	1.25470501185359E+16
2930	1.30406897927511E+16
2940	1.35508982691969E+16
2950	1.40779094210572E+16
2960	1.46219420012274E+16
2970	1.51832081242787E+16
2980	1.57619079639419E+16
2990	1.63582690777207E+16
3000	1.69725510001711E+16
3010	1.76050300967823E+16
3020	1.82560755015497E+16
3030	1.89260869443283E+16
3040	1.96155489792692E+16
3050	2.03250504181273E+16
3060	2.10552241290621E+16
3070	2.18068264135586E+16
3080	2.2580686904007E+16
3090	2.33776974194958E+16
3100	2.41988364098862E+16
3110	2.50451371607982E+16
3120	2.59176521488573E+16
3130	2.68174569622848E+16
3140	2.77456582379832E+16
3150	2.87032789180663E+16
3160	2.96913282830606E+16
3170	3.07107891637083E+16
3180	3.17624658251464E+16
3190	3.28471314666946E+16
3200	3.39654626298391E+16
3210	3.51179254514137E+16
3220	3.63049371009321E+16
3230	3.75267937890454E+16
3240	3.87836221237745E+16
3250	4.00754859311178E+16
3260	4.14023763136471E+16
3270	4.27642047066463E+16
3280	4.41608201522036E+16
3290	4.55921084058152E+16
3300	4.70580067011372E+16
3310	4.85584105898456E+16
3320	5.00933663162424E+16
3330	5.16631225747283E+16
3340	5.32679265351175E+16
3350	5.49082384507617E+16
3360	5.65848630870634E+16
3370	5.82986627140215E+16
3380	6.00506979231304E+16
3390	6.18424445775722E+16
3400	6.367550648864E+16
3410	6.55516322273394E+16
3420	6.74729050421277E+16
3430	6.9441585407358E+16
3440	7.14600563782007E+16
3450	7.35308073425022E+16
3460	7.56564478797696E+16
3470	7.78397189640572E+16
3480	8.00832809461054E+16
3490	8.23896295306025E+16
3500	8.47613522080262E+16
3510	8.72009877151563E+16
3520	8.97105192267283E+16
3530	9.22918192503091E+16
3540	9.4946774858852E+16
3550	9.76767161853223E+16
3560	1.00482413529896E+17
3570	1.0336456679285E+17
3580	1.06323652030758E+17
3590	1.09359388878551E+17
3600	1.12471193766094E+17
3610	1.15658329570372E+17
3620	1.18919732278772E+17
3630	1.2225393363331E+17
3640	1.25659250234401E+17
3650	1.29133818796268E+17
3660	1.32675830330817E+17
3670	1.36283430880888E+17
3680	1.39954577617424E+17
3690	1.43687230469309E+17
3700	1.47480066476104E+17
3710	1.51331895933364E+17
3720	1.55241421455981E+17
3730	1.59207701649897E+17
3740	1.63231014445278E+17
3750	1.67311867865895E+17
3760	1.71450793565458E+17
3770	1.75648952706872E+17
3780	1.79908897641204E+17
3790	1.84233502427027E+17
3800	1.8862580314259E+17
3810	1.93089454461764E+17
3820	1.97629296005235E+17
3830	2.02250557069122E+17
3840	2.06958741045506E+17
3850	2.11759725189436E+17
3860	2.16659937441027E+17
3870	2.21666169181693E+17
3880	2.2678554436302E+17
3890	2.32025350317984E+17
3900	2.37392390806943E+17
3910	2.4289353901137E+17
3920	2.48535971912922E+17
3930	2.54327024913053E+17
3940	2.60272676231656E+17
3950	2.66378111969434E+17
3960	2.72648673420844E+17
3970	2.79089851083067E+17
3980	2.85705873336615E+17
3990	2.92498808951823E+17
4000	2.99470479853587E+17
4010	3.06622637874087E+17
4020	3.13956537768814E+17
4030	3.21470857455326E+17
4040	3.29163103815885E+17
4050	3.37030438441073E+17
4060	3.45069653150778E+17
4070	3.53276375446706E+17
4080	3.61644507580171E+17
4090	3.70167305116269E+17
4100	3.78837474710429E+17
4110	3.87647186189752E+17
4120	3.96588318868069E+17
4130	4.05652377054364E+17
4140	4.14830312383895E+17
4150	4.24112517550799E+17
4160	4.33489232240866E+17
4170	4.42952483224584E+17
4180	4.52494713068557E+17
4190	4.62108003091198E+17
4200	4.71784076280606E+17
4210	4.81515304152516E+17
4220	4.91297784054143E+17
4230	5.01128529123645E+17
4240	5.11004509225767E+17
4250	5.20922652435775E+17
4260	5.30881027520861E+17
4270	5.40882454320129E+17
4280	5.50931168034583E+17
4290	5.61031680984672E+17
4300	5.71188779125848E+17
4310	5.81408210570288E+17
4320	5.9170000770995E+17
4330	6.02076093021389E+17
4340	6.12548910455176E+17
4350	6.23131423508769E+17
4360	6.33837233231695E+17
4370	6.44681985251488E+17
4380	6.55682990418102E+17
4390	6.66858230720397E+17
4400	6.78226349943297E+17
4410	6.89806661905069E+17
4420	7.01618365909673E+17
4430	7.13679804681348E+17
4440	7.26009787004846E+17
4450	7.38627772444047E+17
4460	7.5155389464166E+17
4470	7.64808419604348E+17
4480	7.78407368640767E+17
4490	7.92364722655063E+17
4500	8.06694860241473E+17
4510	8.21412589709611E+17
4520	8.36533160394379E+17
4530	8.52069684806664E+17
4540	8.68027929365404E+17
4550	8.84412246238957E+17
4560	9.01226917324275E+17
4570	9.18476140276189E+17
4580	9.3616395803755E+17
4590	9.54290177608158E+17
4600	9.72847415000077E+17
4610	9.9182696917761E+17
4620	1.0112194066201E+18
4630	1.03101453032953E+18
4640	1.05120129068308E+18
4650	1.07176484627162E+18
4660	1.09268510774871E+18
4670	1.11394045356712E+18
4680	1.13550802222186E+18
4690	1.15736369824555E+18
4700	1.17948210386754E+18
4710	1.20183645347213E+18
4720	1.22439842287837E+18
4730	1.24713839289187E+18
4740	1.2700254962472E+18
4750	1.29302764336073E+18
4760	1.31611155594767E+18
4770	1.33924412008596E+18
4780	1.36239641704891E+18
4790	1.38554002887134E+18
4800	1.4086458180917E+18
4810	1.43168397421913E+18
4820	1.45462406474976E+18
4830	1.47743555659007E+18
4840	1.50009533013907E+18
4850	1.52258667662986E+18
4860	1.54489310116462E+18
4870	1.56699814797264E+18
4880	1.58888542350171E+18
4890	1.61053862063643E+18
4900	1.6319444635185E+18
4910	1.65310302715219E+18
4920	1.67401856424485E+18
4930	1.69469585587862E+18
4940	1.71514018586067E+18
4950	1.73535731765532E+18
4960	1.75535348955282E+18
4970	1.77514049894492E+18
4980	1.79474311456016E+18
4990	1.81418860859408E+18
5000	1.83350487103794E+18
5010	1.85272036680867E+18
5020	1.87186409989526E+18
5030	1.89096559723584E+18
5040	1.91005813007524E+18
5050	1.92918303252072E+18
5060	1.94838325067294E+18
5070	1.96770225594303E+18
5080	1.98718402878146E+18
5090	2.00687305135416E+18
5100	2.02681430883159E+18
5110	2.04705278333151E+18
5120	2.06763190137531E+18
5130	2.08859500485765E+18
5140	2.10998584799878E+18
5150	2.13184860387708E+18
5160	2.1542278757989E+18
5170	2.17716871293928E+18
5180	2.20071584990002E+18
5190	2.22490332099285E+18
5200	2.24975707946824E+18
5210	2.27530300354356E+18
5220	2.30156707506157E+18
5230	2.3285753599707E+18
5240	2.35635398774983E+18
5250	2.38492912939954E+18
5260	2.41432179424433E+18
5270	2.44453232195141E+18
5280	2.4755554879705E+18
5290	2.50738547171038E+18
5300	2.54001579183649E+18
5310	2.57343924295959E+18
5320	2.60764783383427E+18
5330	2.64263270592605E+18
5340	2.67837697900691E+18
5350	2.71484527274296E+18
5360	2.75199825768575E+18
5370	2.78979520278783E+18
5380	2.82819394315071E+18
5390	2.86715085931076E+18
5400	2.90662086826821E+18
5410	2.94655742465569E+18
5420	2.98690977448839E+18
5430	3.02761738013582E+18
5440	3.06861671229332E+18
5450	3.10984288948647E+18
5460	3.15122976967463E+18
5470	3.19271005761914E+18
5480	3.23421542736565E+18
5490	3.27567665907209E+18
5500	3.31702394455223E+18
5510	3.358188164305E+18
5520	3.39910045552162E+18
5530	3.43969179724361E+18
5540	3.4798931895657E+18
5550	3.51963584325115E+18
5560	3.5588513743797E+18
5570	3.59747200248586E+18
5580	3.63543076467723E+18
5590	3.67266504732162E+18
5600	3.70912106567977E+18
5610	3.74474741845694E+18
5620	3.77949416438516E+18
5630	3.8133129588921E+18
5640	3.84615718400557E+18
5650	3.87798207055914E+18
5660	3.90874481183173E+18
5670	3.93840479450397E+18
5680	3.96693092946321E+18
5690	3.9943054784478E+18
5700	4.02051357153535E+18
5710	4.04554223505135E+18
5720	4.06938037993189E+18
5730	4.09201878375804E+18
5740	4.1134500666612E+18
5750	4.13366866133364E+18
5760	4.1526708119213E+18
5770	4.1704620077282E+18
5780	4.18706594996471E+18
5790	4.20250947449253E+18
5800	4.21682011007799E+18
5810	4.23002597931875E+18
5820	4.24215570580174E+18
5830	4.25323832745071E+18
5840	4.26330321598872E+18
5850	4.27238000241209E+18
5860	4.28050069363793E+18
5870	4.28771568143708E+18
5880	4.29408377141602E+18
5890	4.29966268581215E+18
5900	4.30450894820565E+18
5910	4.30867785438673E+18
5920	4.31222345645129E+18
5930	4.31519855906018E+18
5940	4.31765472687155E+18
5950	4.31964230223498E+18
5960	4.32121395206704E+18
5970	4.32243473238922E+18
5980	4.32337102587903E+18
5990	4.32408706990828E+18
6000	4.32464501880484E+18
6010	4.32510501296488E+18
6020	4.32552525394268E+18
6030	4.32596208478049E+18
6040	4.3264700749699E+18
6050	4.32710210955699E+18
6060	4.32790900337467E+18
6070	4.32893743980916E+18
6080	4.33023130250825E+18
6090	4.3318324019137E+18
6100	4.33378048871282E+18
6110	4.33611326475785E+18
6120	4.33886639125473E+18
6130	4.34207349377881E+18
6140	4.34576616373811E+18
6150	4.34997395596649E+18
6160	4.35472386767226E+18
6170	4.36002829887393E+18
6180	4.36588481436041E+18
6190	4.37228860234739E+18
6200	4.37923299078964E+18
6210	4.38670936058379E+18
6220	4.39470706061079E+18
6230	4.40321332491721E+18
6240	4.41221319245331E+18
6250	4.42168942990552E+18
6260	4.43162245828188E+18
6270	4.4419887680355E+18
6280	4.45274649827831E+18
6290	4.46384309723054E+18
6300	4.4752254899343E+18
6310	4.48684023286369E+18
6320	4.49863353665157E+18
6330	4.51055130037239E+18
6340	4.52253915746977E+18
6350	4.53454253335353E+18
6360	4.54650671461632E+18
6370	4.55837692973527E+18
6380	4.57009822482717E+18
6390	4.58161122434327E+18
6400	4.59285363767532E+18
6410	4.60376556437983E+18
6420	4.61428983210805E+18
6430	4.62437211015534E+18
6440	4.63396101344383E+18
6450	4.64300819511557E+18
6460	4.65146842605256E+18
6470	4.65929965981148E+18
6480	4.66646308166205E+18
6490	4.67292314064646E+18
6500	4.67864807709977E+18
6510	4.68361222595956E+18
6520	4.68779449751009E+18
6530	4.69117749595439E+18
6540	4.69374741779567E+18
6550	4.69549392907266E+18
6560	4.69641002239303E+18
6570	4.69649185545304E+18
6580	4.69573857301886E+18
6590	4.69415211459218E+18
6600	4.69173701018237E+18
6610	4.68850016675773E+18
6620	4.68445128048537E+18
6630	4.67960537091707E+18
6640	4.67398005801586E+18
6650	4.66759412623074E+18
6660	4.66046733055728E+18
6670	4.65262020941827E+18
6680	4.64407390491188E+18
6690	4.63484999189024E+18
6700	4.62497031713243E+18
6710	4.61445684966476E+18
6720	4.603331543063E+18
6730	4.59161621035068E+18
6740	4.57933244311132E+18
6750	4.56650253425211E+18
6760	4.55314950029567E+18
6770	4.5392957045441E+18
6780	4.52496274239745E+18
6790	4.51017142063353E+18
6800	4.49494174509588E+18
6810	4.47929291608943E+18
6820	4.46324333075484E+18
6830	4.4468105916774E+18
6840	4.43001152098425E+18
6850	4.41286217919313E+18
6860	4.39537788809482E+18
6870	4.37757328120751E+18
6880	4.35946295275415E+18
6890	4.34106149465969E+18
6900	4.32238283023651E+18
6910	4.30344021967065E+18
6920	4.28424630163175E+18
6930	4.26481313369229E+18
6940	4.24515223133797E+18
6950	4.22527460539515E+18
6960	4.20519079774163E+18
6970	4.1849109152037E+18
6980	4.16444466157529E+18
6990	4.14380136772398E+18
7000	4.12299001977437E+18
7010	4.1020202978296E+18
7020	4.0809055072382E+18
7030	4.05965946236893E+18
7040	4.03829550241863E+18
7050	4.01682650838731E+18
7060	3.99526491883744E+18
7070	3.97362274453929E+18
7080	3.95191158210088E+18
7090	3.93014262667677E+18
7100	3.90832668384537E+18
7110	3.88647418073881E+18
7120	3.86459517650442E+18
7130	3.84269937217087E+18
7140	3.82079611998676E+18
7150	3.79889706264431E+18
7160	3.77702366182045E+18
7170	3.75519900857072E+18
7180	3.73344522815598E+18
7190	3.71178349873113E+18
7200	3.69023407296129E+18
7210	3.66881630231145E+18
7220	3.64754866376392E+18
7230	3.62644878872572E+18
7240	3.60553349389762E+18
7250	3.58481881388529E+18
7260	3.56432003534333E+18
7270	3.54405173245271E+18
7280	3.52402780354258E+18
7290	3.50426169866673E+18
7300	3.48477231141122E+18
7310	3.46558485838739E+18
7320	3.44672394444713E+18
7330	3.42821321693519E+18
7340	3.41007545225824E+18
7350	3.39233264552539E+18
7360	3.37500610276796E+18
7370	3.35811653528147E+18
7380	3.34168415566428E+18
7390	3.32572877515543E+18
7400	3.31026990189669E+18
7410	3.2953268397601E+18
7420	3.28091878739123E+18
7430	3.26706493711824E+18
7440	3.25378450901428E+18
7450	3.24108953096322E+18
7460	3.2289783495925E+18
7470	3.2174483876182E+18
7480	3.20649773119663E+18
7490	3.1961251029005E+18
7500	3.18632983401163E+18
7510	3.17711183589007E+18
7520	3.16847157015565E+18
7530	3.16041001739257E+18
7540	3.15292864406132E+18
7550	3.1460293672742E+18
7560	3.13971451706175E+18
7570	3.13398679572669E+18
7580	3.12884923385003E+18
7590	3.12430514248139E+18
7600	3.12035770344745E+18
7610	3.1169985666125E+18
7620	3.11420535063277E+18
7630	3.11195466200661E+18
7640	3.11022281065298E+18
7650	3.10898571239805E+18
7660	3.10821880418775E+18
7670	3.10789697221895E+18
7680	3.10799449320982E+18
7690	3.10848498903828E+18
7700	3.10934139496505E+18
7710	3.11053594162507E+18
7720	3.11204015091743E+18
7730	3.11382484584998E+18
7740	3.11586017430201E+18
7750	3.11811564655644E+18
7760	3.12056018632565E+18
7770	3.12316314244563E+18
7780	3.12589826205397E+18
7790	3.12874045348865E+18
7800	3.13166430495057E+18
7810	3.13464415547624E+18
7820	3.13765417312491E+18
7830	3.1406684390939E+18
7840	3.14366103704818E+18
7850	3.14660614685793E+18
7860	3.14947814185185E+18
7870	3.15225168861809E+18
7880	3.15490184831975E+18
7890	3.15740417844071E+18
7900	3.15973483384149E+18
7910	3.16187066598577E+18
7920	3.16378931919679E+18
7930	3.16546932281982E+18
7940	3.16689064611078E+18
7950	3.1680395750657E+18
7960	3.1689066013465E+18
7970	3.16948304079871E+18
7980	3.16976099741066E+18
7990	3.16973337816904E+18
8000	3.1693939037741E+18
8010	3.16873711517559E+18
8020	3.16775837593024E+18
8030	3.16645387041963E+18
8040	3.164820598005E+18
8050	3.16285636323065E+18
8060	3.16055976222138E+18
8070	3.15793016544981E+18
8080	3.1549676970776E+18
8090	3.15167321109939E+18
8100	3.14804826453952E+18
8110	3.14409508796973E+18
8120	3.13981667383133E+18
8130	3.13521811580872E+18
8140	3.1303059709505E+18
8150	3.12508714777079E+18
8160	3.11956884936353E+18
8170	3.11375853845258E+18
8180	3.10766390323205E+18
8190	3.10129282413446E+18
8200	3.09465334164923E+18
8210	3.08775362529901E+18
8220	3.08060194386638E+18
8230	3.07320663694851E+18
8240	3.06557608790339E+18
8250	3.05771869823718E+18
8260	3.04964286346905E+18
8270	3.04135695049748E+18
8280	3.03286927648014E+18
8290	3.02418808922841E+18
8300	3.01532154910787E+18
8310	3.00627775370162E+18
8320	2.99706500337212E+18
8330	2.98769158731379E+18
8340	2.97816560669345E+18
8350	2.96849496538878E+18
8360	2.95868736310253E+18
8370	2.94875028970612E+18
8380	2.93869102073443E+18
8390	2.92851661395418E+18
8400	2.91823390692857E+18
8410	2.90784951550253E+18
8420	2.89736983313415E+18
8430	2.88680103100023E+18
8440	2.87614905880617E+18
8450	2.86541964623298E+18
8460	2.85461830495715E+18
8470	2.84375033118213E+18
8480	2.83282080862321E+18
8490	2.82183461189093E+18
8500	2.81079641022139E+18
8510	2.79971068759195E+18
8520	2.78858179179794E+18
8530	2.777413887389E+18
8540	2.76621094477563E+18
8550	2.75497674560636E+18
8560	2.74371488822208E+18
8570	2.732428793158E+18
8580	2.7211217086662E+18
8590	2.70979671623475E+18
8600	2.69845673608195E+18
8610	2.68710453260667E+18
8620	2.67574271977811E+18
8630	2.66437376645047E+18
8640	2.65300000158998E+18
8650	2.64162361940355E+18
8660	2.63024668436011E+18
8670	2.6188711360971E+18
8680	2.60749879420622E+18
8690	2.59613136289365E+18
8700	2.58477043551118E+18
8710	2.5734174986507E+18
8720	2.56207390763766E+18
8730	2.55074086871613E+18
8740	2.53941949194735E+18
8750	2.528110800376E+18
8760	2.51681573335375E+18
8770	2.50553514975646E+18
8780	2.49426983109624E+18
8790	2.48302048453022E+18
8800	2.47178774576805E+18
8810	2.46057218188064E+18
8820	2.44937429401291E+18
8830	2.43819452000344E+18
8840	2.42703323691438E+18
8850	2.4158907634748E+18
8860	2.40476736244123E+18
8870	2.3936632428789E+18
8880	2.38257856236735E+18
8890	2.37151342913447E+18
8900	2.36046790412252E+18
8910	2.34944200299029E+18
8920	2.33843569805501E+18
8930	2.32744892439887E+18
8940	2.31648167155287E+18
8950	2.30553398254508E+18
8960	2.29460586653167E+18
8970	2.28369729715332E+18
8980	2.27280821475879E+18
8990	2.26193852855736E+18
9000	2.25108811870457E+18
9010	2.24025683832546E+18
9020	2.22944451547946E+18
9030	2.21865095507048E+18
9040	2.20787594070593E+18
9050	2.19711923650779E+18
9060	2.18638058887881E+18
9070	2.17565972822671E+18
9080	2.16495637064865E+18
9090	2.15427021957865E+18
9100	2.14360096739975E+18
9110	2.13294829702282E+18
9120	2.12231188343376E+18
9130	2.11169139521031E+18
9140	2.10108649600978E+18
9150	2.09049684602866E+18
9160	2.07992208614048E+18
9170	2.06936161799811E+18
9180	2.058814667956E+18
9190	2.04828045645711E+18
9200	2.03775820282793E+18
9210	2.02724712621039E+18
9220	2.01674644653046E+18
9230	2.00625538550338E+18
9240	1.99577316767571E+18
9250	1.98529902150383E+18
9260	1.97483218046896E+18
9270	1.96437188422787E+18
9280	1.95391737979894E+18
9290	1.94346792278269E+18
9300	1.93302277861588E+18
9310	1.92258122385793E+18
9320	1.91214254750846E+18
9330	1.90170605235435E+18
9340	1.8912710563446E+18
9350	1.88083689399104E+18
9360	1.87040291779277E+18
9370	1.85996849968204E+18
9380	1.84953303248885E+18
9390	1.83909593142163E+18
9400	1.82865689418941E+18
9410	1.81822079012357E+18
9420	1.80779731331767E+18
9430	1.79739646888091E+18
9440	1.78702838625091E+18
9450	1.77670330259048E+18
9460	1.7664315425358E+18
9470	1.75622349488154E+18
9480	1.74608958677662E+18
9490	1.73604025598448E+18
9500	1.72608592173399E+18
9510	1.71623695465231E+18
9520	1.70650364622924E+18
9530	1.69689617821515E+18
9540	1.68742459230203E+18
9550	1.67809876038032E+18
9560	1.66892835560522E+18
9570	1.65992282444402E+18
9580	1.65109135981423E+18
9590	1.64244287535937E+18
9600	1.63398598084822E+18
9610	1.62572895862308E+18
9620	1.61767974096524E+18
9630	1.60984588819102E+18
9640	1.60223456724048E+18
9650	1.59485252806425E+18
9660	1.58770483884586E+18
9670	1.58079288155001E+18
9680	1.5741171578281E+18
9690	1.56767782681383E+18
9700	1.56147470139659E+18
9710	1.55550724282062E+18
9720	1.5497745534864E+18
9730	1.54427536784734E+18
9740	1.53900804131276E+18
9750	1.53397053708888E+18
9760	1.52916041091327E+18
9770	1.52457479366544E+18
9780	1.52021037186779E+18
9790	1.51606336612793E+18
9800	1.51212950761582E+18
9810	1.5084040127187E+18
9820	1.50488155607361E+18
9830	1.50155624224321E+18
9840	1.49842157637541E+18
9850	1.49547043427297E+18
9860	1.49269503239556E+18
9870	1.49008689842468E+18
9880	1.48763684314111E+18
9890	1.48533493449572E+18
9900	1.48317047489552E+18
9910	1.48113198287718E+18
9920	1.47920710993265E+18
9930	1.47737879101212E+18
9940	1.47562386086941E+18
9950	1.47391918138416E+18
9960	1.47224229324616E+18
9970	1.47057153999104E+18
9980	1.46888619352005E+18
9990	1.46716657905223E+18
10000	1.46539419719256E+18
10010	1.46355184059897E+18
10020	1.46162370260542E+18
10030	1.45959547511719E+18
10040	1.45745443314727E+18
10050	1.45518950351347E+18
10060	1.45279131546688E+18
10070	1.45025223137133E+18
10080	1.44756635599239E+18
10090	1.44472952347211E+18
10100	1.44173926164517E+18
10110	1.43859473397145E+18
10120	1.43529665999621E+18
10130	1.43184721587382E+18
10140	1.42824991707762E+18
10150	1.42450948593905E+18
10160	1.42063170708988E+18
10170	1.41662327420065E+18
10180	1.4124916316016E+18
10190	1.40824481443032E+18
10200	1.40389129087179E+18
10210	1.39943997818959E+18
10220	1.39490045066093E+18
10230	1.39028210583558E+18
10240	1.38559392649251E+18
10250	1.38084444972499E+18
10260	1.37604174326519E+18
10270	1.37119338882994E+18
10280	1.36630647215848E+18
10290	1.36138757931628E+18
10300	1.35644279875923E+18
10310	1.35147772859042E+18
10320	1.34649748839697E+18
10330	1.34150673502831E+18
10340	1.33650968166709E+18
10350	1.33151011955024E+18
10360	1.32651144171772E+18
10370	1.32151666819852E+18
10380	1.31652847208576E+18
10390	1.31154920600249E+18
10400	1.30658092851542E+18
10410	1.30162543011184E+18
10420	1.29668425841575E+18
10430	1.29175874237787E+18
10440	1.28685001523196E+18
10450	1.28195903606355E+18
10460	1.27708660988676E+18
10470	1.27223340616938E+18
10480	1.26739997578483E+18
10490	1.2625867664033E+18
10500	1.25779413636105E+18
10510	1.25302236732116E+18
10520	1.24827167567587E+18
10530	1.24354222112267E+18
10540	1.23883411522798E+18
10550	1.23414742912643E+18
10560	1.22948220013484E+18
10570	1.22483843740774E+18
10580	1.22021612675188E+18
10590	1.21561523470706E+18
10600	1.21103571199059E+18
10610	1.20647749639287E+18
10620	1.20194051520184E+18
10630	1.1974246872253E+18
10640	1.19292992447131E+18
10650	1.18845613353959E+18
10660	1.18400321676943E+18
10670	1.17957107318342E+18
10680	1.17515959926078E+18
10690	1.17076868956879E+18
10700	1.16639823727678E+18
10710	1.16204813457315E+18
10720	1.15771827300241E+18
10730	1.15340854373698E+18
10740	1.14911883779535E+18
10750	1.14484904621669E+18
10760	1.14059906020009E+18
10770	1.1363687712151E+18
10780	1.1321580710891E+18
10790	1.12796685207601E+18
10800	1.12379500691E+18
10810	1.11964242884717E+18
10820	1.11550901169767E+18
10830	1.11139464985008E+18
10840	1.10729923828978E+18
10850	1.10322267261222E+18
10860	1.09916484903259E+18
10870	1.09512566439239E+18
10880	1.09110501616361E+18
10890	1.087102802451E+18
10900	1.0831189219929E+18
10910	1.07915327416082E+18
10920	1.07520575895816E+18
10930	1.07127627701827E+18
10940	1.06736472960186E+18
10950	1.06347101859405E+18
10960	1.05959504650112E+18
10970	1.05573671644696E+18
10980	1.05189593216933E+18
10990	1.04807259801606E+18
11000	1.04426661894107E+18
11010	1.04047790050034E+18
11020	1.03670634884787E+18
11030	1.03295187073157E+18
11040	1.02921437348911E+18
11050	1.02549376504385E+18
11060	1.0217899539007E+18
11070	1.01810284914201E+18
11080	1.01443236042345E+18
11090	1.01077839797001E+18
11100	1.00714087257186E+18
11110	1.00351969558038E+18
11120	9.999147789041E+17
11130	9.96326035004792E+17
11140	9.9275337689346E+17
11150	9.89196718126447E+17
11160	9.85655972801531E+17
11170	9.82131055554064E+17
11180	9.78621881553138E+17
11190	9.7512836649778E+17
11200	9.71650426613173E+17
11210	9.68187978646913E+17
11220	9.64740939865289E+17
11230	9.61309228049597E+17
11240	9.57892761492481E+17
11250	9.54491458994301E+17
11260	9.51105239859535E+17
11270	9.47734023893203E+17
11280	9.44377731397324E+17
11290	9.410362831674E+17
11300	9.37709600488928E+17
11310	9.34397605133935E+17
11320	9.31100219357551E+17
11330	9.27817365894596E+17
11340	9.24548967956206E+17
11350	9.21294949226477E+17
11360	9.1805523385914E+17
11370	9.14829746474262E+17
11380	9.11618412154969E+17
11390	9.08421156444201E+17
11400	9.05237905341491E+17
11410	9.02068585299763E+17
11420	8.98913123222162E+17
11430	8.95771446458911E+17
11440	8.92643482804182E+17
11450	8.89529160493003E+17
11460	8.86428408198184E+17
11470	8.83341155027266E+17
11480	8.80267330519495E+17
11490	8.77206864642824E+17
11500	8.7415968779093E+17
11510	8.71125730780263E+17
11520	8.68104924847108E+17
11530	8.65097201644684E+17
11540	8.6210249324025E+17
11550	8.59120732112247E+17
11560	8.56151851147448E+17
11570	8.53195783638149E+17
11580	8.50252463279361E+17
11590	8.47321824166042E+17
11600	8.44403800790336E+17
11610	8.41498328038843E+17
11620	8.38605341189905E+17
11630	8.3572477591092E+17
11640	8.32856568255662E+17
11650	8.3000065466164E+17
11660	8.27156971947465E+17
11670	8.2432545731024E+17
11680	8.21506048322971E+17
11690	8.18698682932002E+17
11700	8.15903299454457E+17
11710	8.13119836575722E+17
11720	8.10348233346923E+17
11730	8.07588429182441E+17
11740	8.04840363857439E+17
11750	8.02103977505409E+17
11760	7.99379210615733E+17
11770	7.96666004031277E+17
11780	7.93964298945982E+17
11790	7.91274036902494E+17
11800	7.88595159789795E+17
11810	7.85927609840868E+17
11820	7.83271329630367E+17
11830	7.80626262072307E+17
11840	7.77992350417781E+17
11850	7.75369538252681E+17
11860	7.72757769495444E+17
11870	7.70156988394818E+17
11880	7.67567139527633E+17
11890	7.64988167796602E+17
11900	7.62420018428129E+17
11910	7.59862636970144E+17
11920	7.57315969289938E+17
11930	7.54779961572033E+17
11940	7.52254560316055E+17
11950	7.49739712334626E+17
11960	7.47235364751276E+17
11970	7.44741464998365E+17
11980	7.42257960815027E+17
11990	7.39784800245122E+17
12000	7.37321931635206E+17
12010	7.34869303632521E+17
12020	7.32426865182994E+17
12030	7.29994565529254E+17
12040	7.2757235420866E+17
12050	7.25160181051353E+17
12060	7.22757996178306E+17
12070	7.20365749999407E+17
12080	7.17983393211547E+17
12090	7.15610876796718E+17
12100	7.13248152020132E+17
12110	7.10895170428355E+17
12120	7.08551883847447E+17
12130	7.06218244381124E+17
12140	7.03894204408927E+17
12150	7.01579716584407E+17
12160	6.99274733833326E+17
12170	6.96979209351866E+17
12180	6.94693096604854E+17
12190	6.92416349324001E+17
12200	6.90148921506149E+17
12210	6.87890767411533E+17
12220	6.85641841562061E+17
12230	6.83402098739593E+17
12240	6.81171493984246E+17
12250	6.78949982592702E+17
12260	6.76737520116528E+17
12270	6.74534062360514E+17
12280	6.72339565381012E+17
12290	6.70153985484294E+17
12300	6.67977279224916E+17
12310	6.65809403404093E+17
12320	6.63650315068086E+17
12330	6.61499971506588E+17
12340	6.59358330251136E+17
12350	6.57225349073512E+17
12360	6.55100985984167E+17
12370	6.52985199230639E+17
12380	6.50877947295986E+17
12390	6.48779188897215E+17
12400	6.46688882983722E+17
12410	6.44606988735727E+17
12420	6.42533465562713E+17
12430	6.40468273101861E+17
12440	6.38411371216486E+17
12450	6.36362719994457E+17
12460	6.34322279746619E+17
12470	6.32290011005193E+17
12480	6.30265874522168E+17
12490	6.28249831267665E+17
12500	6.26241842428282E+17
12510	6.24241869405402E+17
12520	6.22249873813469E+17
12530	6.20265817478217E+17
12540	6.18289662434845E+17
12550	6.16321370926129E+17
12560	6.1436090540046E+17
12570	6.12408228509802E+17
12580	6.10463303107539E+17
12590	6.08526092246212E+17
12600	6.06596559175124E+17
12610	6.0467466733778E+17
12620	6.0276038036916E+17
12630	6.00853662092782E+17
12640	5.98954476517529E+17
12650	5.9706278783421E+17
12660	5.95178560411824E+17
12670	5.93301758793464E+17
12680	5.91432347691845E+17
12690	5.89570291984374E+17
12700	5.87715556707725E+17
12710	5.85868107051852E+17
12720	5.84027908353353E+17
12730	5.82194926088135E+17
12740	5.80369125863262E+17
12750	5.78550473407918E+17
12760	5.76738934563379E+17
12770	5.74934475271926E+17
12780	5.73137061564434E+17
12790	5.71346659546608E+17
12800	5.69563235383698E+17
12810	5.67786755283544E+17
12820	5.66017185477763E+17
12830	5.6425449220089E+17
12840	5.62498641667289E+17
12850	5.60749600045595E+17
12860	5.5900733343048E+17
12870	5.57271807811483E+17
12880	5.55542989038657E+17
12890	5.53820842784746E+17
12900	5.52105334503617E+17
12910	5.50396429384636E+17
12920	5.48694092302677E+17
12930	5.4699828776343E+17
12940	5.4530897984367E+17
12950	5.43626132126152E+17
12960	5.41949707628738E+17
12970	5.40279668727441E+17
12980	5.38615977072965E+17
12990	5.36958593500419E+17
13000	5.35307477931799E+17
13010	5.33662589270897E+17
13020	5.32023885290278E+17
13030	5.30391322509974E+17
13040	5.2876485606758E+17
13050	5.27144439579448E+17
13060	5.25530024992699E+17
13070	5.23921562427807E+17
13080	5.22319000011561E+17
13090	5.20722283700235E+17
13100	5.19131357092845E+17
13110	5.17546161234466E+17
13120	5.15966634409583E+17
13130	5.14392711925574E+17
13140	5.12824325886475E+17
13150	5.11261404957247E+17
13160	5.09703874118882E+17
13170	5.0815165441475E+17
13180	5.06604662688713E+17
13190	5.05062811315602E+17
13200	5.03526007924807E+17
13210	5.01994155117799E+17
13220	5.00467150180532E+17
13230	4.98944884755844E+17
13240	4.97427244267624E+17
13250	4.95914107658263E+17
13260	4.94405347164054E+17
13270	4.92900827981807E+17
13280	4.91400407933434E+17
13290	4.89903937130669E+17
13300	4.88411257641633E+17
13310	4.86922203161012E+17
13320	4.85436598685783E+17
13330	4.83954260198511E+17
13340	4.82474994360367E+17
13350	4.80998598216112E+17
13360	4.79524858913369E+17
13370	4.7805355343863E+17
13380	4.76584448372473E+17
13390	4.75117299666545E+17
13400	4.73651852444914E+17
13410	4.72187840832406E+17
13420	4.70724987812573E+17
13430	4.69263005117932E+17
13440	4.67801593155063E+17
13450	4.66340440967155E+17
13460	4.64879226236499E+17
13470	4.63417615329332E+17
13480	4.61955263385357E+17
13490	4.60491814454123E+17
13500	4.59026901680294E+17
13510	4.57560147539675E+17
13520	4.56091164127668E+17
13530	4.5461955350161E+17
13540	4.53144908078241E+17
13550	4.51666811087248E+17
13560	4.50184837081616E+17
13570	4.48698552505205E+17
13580	4.4720751631766E+17
13590	4.45711280676486E+17
13600	4.44209391675756E+17
13610	4.42701390140618E+17
13620	4.41186812476409E+17
13630	4.39665191570855E+17
13640	4.38136057747477E+17
13650	4.36598939768001E+17
13660	4.35053365881199E+17
13670	4.33498864915292E+17
13680	4.31934967410684E+17
13690	4.30361206789518E+17
13700	4.28777120558213E+17
13710	4.27182251538895E+17
13720	4.25576149125333E+17
13730	4.23958370558786E+17
13740	4.22328582011351E+17
13750	4.20686983894492E+17
13760	4.19034042384354E+17
13770	4.17370355139011E+17
13780	4.15696654077275E+17
13790	4.14013806807825E+17
13800	4.12322816632893E+17
13810	4.10624821114046E+17
13820	4.08921089213889E+17
13830	4.0721301705296E+17
13840	4.05502122344701E+17
13850	4.0379003759274E+17
13860	4.02078502153093E+17
13870	4.00369353278915E+17
13880	3.9866451627682E+17
13890	3.96965993911377E+17
13900	3.95275855198163E+17
13910	3.9359622372581E+17
13920	3.91929265644044E+17
13930	3.90277177448047E+17
13940	3.88642173680042E+17
13950	3.8702647465705E+17
13960	3.85432294319998E+17
13970	3.83861828283977E+17
13980	3.82317242153163E+17
13990	3.80800660146956E+17
14000	3.79314154066903E+17
14010	3.77859732617153E+17
14020	3.76439331075037E+17
14030	3.75054801293154E+17
14040	3.73707902000336E+17
14050	3.72400289356379E+17
14060	3.71133507704628E+17
14070	3.69908980457696E+17
14080	3.6872800104491E+17
14090	3.67591723845785E+17
14100	3.6650115503215E+17
14110	3.65457143242758E+17
14120	3.64460370018584E+17
14130	3.63511339934944E+17
14140	3.62610370378434E+17
14150	3.61757580932956E+17
14160	3.6095288236036E+17
14170	3.60195965188028E+17
14180	3.59486287948767E+17
14190	3.58823065158319E+17
14200	3.58205255163378E+17
14210	3.57631548048839E+17
14220	3.57100353857656E+17
14230	3.56609791450524E+17
14240	3.56157678415544E+17
14250	3.55741522529725E+17
14260	3.55358515373365E+17
14270	3.55005528802922E+17
14280	3.5467911509441E+17
14290	3.54375174159432E+17
14300	3.54088100043954E+17
14310	3.53811995882758E+17
14320	3.53541071179489E+17
14330	3.53269697564361E+17
14340	3.52992465956427E+17
14350	3.52704244263183E+17
14360	3.52400234529192E+17
14370	3.5207602824338E+17
14380	3.51727658344452E+17
14390	3.51351646339545E+17
14400	3.50945042887074E+17
14410	3.50505460204431E+17
14420	3.50031094756495E+17
14430	3.49520738870173E+17
14440	3.48973780206822E+17
14450	3.48390188405704E+17
14460	3.47770488677097E+17
14470	3.47115722655077E+17
14480	3.46427397390479E+17
14490	3.45707423940403E+17
14500	3.44958047552468E+17
14510	3.44181771907899E+17
14520	3.43381280236829E+17
14530	3.42559356316284E+17
14540	3.41718808380719E+17
14550	3.40862398804463E+17
14560	3.39992782059411E+17
14570	3.39112452931672E+17
14580	3.38223706336217E+17
14590	3.3732860935085E+17
14600	3.3642898536043E+17
14610	3.35526409521231E+17
14620	3.34622214179996E+17
14630	3.33717502456871E+17
14640	3.32813167952528E+17
14650	3.31909918473904E+17
14660	3.31008301776416E+17
14670	3.30108731562517E+17
14680	3.29211512314757E+17
14690	3.28316861928478E+17
14700	3.27424931499295E+17
14710	3.2653582197519E+17
14720	3.25649597675401E+17
14730	3.24766296894056E+17
14740	3.2388593994381E+17
14750	3.2300853506094E+17
14760	3.22134082602786E+17
14770	3.21262577937464E+17
14780	3.20394013371087E+17
14790	3.19528379393061E+17
14800	3.18665665455767E+17
14810	3.17805860447604E+17
14820	3.16948952971098E+17
14830	3.16094931501352E+17
14840	3.15243784473497E+17
14850	3.14395500329443E+17
14860	3.13550067542049E+17
14870	3.12707474627171E+17
14880	3.11867710149423E+17
14890	3.11030762724761E+17
14900	3.10196621021529E+17
14910	3.09365273760769E+17
14920	3.08536709716201E+17
14930	3.07710917714047E+17
14940	3.06887886632802E+17
14950	3.06067605402969E+17
14960	3.05250063006792E+17
14970	3.04435248477979E+17
14980	3.03623150901431E+17
14990	3.02813759412968E+17
15000	3.02007063199062E+17
15010	3.01203051496559E+17
15020	3.00401713592421E+17
15030	2.99603038823451E+17
15040	2.98807016576034E+17
15050	2.98013636285871E+17
15060	2.97222887437716E+17
15070	2.9643475956512E+17
15080	2.95649242250168E+17
15090	2.94866325123226E+17
15100	2.94085997862682E+17
15110	2.93308250194693E+17
15120	2.92533071892934E+17
15130	2.91760452778346E+17
15140	2.90990382718886E+17
15150	2.90222851629278E+17
15160	2.8945784947077E+17
15170	2.88695366250886E+17
15180	2.87935392023183E+17
15190	2.87177916887008E+17
15200	2.8642293098726E+17
15210	2.85670424514146E+17
15220	2.8492038770295E+17
15230	2.84172810833787E+17
15240	2.83427684231379E+17
15250	2.8268499826481E+17
15260	2.81944743347303E+17
15270	2.81206909935984E+17
15280	2.80471488531651E+17
15290	2.79738469678553E+17
15300	2.79007843964153E+17
15310	2.78279602018912E+17
15320	2.77553734516058E+17
15330	2.76830232171364E+17
15340	2.76109085742932E+17
15350	2.75390286030964E+17
15360	2.74673823877548E+17
15370	2.73959690166443E+17
15380	2.73247875822854E+17
15390	2.72538371813225E+17
15400	2.7183116914502E+17
15410	2.71126258866512E+17
15420	2.70423632066572E+17
15430	2.69723279874458E+17
15440	2.69025193459606E+17
15450	2.68329364031421E+17
15460	2.67635782839074E+17
15470	2.66944441171291E+17
15480	2.66255330356156E+17
15490	2.65568441760899E+17
15500	2.64883766791702E+17
15510	2.64201296893496E+17
15520	2.63521023549758E+17
15530	2.62842938282317E+17
15540	2.62167032651156E+17
15550	2.61493298254212E+17
15560	2.60821726727186E+17
15570	2.60152309743349E+17
15580	2.59485039013344E+17
15590	2.58819906284999E+17
15600	2.58156903343137E+17
15610	2.57496022009384E+17
15620	2.5683725414198E+17
15630	2.56180591635596E+17
15640	2.55526026421143E+17
15650	2.54873550465592E+17
15660	2.54223155771784E+17
15670	2.53574834378253E+17
15680	2.52928578359038E+17
15690	2.52284379823509E+17
15700	2.5164223091618E+17
15710	2.51002123816538E+17
15720	2.50364050738857E+17
15730	2.49728003932027E+17
15740	2.49093975679376E+17
15750	2.48461958298496E+17
15760	2.47831944141069E+17
15770	2.47203925592693E+17
15780	2.46577895072713E+17
15790	2.45953845034047E+17
15800	2.45331767963019E+17
15810	2.44711656379188E+17
15820	2.44093502835181E+17
15830	2.43477299916526E+17
15840	2.42863040241487E+17
15850	2.42250716460895E+17
15860	2.41640321257991E+17
15870	2.41031847348254E+17
15880	2.40425287479247E+17
15890	2.3982063443045E+17
15900	2.39217881013101E+17
15910	2.38617020070039E+17
15920	2.38018044475542E+17
15930	2.3742094713517E+17
15940	2.3682572098561E+17
15950	2.36232358994517E+17
15960	2.35640854160363E+17
15970	2.35051199512278E+17
15980	2.344633881099E+17
15990	2.33877413043223E+17
16000	2.33293267432442E+17
16010	2.32710944427804E+17
16020	2.3213043720946E+17
16030	2.31551738987312E+17
16040	2.3097484300087E+17
16050	2.30399742519098E+17
16060	2.29826430840274E+17
16070	2.29254901291837E+17
16080	2.2868514723025E+17
16090	2.28117162040851E+17
16100	2.27550939137709E+17
16110	2.26986471963485E+17
16120	2.26423753989288E+17
16130	2.25862778714532E+17
16140	2.25303539666802E+17
16150	2.24746030401708E+17
16160	2.24190244502749E+17
16170	2.23636175581178E+17
16180	2.2308381727586E+17
16190	2.22533163253137E+17
16200	2.21984207206695E+17
16210	2.21436942857429E+17
16220	2.20891363953303E+17
16230	2.20347464269226E+17
16240	2.1980523760691E+17
16250	2.19264677794746E+17
16260	2.18725778687668E+17
16270	2.18188534167026E+17
16280	2.17652938140451E+17
16290	2.17118984541732E+17
16300	2.16586667330685E+17
16310	2.16055980493025E+17
16320	2.15526918040242E+17
16330	2.14999474009468E+17
16340	2.14473642463362E+17
16350	2.13949417489975E+17
16360	2.13426793202633E+17
16370	2.12905763739811E+17
16380	2.12386323265008E+17
16390	2.11868465966629E+17
16400	2.11352186057862E+17
16410	2.10837477776557E+17
16420	2.10324335385107E+17
16430	2.09812753170325E+17
16440	2.09302725443331E+17
16450	2.0879424653943E+17
16460	2.08287310817994E+17
16470	2.07781912662349E+17
16480	2.07278046479655E+17
16490	2.06775706700793E+17
16500	2.06274887780248E+17
16510	2.05775584195997E+17
16520	2.05277790449393E+17
16530	2.04781501065053E+17
16540	2.04286710590748E+17
16550	2.03793413597286E+17
16560	2.03301604678406E+17
16570	2.02811278450663E+17
16580	2.02322429553321E+17
16590	2.01835052648244E+17
16600	2.01349142419784E+17
16610	2.00864693574675E+17
16620	2.00381700841926E+17
16630	1.99900158972712E+17
16640	1.9942006274027E+17
16650	1.98941406939789E+17
16660	1.98464186388308E+17
16670	1.97988395924614E+17
16680	1.97514030409129E+17
16690	1.97041084723815E+17
16700	1.96569553772066E+17
16710	1.9609943247861E+17
16720	1.95630715789399E+17
16730	1.95163398671518E+17
16740	1.94697476113075E+17
16750	1.94232943123107E+17
16760	1.93769794731475E+17
16770	1.9330802598877E+17
16780	1.92847631966209E+17
16790	1.92388607755544E+17
16800	1.91930948468954E+17
16810	1.91474649238958E+17
16820	1.91019705218312E+17
16830	1.90566111579915E+17
16840	1.90113863516714E+17
16850	1.89662956241608E+17
16860	1.89213384987353E+17
16870	1.88765145006468E+17
16880	1.88318231571145E+17
16890	1.87872639973149E+17
16900	1.87428365523731E+17
16910	1.86985403553535E+17
16920	1.86543749412504E+17
16930	1.8610339846979E+17
16940	1.85664346113667E+17
16950	1.85226587751433E+17
16960	1.8479011880933E+17
16970	1.84354934732445E+17
16980	1.83921030984629E+17
16990	1.83488403048405E+17
17000	1.83057046424881E+17
17010	1.82626956633662E+17
17020	1.82198129212765E+17
17030	1.8177055971853E+17
17040	1.81344243725537E+17
17050	1.80919176826516E+17
17060	1.80495354632269E+17
17070	1.80072772771578E+17
17080	1.79651426891125E+17
17090	1.79231312655408E+17
17100	1.78812425746657E+17
17110	1.7839476186475E+17
17120	1.77978316727133E+17
17130	1.77563086068736E+17
17140	1.77149065641895E+17
17150	1.76736251216264E+17
17160	1.76324638578743E+17
17170	1.75914223533389E+17
17180	1.75505001901344E+17
17190	1.7509696952075E+17
17200	1.74690122246674E+17
17210	1.74284455951024E+17
17220	1.73879966522477E+17
17230	1.73476649866399E+17
17240	1.73074501904764E+17
17250	1.72673518576084E+17
17260	1.72273695835324E+17
17270	1.71875029653835E+17
17280	1.71477516019271E+17
17290	1.71081150935516E+17
17300	1.70685930422611E+17
17310	1.70291850516676E+17
17320	1.69898907269838E+17
17330	1.69507096750156E+17
17340	1.6911641504155E+17
17350	1.68726858243724E+17
17360	1.68338422472096E+17
17370	1.67951103857727E+17
17380	1.67564898547244E+17
17390	1.67179802702773E+17
17400	1.66795812501868E+17
17410	1.66412924137435E+17
17420	1.6603113381767E+17
17430	1.65650437765979E+17
17440	1.65270832220917E+17
17450	1.64892313436112E+17
17460	1.64514877680203E+17
17470	1.64138521236762E+17
17480	1.63763240404235E+17
17490	1.63389031495868E+17
17500	1.63015890839643E+17
17510	1.62643814778208E+17
17520	1.6227279966881E+17
17530	1.61902841883232E+17
17540	1.61533937807723E+17
17550	1.61166083842934E+17
17560	1.60799276403852E+17
17570	1.60433511919733E+17
17580	1.60068786834043E+17
17590	1.59705097604384E+17
17600	1.59342440702439E+17
17610	1.58980812613903E+17
17620	1.58620209838421E+17
17630	1.58260628889522E+17
17640	1.57902066294562E+17
17650	1.57544518594655E+17
17660	1.57187982344615E+17
17670	1.56832454112892E+17
17680	1.56477930481511E+17
17690	1.56124408046012E+17
17700	1.55771883415385E+17
17710	1.55420353212014E+17
17720	1.55069814071612E+17
17730	1.54720262643167E+17
17740	1.54371695588875E+17
17750	1.54024109584086E+17
17760	1.53677501317242E+17
17770	1.5333186748982E+17
17780	1.52987204816271E+17
17790	1.52643510023964E+17
17800	1.52300779853127E+17
17810	1.51959011056788E+17
17820	1.51618200400721E+17
17830	1.51278344663386E+17
17840	1.50939440635872E+17
17850	1.50601485121842E+17
17860	1.50264474937477E+17
17870	1.49928406911419E+17
17880	1.49593277884713E+17
17890	1.49259084710757E+17
17900	1.48925824255243E+17
17910	1.48593493396101E+17
17920	1.4826208902345E+17
17930	1.47931608039536E+17
17940	1.47602047358686E+17
17950	1.47273403907246E+17
17960	1.46945674623536E+17
17970	1.4661885645779E+17
17980	1.46292946372105E+17
17990	1.4596794134039E+17
18000	1.45643838348313E+17
18010	1.45320634393246E+17
18020	1.44998326484216E+17
18030	1.44676911641855E+17
18040	1.44356386898342E+17
18050	1.44036749297358E+17
18060	1.43717995894035E+17
18070	1.434001237549E+17
18080	1.4308312995783E+17
18090	1.42767011591999E+17
18100	1.4245176575783E+17
18110	1.42137389566944E+17
18120	1.41823880142111E+17
18130	1.415112346172E+17
18140	1.41199450137132E+17
18150	1.4088852385783E+17
18160	1.40578452946169E+17
18170	1.40269234579933E+17
18180	1.39960865947761E+17
18190	1.39653344249103E+17
18200	1.39346666694172E+17
18210	1.39040830503893E+17
18220	1.38735832909864E+17
18230	1.38431671154302E+17
18240	1.38128342489998E+17
18250	1.37825844180273E+17
18260	1.3752417349893E+17
18270	1.37223327730209E+17
18280	1.36923304168741E+17
18290	1.36624100119501E+17
18300	1.36325712897767E+17
18310	1.36028139829071E+17
18320	1.35731378249155E+17
18330	1.35435425503928E+17
18340	1.35140278949421E+17
18350	1.34845935951742E+17
18360	1.34552393887034E+17
18370	1.34259650141429E+17
18380	1.33967702111007E+17
18390	1.3367654720175E+17
18400	1.33386182829502E+17
18410	1.33096606419923E+17
18420	1.32807815408451E+17
18430	1.32519807240253E+17
18440	1.32232579370188E+17
18450	1.31946129262765E+17
18460	1.31660454392099E+17
18470	1.31375552241867E+17
18480	1.31091420305276E+17
18490	1.30808056085009E+17
18500	1.30525457093195E+17
18510	1.30243620851363E+17
18520	1.29962544890401E+17
18530	1.29682226750518E+17
18540	1.29402663981202E+17
18550	1.29123854141182E+17
18560	1.28845794798386E+17
18570	1.28568483529903E+17
18580	1.28291917921941E+17
18590	1.28016095569791E+17
18600	1.27741014077789E+17
18610	1.2746667105927E+17
18620	1.27193064136539E+17
18630	1.26920190940824E+17
18640	1.26648049112245E+17
18650	1.26376636299768E+17
18660	1.26105950161175E+17
18670	1.25835988363021E+17
18680	1.25566748580599E+17
18690	1.25298228497901E+17
18700	1.25030425807582E+17
18710	1.24763338210923E+17
18720	1.24496963417794E+17
18730	1.24231299146615E+17
18740	1.23966343124323E+17
18750	1.23702093086336E+17
18760	1.23438546776512E+17
18770	1.23175701947118E+17
18780	1.22913556358792E+17
18790	1.2265210778051E+17
18800	1.22391353989544E+17
18810	1.22131292771434E+17
18820	1.21871921919951E+17
18830	1.21613239237058E+17
18840	1.2135524253288E+17
18850	1.21097929625669E+17
18860	1.20841298341765E+17
18870	1.20585346515568E+17
18880	1.203300719895E+17
18890	1.20075472613971E+17
18900	1.19821546247346E+17
18910	1.19568290755913E+17
18920	1.19315704013847E+17
18930	1.19063783903179E+17
18940	1.18812528313759E+17
18950	1.18561935143227E+17
18960	1.18312002296981E+17
18970	1.18062727688138E+17
18980	1.17814109237507E+17
18990	1.17566144873557E+17
19000	1.17318832532382E+17
19010	1.17072170157667E+17
19020	1.16826155700663E+17
19030	1.1658078712015E+17
19040	1.16336062382404E+17
19050	1.16091979461173E+17
19060	1.15848536337636E+17
19070	1.15605731000379E+17
19080	1.15363561445361E+17
19090	1.15122025675885E+17
19100	1.14881121702564E+17
19110	1.14640847543294E+17
19120	1.14401201223221E+17
19130	1.14162180774712E+17
19140	1.13923784237325E+17
19150	1.13686009657777E+17
19160	1.13448855089918E+17
19170	1.13212318594696E+17
19180	1.12976398240132E+17
19190	1.1274109210129E+17
19200	1.12506398260244E+17
19210	1.12272314806053E+17
19220	1.12038839834729E+17
19230	1.11805971449211E+17
19240	1.11573707759334E+17
19250	1.113420468818E+17
19260	1.11110986940152E+17
19270	1.10880526064742E+17
19280	1.10650662392708E+17
19290	1.10421394067939E+17
19300	1.10192719241054E+17
19310	1.0996463606937E+17
19320	1.09737142716874E+17
19330	1.09510237354197E+17
19340	1.09283918158587E+17
19350	1.09058183313881E+17
19360	1.08833031010477E+17
19370	1.08608459445307E+17
19380	1.08384466821811E+17
19390	1.08161051349911E+17
19400	1.07938211245981E+17
19410	1.07715944732824E+17
19420	1.07494250039643E+17
19430	1.07273125402016E+17
19440	1.07052569061871E+17
19450	1.06832579267456E+17
19460	1.06613154273316E+17
19470	1.06394292340267E+17
19480	1.06175991735371E+17
19490	1.05958250731907E+17
19500	1.05741067609349E+17
19510	1.05524440653339E+17
19520	1.05308368155662E+17
19530	1.05092848414221E+17
19540	1.04877879733013E+17
19550	1.046634604221E+17
19560	1.04449588797591E+17
19570	1.04236263181611E+17
19580	1.04023481902279E+17
19590	1.03811243293685E+17
19600	1.03599545695862E+17
19610	1.03388387454766E+17
19620	1.03177766922249E+17
19630	1.02967682456035E+17
19640	1.02758132419698E+17
19650	1.02549115182636E+17
19660	1.02340629120049E+17
19670	1.02132672612915E+17
19680	1.01925244047966E+17
19690	1.01718341817665E+17
19700	1.01511964320182E+17
19710	1.01306109959373E+17
19720	1.01100777144755E+17
19730	1.00895964291482E+17
19740	1.00691669820327E+17
19750	1.00487892157653E+17
19760	1.00284629735394E+17
19770	1.00081880991034E+17
19780	9.98796443675795E+16
19790	9.96779183135419E+16
19800	9.9476701282913E+16
19810	9.92759917351434E+16
19820	9.90757881351207E+16
19830	9.8876088953147E+16
19840	9.86768926649177E+16
19850	9.84781977514995E+16
19860	9.82800026993085E+16
19870	9.80823060000895E+16
19880	9.78851061508936E+16
19890	9.76884016540574E+16
19900	9.74921910171821E+16
19910	9.72964727531113E+16
19920	9.71012453799111E+16
19930	9.69065074208485E+16
19940	9.67122574043708E+16
19950	9.65184938640846E+16
19960	9.63252153387355E+16
19970	9.61324203721872E+16
19980	9.59401075134011E+16
19990	9.57482753164161E+16
20000	9.55569223403281E+16
