2000	1.93911847826949E+15
2010	2.05931073997344E+15
2020	2.18584153329148E+15
2030	2.31894601406103E+15
2040	2.45889943300876E+15
2050	2.60603031789858E+15
2060	2.76071924725572E+15
2070	2.92337871311593E+15
2080	3.09441795248706E+15
2090	3.27420841266702E+15
2100	3.46306167577174E+15
2110	3.66122841888356E+15
2120	3.86892746025303E+15
2130	4.08639685282235E+15
2140	4.31394944126482E+15
2150	4.55201523827817E+15
2160	4.80115918310844E+15
2170	5.06205793475578E+15
2180	5.3354280658681E+15
2190	5.62194593299144E+15
2200	5.92216775492341E+15
2210	6.23646583373969E+15
2220	6.56503929287059E+15
2230	6.90797103769331E+15
2240	7.26532557375982E+15
2250	7.63729986129742E+15
2260	8.02433381705033E+15
2270	8.42718053758013E+15
2280	8.84693040121143E+15
2290	9.28489523710874E+15
2300	9.74247577646498E+15
2310	1.02209478548955E+16
2320	1.07212462990174E+16
2330	1.12438876371804E+16
2340	1.17888622362643E+16
2350	1.23557855195243E+16
2360	1.29440673337105E+16
2370	1.35531938920842E+16
2380	1.41830706463413E+16
2390	1.48341786739508E+16
2400	1.55078853487841E+16
2410	1.62062650442497E+16
2420	1.69320705989015E+16
2430	1.76882920261703E+16
2440	1.84778453948105E+16
2450	1.93029872354232E+16
2460	2.0165016503668E+16
2470	2.10640623510367E+16
2480	2.19989546718999E+16
2490	2.29676432190044E+16
2500	2.39674856885064E+16
2510	2.49959985073075E+16
2520	2.60513864053632E+16
2530	2.71333506901536E+16
2540	2.82431583256173E+16
2550	2.93842802260966E+16
2560	3.05617076021342E+16
2570	3.17819542174158E+16
2580	3.30520355060438E+16
2590	3.43786140514456E+16
2600	3.57672119347329E+16
2610	3.7221012874468E+16
2620	3.87407006124344E+16
2630	4.03236864161515E+16
2640	4.19649445425162E+16
2650	4.36569364807395E+16
2660	4.53915973372229E+16
2670	4.71605665841481E+16
2680	4.89578099853995E+16
2690	5.07796470897048E+16
2700	5.26268144478818E+16
2710	5.45042451667846E+16
2720	5.64211613385133E+16
2730	5.83909876355465E+16
2740	6.04290559087411E+16
2750	6.25525929699974E+16
2760	6.47775153186595E+16
2770	6.71171506948424E+16
2780	6.95813794243266E+16
2790	7.21724839078155E+16
2800	7.48887989602658E+16
2810	7.77191087977391E+16
2820	8.06482691172177E+16
2830	8.36556597501632E+16
2840	8.67174292742878E+16
2850	8.98117069479986E+16
2860	9.29177235981923E+16
2870	9.60209662439103E+16
2880	9.91164393476869E+16
2890	1.02204701753643E+17
2900	1.05301466032932E+17
2910	1.08427739868882E+17
2920	1.1161475978051E+17
2930	1.1490044886546E+17
2940	1.18323765129903E+17
2950	1.21924045030995E+17
2960	1.25739854727544E+17
2970	1.29796277348478E+17
2980	1.34114952307871E+17
2990	1.38702465797624E+17
3000	1.43548543917689E+17
3010	1.48636136825738E+17
3020	1.53927464052092E+17
3030	1.5937557425184E+17
3040	1.64927316960925E+17
3050	1.7052297339527E+17
3060	1.76100504367454E+17
3070	1.81612147490475E+17
3080	1.87014430529219E+17
3090	1.92277762986111E+17
3100	1.97403899786608E+17
3110	2.02401526775822E+17
3120	2.07307614610571E+17
3130	2.12184680136744E+17
3140	2.17101941107839E+17
3150	2.22146251020211E+17
3160	2.27414659935633E+17
3170	2.33003471929026E+17
3180	2.38994675548542E+17
3190	2.45471612084483E+17
3200	2.52500570446396E+17
3210	2.60107281190135E+17
3220	2.68314000073899E+17
3230	2.77113682796486E+17
3240	2.86454308308664E+17
3250	2.96274133364982E+17
3260	3.06486203932732E+17
3270	3.16973097676546E+17
3280	3.27604167489436E+17
3290	3.38245278696026E+17
3300	3.48760741272341E+17
3310	3.59006767966104E+17
3320	3.68867531638945E+17
3330	3.78265354206106E+17
3340	3.87125527026384E+17
3350	3.95421331872594E+17
3360	4.03198946292652E+17
3370	4.10516082676571E+17
3380	4.17467718984156E+17
3390	4.24224280927876E+17
3400	4.30971208969573E+17
3410	4.37902986141577E+17
3420	4.45234862960429E+17
3430	4.53193007709521E+17
3440	4.62005188427622E+17
3450	4.7183892322084E+17
3460	4.82834100395916E+17
3470	4.95140518227933E+17
3480	5.08839627701704E+17
3490	5.23913326111889E+17
3500	5.40337332946306E+17
3510	5.58063271798846E+17
3520	5.76943779357157E+17
3530	5.96791026576751E+17
3540	6.1739513164351E+17
3550	6.38517175715296E+17
3560	6.59887790174661E+17
3570	6.8121095195761E+17
3580	7.02179397277006E+17
3590	7.22521562715078E+17
3600	7.41966091408733E+17
3610	7.60233502617087E+17
3620	7.77109142506328E+17
3630	7.92473892465631E+17
3640	8.06223607265252E+17
3650	8.18280182238886E+17
3660	8.28733684068518E+17
3670	8.37775745405458E+17
3680	8.45609339822534E+17
3690	8.52481656322733E+17
3700	8.58811987190098E+17
3710	8.65066750885777E+17
3720	8.71710442642674E+17
3730	8.79206983674426E+17
3740	8.88023871742305E+17
3750	8.98636988452045E+17
3760	9.11537528438592E+17
3770	9.27128514346702E+17
3780	9.45597203572821E+17
3790	9.67126229541956E+17
3800	9.91926702968391E+17
3810	1.02010554571933E+18
3820	1.05149478469021E+18
3830	1.08588041744438E+18
3840	1.123029716856E+18
3850	1.16265241216505E+18
3860	1.20433529556718E+18
3870	1.24759829686029E+18
3880	1.29190252306367E+18
3890	1.33667183933129E+18
3900	1.38138425650766E+18
3910	1.42550431870027E+18
3920	1.46845694626471E+18
3930	1.50964495513928E+18
3940	1.54857411852726E+18
3950	1.58481922115436E+18
3960	1.61795839907901E+18
3970	1.64758007223374E+18
3980	1.67337647770208E+18
3990	1.6952004451194E+18
4000	1.71294639534468E+18
4010	1.72653942681814E+18
4020	1.73599033307555E+18
4030	1.74165439691939E+18
4040	1.74401724295921E+18
4050	1.74357128832517E+18
4060	1.74081088186854E+18
4070	1.73645248783171E+18
4080	1.73155433362272E+18
4090	1.7271643595471E+18
4100	1.72428825554853E+18
4110	1.72389475011494E+18
4120	1.7269002325697E+18
4130	1.73419756469044E+18
4140	1.74669679288871E+18
4150	1.76534929085427E+18
4160	1.79104122095173E+18
4170	1.82398699112931E+18
4180	1.8642085907993E+18
4190	1.91179007744348E+18
4200	1.96687101859879E+18
4210	2.02949866702025E+18
4220	2.09917278348E+18
4230	2.17520386899091E+18
4240	2.25682032094716E+18
4250	2.34314559694602E+18
4260	2.433225865433E+18
4270	2.52616481449836E+18
4280	2.62099826857594E+18
4290	2.71664855177E+18
4300	2.81192571633798E+18
4310	2.90559942406186E+18
4320	2.99673446299615E+18
4330	3.084490963641E+18
4340	3.16800716393656E+18
4350	3.24640989261868E+18
4360	3.31884243182878E+18
4370	3.38467353312497E+18
4380	3.44345492418637E+18
4390	3.49478697386487E+18
4400	3.53831978513746E+18
4410	3.57375709820636E+18
4420	3.60090914917116E+18
4430	3.61973851855529E+18
4440	3.63027452865303E+18
4450	3.63260034343058E+18
4460	3.62685007731967E+18
4470	3.61324449861113E+18
4480	3.59237753893557E+18
4490	3.56502671533166E+18
4500	3.53196726008862E+18
4510	3.49396056891438E+18
4520	3.45174615394509E+18
4530	3.40639983660058E+18
4540	3.35998142510662E+18
4550	3.3145802834891E+18
4560	3.27211915931047E+18
4570	3.23437304715611E+18
4580	3.20299725975982E+18
4590	3.17955650587856E+18
4600	3.16556238062151E+18
4610	3.16252831909416E+18
4620	3.17201952591541E+18
4630	3.19570828372916E+18
4640	3.23541208899838E+18
4650	3.29199540947724E+18
4660	3.3648502167684E+18
4670	3.45337270585191E+18
4680	3.55703562322434E+18
4690	3.67533908930133E+18
4700	3.80776306189714E+18
4710	3.95348675715086E+18
4720	4.11111364379473E+18
4730	4.27899809510541E+18
4740	4.45525388006032E+18
4750	4.63772687320965E+18
4760	4.8239804214401E+18
4770	5.01154966558409E+18
4780	5.19876200628232E+18
4790	5.38408530614142E+18
4800	5.56590652769359E+18
4810	5.74255009530615E+18
4820	5.91229883927745E+18
4830	6.07344424023203E+18
4840	6.22474984024563E+18
4850	6.36541740236206E+18
4860	6.49473356412832E+18
4870	6.61206291472679E+18
4880	6.71685118465527E+18
4890	6.80862713042357E+18
4900	6.88704419128255E+18
4910	6.95202203773376E+18
4920	7.00360967952199E+18
4930	7.04192782579165E+18
4940	7.06716245840191E+18
4950	7.07955837171119E+18
4960	7.07941292177988E+18
4970	7.06710814425418E+18
4980	7.04315679100575E+18
4990	7.00811288274703E+18
5000	6.9625509933139E+18
5010	6.90706035375746E+18
5020	6.8422395870586E+18
5030	6.76869178824663E+18
5040	6.68695684466857E+18
5050	6.59743248569424E+18
5060	6.50050959044143E+18
5070	6.39659246419647E+18
5080	6.2860973878118E+18
5090	6.16945119905174E+18
5100	6.04708988614989E+18
5110	5.91992923632798E+18
5120	5.79065647046674E+18
5130	5.66214343926215E+18
5140	5.53696813309871E+18
5150	5.41743567076332E+18
5160	5.3056084699453E+18
5170	5.20334356477273E+18
5180	5.11237155208464E+18
5190	5.03481004446385E+18
5200	4.97304537094043E+18
5210	4.92940880325402E+18
5220	4.90624059745969E+18
5230	4.90597144601296E+18
5240	4.9312119851171E+18
5250	4.9848503894645E+18
5260	5.06914268136471E+18
5270	5.18271548672458E+18
5280	5.32339367009832E+18
5290	5.48902637036799E+18
5300	5.67734825731029E+18
5310	5.88585864087102E+18
5320	6.11172084739763E+18
5330	6.35168707000635E+18
5340	6.60240944952384E+18
5350	6.86104248289282E+18
5360	7.12463647534869E+18
5370	7.39005334658186E+18
5380	7.65401945448752E+18
5390	7.9131920750702E+18
5400	8.16423497954302E+18
5410	8.40389769017981E+18
5420	8.62954189177753E+18
5430	8.84008861670702E+18
5440	9.03489976452558E+18
5450	9.21351603939602E+18
5460	9.37564917375443E+18
5470	9.52117044768935E+18
5480	9.65009628156916E+18
5490	9.76257172286331E+18
5500	9.85887269834266E+18
5510	9.93952310010561E+18
5520	1.00051764329378E+19
5530	1.0056517927885E+19
5540	1.00942501881791E+19
5550	1.01190814890827E+19
5560	1.01317161134986E+19
5570	1.01328465724275E+19
5580	1.01231475085483E+19
5590	1.01032672722708E+19
5600	1.00738190076022E+19
5610	1.00353857709087E+19
5620	9.98852128389427E+18
5630	9.93375018059272E+18
5640	9.8715687249532E+18
5650	9.80244586871204E+18
5660	9.72682454151443E+18
5670	9.6451235471188E+18
5680	9.55776508085645E+18
5690	9.46518779134034E+18
5700	9.36780852660616E+18
5710	9.26601987648195E+18
5720	9.16019127034809E+18
5730	9.05067004869011E+18
5740	8.93778250235776E+18
5750	8.82183487935745E+18
5760	8.70311394693797E+18
5770	8.58179913447504E+18
5780	8.45786456057248E+18
5790	8.33126799562159E+18
5800	8.20198059088099E+18
5810	8.0699879840101E+18
5820	7.93529135409889E+18
5830	7.79790840610131E+18
5840	7.65787426244284E+18
5850	7.515242237804E+18
5860	7.37015331851076E+18
5870	7.22332510786495E+18
5880	7.07569121107109E+18
5890	6.92809257734254E+18
5900	6.78127848860187E+18
5910	6.63591190656084E+18
5920	6.49257647857246E+18
5930	6.35178479486896E+18
5940	6.21398750238056E+18
5950	6.07958291827651E+18
5960	5.94943228482834E+18
5970	5.82632422912145E+18
5980	5.71341728117846E+18
5990	5.61375347179252E+18
6000	5.53027961094068E+18
6010	5.4658762168665E+18
6020	5.42339548303217E+18
6030	5.40570762054419E+18
6040	5.41575259899376E+18
6050	5.45659162513823E+18
6060	5.53057167116396E+18
6070	5.63570971805414E+18
6080	5.7686033353553E+18
6090	5.92569789114531E+18
6100	6.10316048127181E+18
6110	6.29679048900586E+18
6120	6.50197893107179E+18
6130	6.71372680534693E+18
6140	6.92672838673895E+18
6150	7.13551775838223E+18
6160	7.33473085847906E+18
6170	7.52084597555109E+18
6180	7.69241673259151E+18
6190	7.8485587303771E+18
6200	7.98885847076081E+18
6210	8.11332888325576E+18
6220	8.22234284073404E+18
6230	8.31655343142224E+18
6240	8.39681048028853E+18
6250	8.46408193315277E+18
6260	8.51938656316216E+18
6270	8.56374423257144E+18
6280	8.5981551880824E+18
6290	8.62354628186302E+18
6300	8.64075410716737E+18
6310	8.6505360024733E+18
6320	8.65357977473925E+18
6330	8.65051167490827E+18
6340	8.64190277311171E+18
6350	8.62827402228159E+18
6360	8.61010033427114E+18
6370	8.58781396563189E+18
6380	8.5618072234021E+18
6390	8.53243037265646E+18
6400	8.49999497498445E+18
6410	8.46478129680817E+18
6420	8.42704060242367E+18
6430	8.38699722730222E+18
6440	8.34485064356207E+18
6450	8.30077749937321E+18
6460	8.25493361424595E+18
6470	8.20745591435119E+18
6480	8.15846429525477E+18
6490	8.10806340299995E+18
6500	8.05634364144755E+18
6510	8.00337994142266E+18
6520	7.94923573730031E+18
6530	7.8939654837013E+18
6540	7.83761592434969E+18
6550	7.78022728924469E+18
6560	7.72183442358088E+18
6570	7.66246785089796E+18
6580	7.60215477234907E+18
6590	7.54092000323712E+18
6600	7.47878684715665E+18
6610	7.41577790726797E+18
6620	7.35190812346212E+18
6630	7.28715024156866E+18
6640	7.22146255228651E+18
6650	7.15480379500636E+18
6660	7.08713365808962E+18
6670	7.01841331761181E+18
6680	6.94860602526676E+18
6690	6.87767774141673E+18
6700	6.80559780742625E+18
6710	6.73233964937339E+18
6720	6.65788150302331E+18
6730	6.58220714762397E+18
6740	6.50530914586074E+18
6750	6.42727447160276E+18
6760	6.34830609348144E+18
6770	6.26862139604949E+18
6780	6.18844375562334E+18
6790	6.10800039337283E+18
6800	6.02751999810828E+18
6810	5.94723024271709E+18
6820	5.86735531272723E+18
6830	5.78811355467673E+18
6840	5.7097153367856E+18
6850	5.63236119605327E+18
6860	5.55624032566072E+18
6870	5.48151759385122E+18
6880	5.40802780760798E+18
6890	5.33526604862426E+18
6900	5.26273218652405E+18
6910	5.18995162592154E+18
6920	5.11647767809824E+18
6930	5.04189372809204E+18
6940	4.96581526947995E+18
6950	4.88789177282262E+18
6960	4.80780824308399E+18
6970	4.72528620484097E+18
6980	4.64008373600945E+18
6990	4.55199406313643E+18
7000	4.46084215578698E+18
7010	4.36687162087784E+18
7020	4.27181176923222E+18
7030	4.17756389070828E+18
7040	4.08581095849738E+18
7050	3.99804931006165E+18
7060	3.91563381994829E+18
7070	3.83982807813659E+18
7080	3.77185214542359E+18
7090	3.71292330326181E+18
7100	3.66428868081437E+18
7110	3.62725171505581E+18
7120	3.60319651709353E+18
7130	3.59361527418771E+18
7140	3.60014394131947E+18
7150	3.62408689061915E+18
7160	3.66487184063475E+18
7170	3.72149143465195E+18
7180	3.79291561631548E+18
7190	3.87799248321248E+18
7200	3.97533453784173E+18
7210	4.08319499894493E+18
7220	4.19935001971754E+18
7230	4.32101536154042E+18
7240	4.44483613616933E+18
7250	4.56698883231511E+18
7260	4.68341885358469E+18
7270	4.79020165635664E+18
7280	4.88396874086868E+18
7290	4.96232062884375E+18
7300	5.02463792833598E+18
7310	5.07185135245571E+18
7320	5.10537197330454E+18
7330	5.12686518467815E+18
7340	5.13809230902175E+18
7350	5.14078245223782E+18
7360	5.13654041735468E+18
7370	5.12679027842394E+18
7380	5.11274980504282E+18
7390	5.09542855348634E+18
7400	5.07564190409392E+18
7410	5.0540341201221E+18
7420	5.03110501456015E+18
7430	5.00723649937231E+18
7440	4.98271677996905E+18
7450	4.9577595106624E+18
7460	4.93252154311523E+18
7470	4.90712031591776E+18
7480	4.88164327327707E+18
7490	4.8561550003984E+18
7500	4.83070286111254E+18
7510	4.80532136703013E+18
7520	4.78003551047149E+18
7530	4.7548632743169E+18
7540	4.72981750245933E+18
7550	4.70490728230451E+18
7560	4.68013896015127E+18
7570	4.65551688346528E+18
7580	4.6310439417706E+18
7590	4.60672196004345E+18
7600	4.58255198409817E+18
7610	4.55853447422244E+18
7620	4.5346694602486E+18
7630	4.51095666937054E+18
7640	4.48739560319269E+18
7650	4.46398559342889E+18
7660	4.440725842806E+18
7670	4.41761545498928E+18
7680	4.39465345630528E+18
7690	4.3718388112757E+18
7700	4.34917043341626E+18
7710	4.32664719234427E+18
7720	4.30426791793579E+18
7730	4.28203140204991E+18
7740	4.25993639817061E+18
7750	4.23798161919236E+18
7760	4.21616573348246E+18
7770	4.19448735682287E+18
7780	4.17294503326936E+18
7790	4.15153723008746E+18
7800	4.13026232762995E+18
7810	4.10911860309789E+18
7820	4.08810421142859E+18
7830	4.06721716301114E+18
7840	4.04645529791884E+18
7850	4.02581625635059E+18
7860	4.00529744499278E+18
7870	3.98489599905163E+18
7880	3.96460873976732E+18
7890	3.9444321273093E+18
7900	3.92436220906868E+18
7910	3.90439456351179E+18
7920	3.88452423993933E+18
7930	3.86474569470726E+18
7940	3.8450527094973E+18
7950	3.8254381326037E+18
7960	3.80589375375295E+18
7970	3.78641025982421E+18
7980	3.76697709931844E+18
7990	3.74758233624903E+18
8000	3.72821249635295E+18
8010	3.70885240753194E+18
8020	3.68948503707034E+18
8030	3.67009132887561E+18
8040	3.65065004473261E+18
8050	3.63113761433168E+18
8060	3.61152799959409E+18
8070	3.59179257954024E+18
8080	3.571900062585E+18
8090	3.55181643365285E+18
8100	3.53150494383354E+18
8110	3.5109261503954E+18
8120	3.49003832450764E+18
8130	3.46880179290384E+18
8140	3.4471799075737E+18
8150	3.42513770620435E+18
8160	3.40264270482793E+18
8170	3.37966574958079E+18
8180	3.35618184922301E+18
8190	3.33217095794311E+18
8200	3.30761867891544E+18
8210	3.28251686167739E+18
8220	3.25686407048327E+18
8230	3.23066590609756E+18
8240	3.2039351696479E+18
8250	3.17669186376042E+18
8260	3.14896303282405E+18
8270	3.12078245048116E+18
8280	3.09219016797864E+18
8290	3.06323194157198E+18
8300	3.03395856058093E+18
8310	3.00441821697329E+18
8320	2.97460461234447E+18
8330	2.94447899818523E+18
8340	2.91399613558362E+18
8350	2.88310555505868E+18
8360	2.8517526712431E+18
8370	2.81987993198522E+18
8380	2.78742801675747E+18
8390	2.75433710124814E+18
8400	2.72054820489947E+18
8410	2.68600463594251E+18
8420	2.65065354412555E+18
8430	2.61444758478841E+18
8440	2.57734668918522E+18
8450	2.53931992508139E+18
8460	2.50034741886966E+18
8470	2.46042229619152E+18
8480	2.41955258298621E+18
8490	2.37776299396605E+18
8500	2.33509652196006E+18
8510	2.29167746873072E+18
8520	2.24788394812647E+18
8530	2.20414352601582E+18
8540	2.16086069559347E+18
8550	2.11840711752147E+18
8560	2.07711401850964E+18
8570	2.03726718963126E+18
8580	1.99910470383114E+18
8590	1.9628172019222E+18
8600	1.92855040246246E+18
8610	1.89640938026296E+18
8620	1.86646412387809E+18
8630	1.8387559084566E+18
8640	1.81330408741928E+18
8650	1.79011299580559E+18
8660	1.76917875422624E+18
8670	1.75049585391657E+18
8680	1.73406348341427E+18
8690	1.7198916223629E+18
8700	1.70800697661462E+18
8710	1.69845823330888E+18
8720	1.69126281251378E+18
8730	1.68636608967769E+18
8740	1.68374187111978E+18
8750	1.68340146513443E+18
8760	1.68539054945576E+18
8770	1.68978537522309E+18
8780	1.69668803235694E+18
8790	1.70622053636435E+18
8800	1.71851753065946E+18
8810	1.73371742333811E+18
8820	1.75195179052497E+18
8830	1.77333288423739E+18
8840	1.79793909245405E+18
8850	1.82579823068275E+18
8860	1.85686862253186E+18
8870	1.89101808491938E+18
8880	1.92800121851391E+18
8890	1.96743588572516E+18
8900	2.00878054173508E+18
8910	2.05131531020621E+18
8920	2.09413150244403E+18
8930	2.13613288454772E+18
8940	2.17599384361487E+18
8950	2.21227052959626E+18
8960	2.24362636477214E+18
8970	2.26899928895327E+18
8980	2.28776068113883E+18
8990	2.29982349794521E+18
9000	2.30565689417473E+18
9010	2.30618850307447E+18
9020	2.30261364403129E+18
9030	2.29616676985493E+18
9040	2.28792497646875E+18
9050	2.27869603718406E+18
9060	2.26900299881975E+18
9070	2.25913801378658E+18
9080	2.24924136643778E+18
9090	2.23937067823837E+18
9100	2.22954602852506E+18
9110	2.21977321320804E+18
9120	2.21005346188911E+18
9130	2.20038677340632E+18
9140	2.19077286635731E+18
9150	2.1812114063209E+18
9160	2.17170205198107E+18
9170	2.16224446319005E+18
9180	2.15283830219245E+18
9190	2.1434832337761E+18
9200	2.13417892527203E+18
9210	2.12492504653521E+18
9220	2.11572126992301E+18
9230	2.10656727027358E+18
9240	2.09746272488441E+18
9250	2.08840731349112E+18
9260	2.07940071824641E+18
9270	2.07044262369924E+18
9280	2.06153271677418E+18
9290	2.05267068675105E+18
9300	2.04385622524462E+18
9310	2.03508902618462E+18
9320	2.02636878579591E+18
9330	2.01769520257879E+18
9340	2.00906797728958E+18
9350	2.00048681292131E+18
9360	1.9919514146847E+18
9370	1.98346148998917E+18
9380	1.97501674842419E+18
9390	1.96661690174068E+18
9400	1.9582616638327E+18
9410	1.94995075071921E+18
9420	1.94168388052608E+18
9430	1.93346077346825E+18
9440	1.925281151832E+18
9450	1.91714473995753E+18
9460	1.90905126422156E+18
9470	1.90100045302014E+18
9480	1.89299203675169E+18
9490	1.88502574780012E+18
9500	1.8771013205181E+18
9510	1.86921849121061E+18
9520	1.86137699811847E+18
9530	1.85357658140217E+18
9540	1.84581698312578E+18
9550	1.83809794724103E+18
9560	1.83041921957154E+18
9570	1.8227805477972E+18
9580	1.81518168143868E+18
9590	1.80762237184211E+18
9600	1.8001023721639E+18
9610	1.79262143735566E+18
9620	1.78517932414934E+18
9630	1.77777579104243E+18
9640	1.77041059828332E+18
9650	1.76308350785687E+18
9660	1.75579428346998E+18
9670	1.7485426905374E+18
9680	1.74132849616763E+18
9690	1.73415146914898E+18
9700	1.72701137993569E+18
9710	1.71990800063429E+18
9720	1.71284110498993E+18
9730	1.70581046837305E+18
9740	1.69881586776594E+18
9750	1.69185708174958E+18
9760	1.68493389049059E+18
9770	1.6780460757282E+18
9780	1.67119342076146E+18
9790	1.66437571043646E+18
9800	1.65759273113379E+18
9810	1.65084427075598E+18
9820	1.64413011871516E+18
9830	1.63745006592078E+18
9840	1.63080390476744E+18
9850	1.62419142912288E+18
9860	1.61761243431601E+18
9870	1.6110667171251E+18
9880	1.60455407576603E+18
9890	1.59807430988071E+18
9900	1.59162722052545E+18
9910	1.58521261015958E+18
9920	1.57883028263396E+18
9930	1.57248004317955E+18
9940	1.56616169839584E+18
9950	1.55987505623901E+18
9960	1.55361992600954E+18
9970	1.54739611833867E+18
9980	1.54120344517314E+18
9990	1.53504171975651E+18
10000	1.52891075660525E+18
10010	1.52281037147602E+18
10020	1.51674038131882E+18
10030	1.51070060420809E+18
10040	1.50469085923969E+18
10050	1.49871096637612E+18
10060	1.49276074621459E+18
10070	1.48684001964233E+18
10080	1.48094860732956E+18
10090	1.47508632899332E+18
10100	1.46925300234333E+18
10110	1.46344844159449E+18
10120	1.45767245539987E+18
10130	1.45192484402223E+18
10140	1.44620539552423E+18
10150	1.44051388071714E+18
10160	1.43485004656994E+18
10170	1.42921360774601E+18
10180	1.42360423590981E+18
10190	1.41802154643389E+18
10200	1.41246508214335E+18
10210	1.40693429318292E+18
10220	1.40142851051794E+18
10230	1.39594691611954E+18
10240	1.39048850765937E+18
10250	1.38505205682314E+18
10260	1.37963606109115E+18
10270	1.37423868866227E+18
10280	1.36885771636231E+18
10290	1.36349046058875E+18
10300	1.35813370160414E+18
10310	1.35278360179787E+18
10320	1.34743561888767E+18
10330	1.34208441542114E+18
10340	1.33672376635304E+18
10350	1.33134646690366E+18
10360	1.3259442433292E+18
10370	1.32050766963771E+18
10380	1.31502609364135E+18
10390	1.30948757602342E+18
10400	1.30387884629307E+18
10410	1.29818527957802E+18
10420	1.29239089814543E+18
10430	1.28647840132519E+18
10440	1.28042922712739E+18
10450	1.27422364828997E+18
10460	1.26784090476753E+18
10470	1.26125937378685E+18
10480	1.25445677757109E+18
10490	1.24741042769924E+18
10500	1.2400975038585E+18
10510	1.23249612379137E+18
10520	1.2245885031994E+18
10530	1.21636018459707E+18
10540	1.20779994536437E+18
10550	1.19890022894393E+18
10560	1.18965748857937E+18
10570	1.18007242915117E+18
10580	1.17015013760729E+18
10590	1.15990009784414E+18
10600	1.14933609128021E+18
10610	1.13847598941459E+18
10620	1.12734144907008E+18
10630	1.11595752455316E+18
10640	1.10435221348163E+18
10650	1.09255595448344E+18
10660	1.08060109538774E+18
10670	1.06852135001043E+18
10680	1.05635126032886E+18
10690	1.04412567892252E+18
10700	1.03187928421745E+18
10710	1.01964613849803E+18
10720	1.00745929600816E+18
10730	9.95350465898558E+17
10740	9.83349732400417E+17
10750	9.71485332499508E+17
10760	9.59783489599248E+17
10770	9.48268300220732E+17
10780	9.36961669692293E+17
10790	9.25883292014073E+17
10800	9.1505066861443E+17
10810	9.04479160506248E+17
10820	8.94182022434254E+17
10830	8.84159413493124E+17
10840	8.74384745560109E+17
10850	8.64827856183005E+17
10860	8.55459012952983E+17
10870	8.46249196160326E+17
10880	8.37170332134753E+17
10890	8.2819548987414E+17
10900	8.19299051228866E+17
10910	8.104568628709E+17
10920	8.0164637649802E+17
10930	7.9284678215936E+17
10940	7.84039138193332E+17
10950	7.75206500000614E+17
10960	7.66334048697446E+17
10970	7.57409219579565E+17
10980	7.48421829256184E+17
10990	7.393641992784E+17
11000	7.30231273090785E+17
11010	7.21020722194616E+17
11020	7.1173303655377E+17
11030	7.02371593538918E+17
11040	6.92942699139594E+17
11050	6.83455594829399E+17
11060	6.73922423396887E+17
11070	6.64358147291762E+17
11080	6.54780413594223E+17
11090	6.45209360559402E+17
11100	6.35667361707745E+17
11110	6.26178704401351E+17
11120	6.16769200378711E+17
11130	6.07465725211123E+17
11140	5.98295681224308E+17
11150	5.89286372956047E+17
11160	5.80464736455652E+17
11170	5.71874405665636E+17
11180	5.63573860701127E+17
11190	5.55606652068816E+17
11200	5.47999612694084E+17
11210	5.40763490838716E+17
11220	5.33893907432065E+17
11230	5.27372686890042E+17
11240	5.21169649473521E+17
11250	5.15244952271318E+17
11260	5.09552014344034E+17
11270	5.04040966294301E+17
11280	4.98662449277812E+17
11290	4.93371486164195E+17
11300	4.88131088741628E+17
11310	4.82915267293976E+17
11320	4.77711172474876E+17
11330	4.72520207868462E+17
11340	4.67358079198031E+17
11350	4.62253866079401E+17
11360	4.57248293827035E+17
11370	4.52391435184975E+17
11380	4.47740083998117E+17
11390	4.43355021400688E+17
11400	4.39298350913138E+17
11410	4.35631023707375E+17
11420	4.32410619698553E+17
11430	4.29689402074281E+17
11440	4.27512627852287E+17
11450	4.25917078584835E+17
11460	4.24929775915731E+17
11470	4.24566868839337E+17
11480	4.24832726461183E+17
11490	4.25719346105166E+17
11500	4.27206296503873E+17
11510	4.29261562759089E+17
11520	4.318433389817E+17
11530	4.34885861044878E+17
11540	4.38305536767939E+17
11550	4.42038405844488E+17
11560	4.46053341561585E+17
11570	4.50363301569595E+17
11580	4.55035081821694E+17
11590	4.60195868651405E+17
11600	4.66034969745939E+17
11610	4.72799649905032E+17
11620	4.8078490774995E+17
11630	4.90317932931052E+17
11640	5.01738297295581E+17
11650	5.15374162760617E+17
11660	5.31512978952146E+17
11670	5.50363201075684E+17
11680	5.72003096554976E+17
11690	5.96315387708037E+17
11700	6.22913238518349E+17
11710	6.51073666908331E+17
11720	6.79706849273679E+17
11730	7.07399053717226E+17
11740	7.32563974309907E+17
11750	7.53710498534465E+17
11760	7.69779345071279E+17
11770	7.80433407422749E+17
11780	7.86154625195102E+17
11790	7.88059262268008E+17
11800	7.87494664458438E+17
11810	7.8562413674131E+17
11820	7.83206236344521E+17
11830	7.80615804329257E+17
11840	7.77991141013011E+17
11850	7.75369441576328E+17
11860	7.72757764362977E+17
11870	7.70156988221293E+17
11880	7.67567139524973E+17
11890	7.64988167797656E+17
11900	7.62420018429325E+17
11910	7.59862636971446E+17
11920	7.5731596929136E+17
11930	7.5477996157359E+17
11940	7.52254560317763E+17
11950	7.49739712336504E+17
11960	7.47235364753346E+17
11970	7.44741465000653E+17
11980	7.42257960817561E+17
11990	7.39784800247934E+17
12000	7.37321931638334E+17
12010	7.34869303636008E+17
12020	7.3242686518689E+17
12030	7.29994565533614E+17
12040	7.27572354213551E+17
12050	7.25160181056849E+17
12060	7.22757996184495E+17
12070	7.20365750006389E+17
12080	7.17983393219437E+17
12090	7.1561087680565E+17
12100	7.13248152030262E+17
12110	7.10895170439863E+17
12120	7.08551883860542E+17
12130	7.06218244396047E+17
12140	7.03894204425959E+17
12150	7.01579716603877E+17
12160	6.99274733855614E+17
12170	6.96979209377416E+17
12180	6.94693096634184E+17
12190	6.92416349357713E+17
12200	6.90148921544947E+17
12210	6.87890767456239E+17
12220	6.85641841613634E+17
12230	6.83402098799155E+17
12240	6.81171494053109E+17
12250	6.78949982672401E+17
12260	6.7673752020886E+17
12270	6.74534062467582E+17
12280	6.72339565505282E+17
12290	6.70153985628653E+17
12300	6.67977279392749E+17
12310	6.65809403599369E+17
12320	6.63650315295457E+17
12330	6.61499971771516E+17
12340	6.59358330560025E+17
12350	6.5722534943388E+17
12360	6.55100986404837E+17
12370	6.52985199721968E+17
12380	6.50877947870132E+17
12390	6.48779189568451E+17
12400	6.46688883768805E+17
12410	6.44606989654327E+17
12420	6.42533466637924E+17
12430	6.40468274360789E+17
12440	6.38411372690946E+17
12450	6.36362721721785E+17
12460	6.34322281770623E+17
12470	6.32290013377264E+17
12480	6.30265877302581E+17
12490	6.28249834527094E+17
12500	6.26241846249574E+17
12510	6.24241873885641E+17
12520	6.22249879066387E+17
12530	6.20265823636996E+17
12540	6.18289669655385E+17
12550	6.16321379390848E+17
12560	6.14360915322706E+17
12570	6.12408240138982E+17
12580	6.10463316735065E+17
12590	6.08526108212403E+17
12600	6.06596577877188E+17
12610	6.04674689239065E+17
12620	6.02760406009842E+17
12630	6.00853692102207E+17
12640	5.98954511628465E+17
12650	5.97062828899272E+17
12660	5.95178608422385E+17
12670	5.93301814901417E+17
12680	5.91432413234608E+17
12690	5.89570368513592E+17
12700	5.87715646022187E+17
12710	5.85868211235182E+17
12720	5.84028029817141E+17
12730	5.82195067621208E+17
12740	5.80369290687928E+17
12750	5.78550665244068E+17
12760	5.76739157701458E+17
12770	5.74934734655825E+17
12780	5.73137362885646E+17
12790	5.71347009351012E+17
12800	5.69563641192484E+17
12810	5.67787225729976E+17
12820	5.66017730461632E+17
12830	5.64255123062717E+17
12840	5.62499371384518E+17
12850	5.60750443453243E+17
12860	5.59008307468942E+17
12870	5.57272931804421E+17
12880	5.55544285004173E+17
12890	5.53822335783314E+17
12900	5.52107053026525E+17
12910	5.50398405787003E+17
12920	5.48696363285419E+17
12930	5.47000894908885E+17
12940	5.4531197020992E+17
12950	5.43629558905436E+17
12960	5.41953630875721E+17
12970	5.40284156163434E+17
12980	5.38621104972602E+17
12990	5.36964447667634E+17
13000	5.35314154772329E+17
13010	5.33670196968898E+17
13020	5.32032545096996E+17
13030	5.30401170152749E+17
13040	5.28776043287805E+17
13050	5.27157135808371E+17
13060	5.25544419174278E+17
13070	5.23937864998031E+17
13080	5.22337445043885E+17
13090	5.20743131226914E+17
13100	5.19154895612094E+17
13110	5.17572710413385E+17
13120	5.15996547992827E+17
13130	5.1442638085964E+17
13140	5.12862181669326E+17
13150	5.11303923222778E+17
13160	5.09751578465405E+17
13170	5.08205120486247E+17
13180	5.06664522517109E+17
13190	5.05129757931695E+17
13200	5.03600800244747E+17
13210	5.02077623111195E+17
13220	5.00560200325307E+17
13230	4.99048505819849E+17
13240	4.97542513665249E+17
13250	4.96042198068766E+17
13260	4.94547533373666E+17
13270	4.93058494058401E+17
13280	4.915750547358E+17
13290	4.90097190152256E+17
13300	4.88624875186928E+17
13310	4.8715808485094E+17
13320	4.85696794286593E+17
13330	4.84240978766574E+17
13340	4.82790613693179E+17
13350	4.81345674597535E+17
13360	4.79906137138834E+17
13370	4.78471977103558E+17
13380	4.7704317040473E+17
13390	4.75619693081149E+17
13400	4.74201521296647E+17
13410	4.7278863133934E+17
13420	4.71380999620891E+17
13430	4.69978602675771E+17
13440	4.68581417160532E+17
13450	4.67189419853081E+17
13460	4.65802587651957E+17
13470	4.64420897575621E+17
13480	4.63044326761738E+17
13490	4.61672852466476E+17
13500	4.60306452063804E+17
13510	4.58945103044792E+17
13520	4.57588783016922E+17
13530	4.56237469703401E+17
13540	4.54891140942474E+17
13550	4.53549774686749E+17
13560	4.52213349002523E+17
13570	4.50881842069109E+17
13580	4.49555232178175E+17
13590	4.48233497733079E+17
13600	4.46916617248214E+17
13610	4.45604569348346E+17
13620	4.44297332767962E+17
13630	4.42994886350601E+17
13640	4.41697209048176E+17
13650	4.40404279920245E+17
13660	4.39116078133218E+17
13670	4.37832582959399E+17
13680	4.36553773775761E+17
13690	4.35279630062231E+17
13700	4.34010131399114E+17
13710	4.32745257463074E+17
13720	4.31484988020724E+17
13730	4.30229302918331E+17
13740	4.28978182065401E+17
13750	4.27731605408838E+17
13760	4.26489552892828E+17
13770	4.25252004397589E+17
13780	4.24018939647585E+17
13790	4.22790338076438E+17
13800	4.21566178631814E+17
13810	4.20346439498745E+17
13820	4.19131097714464E+17
13830	4.17920128641937E+17
13840	4.16713505263108E+17
13850	4.15511197246956E+17
13860	4.1431316974218E+17
13870	4.13119381840385E+17
13880	4.11929784653632E+17
13890	4.10744318951002E+17
13900	4.09562912302884E+17
13910	4.0838547568986E+17
13920	4.07211899545488E+17
13930	4.06042049219384E+17
13940	4.04875759868488E+17
13950	4.03712830809874E+17
13960	4.02553019397174E+17
13970	4.01396034513379E+17
13980	4.00241529804172E+17
13990	3.99089096806311E+17
14000	3.97938258153204E+17
14010	3.96788461062981E+17
14020	3.95639071331421E+17
14030	3.94489368061629E+17
14040	3.933385393634E+17
14050	3.92185679247033E+17
14060	3.91029785918887E+17
14070	3.89869761659477E+17
14080	3.88704414430225E+17
14090	3.87532461313351E+17
14100	3.86352533842345E+17
14110	3.85163185229973E+17
14120	3.83962899448685E+17
14130	3.82750102066857E+17
14140	3.81523172695293E+17
14150	3.80280458853864E+17
14160	3.79020291029462E+17
14170	3.77740998665007E+17
14180	3.76440926795879E+17
14190	3.75118453035379E+17
14200	3.73772004604933E+17
14210	3.72400075107366E+17
14220	3.71001240752336E+17
14230	3.69574175761051E+17
14240	3.68117666701771E+17
14250	3.66630625537129E+17
14260	3.6511210119783E+17
14270	3.63561289533459E+17
14280	3.61977541528769E+17
14290	3.60360344432617E+17
14300	3.58709240276266E+17
14310	3.57023880052754E+17
14320	3.55304044691115E+17
14330	3.53549644149252E+17
14340	3.51760715529751E+17
14350	3.49937420305086E+17
14360	3.48080040742892E+17
14370	3.46188975624166E+17
14380	3.4426473534765E+17
14390	3.42307936512526E+17
14400	3.4031929606909E+17
14410	3.38299625123553E+17
14420	3.36249822478664E+17
14430	3.34170867986822E+17
14440	3.32063815786742E+17
14450	3.2992978748885E+17
14460	3.27769965368531E+17
14470	3.25585585620208E+17
14480	3.23377931719182E+17
14490	3.21148327932211E+17
14500	3.18898133012123E+17
14510	3.16628734106277E+17
14520	3.14341540903591E+17
14530	3.12037980040044E+17
14540	3.09719489778146E+17
14550	3.07387514971831E+17
14560	3.05043502324508E+17
14570	3.02688895944783E+17
14580	3.00325133201332E+17
14590	2.97953640875907E+17
14600	2.95575831611125E+17
14610	2.93193100647815E+17
14620	2.90806822844984E+17
14630	2.88418349974153E+17
14640	2.86029008278643E+17
14650	2.83640096287501E+17
14660	2.81252882873092E+17
14670	2.7886860554083E+17
14680	2.7648846893922E+17
14690	2.7411364357816E+17
14700	2.71745264743395E+17
14710	2.69384431595048E+17
14720	2.6703220643829E+17
14730	2.64689614154422E+17
14740	2.62357641780929E+17
14750	2.60037238229405E+17
14760	2.57729314130607E+17
14770	2.55434741796337E+17
14780	2.53154355288276E+17
14790	2.50888950584365E+17
14800	2.48639285833763E+17
14810	2.46406081691958E+17
14820	2.44190021727998E+17
14830	2.41991752896356E+17
14840	2.3981188606637E+17
14850	2.37650996602656E+17
14860	2.35509624990375E+17
14870	2.33388277499598E+17
14880	2.31287441580776E+17
14890	2.29207889254921E+17
14900	2.27150646365423E+17
14910	2.25116680868467E+17
14920	2.23106888987353E+17
14930	2.21122094995878E+17
14940	2.19163051379974E+17
14950	2.1723043935378E+17
14960	2.15324869704858E+17
14970	2.13446883942081E+17
14980	2.1159695571904E+17
14990	2.0977549250547E+17
15000	2.07982837479105E+17
15010	2.06219271610724E+17
15020	2.04485015915644E+17
15030	2.02780233845695E+17
15040	2.01105033796716E+17
15050	1.99459471707707E+17
15060	1.97843553729087E+17
15070	1.96257238938865E+17
15080	1.94700442086992E+17
15090	1.93173036349671E+17
15100	1.91674856076944E+17
15110	1.90205699518381E+17
15120	1.88765331513266E+17
15130	1.87353486133133E+17
15140	1.85969869265956E+17
15150	1.84614161132693E+17
15160	1.83286018728164E+17
15170	1.81985078179494E+17
15180	1.80710957016438E+17
15190	1.79463256348951E+17
15200	1.78241562948228E+17
15210	1.7704545122826E+17
15220	1.75874485125563E+17
15230	1.74728219875327E+17
15240	1.73606203682647E+17
15250	1.72507979287869E+17
15260	1.71433085425389E+17
15270	1.70381058175542E+17
15280	1.69351432209507E+17
15290	1.68343741927575E+17
15300	1.67357522491586E+17
15310	1.66392310753022E+17
15320	1.65447646079078E+17
15330	1.64523071080075E+17
15340	1.63618132242813E+17
15350	1.62732380475908E+17
15360	1.6186537157467E+17
15370	1.61016666614683E+17
15380	1.60185832284836E+17
15390	1.59372441171952E+17
15400	1.58576072010383E+17
15410	1.57796309910777E+17
15420	1.57032746582647E+17
15430	1.56284980565294E+17
15440	1.5555261748099E+17
15450	1.54835270323157E+17
15460	1.54132559790504E+17
15470	1.53444114675894E+17
15480	1.52769572316017E+17
15490	1.52108579105023E+17
15500	1.51460791072103E+17
15510	1.50825874519789E+17
15520	1.50203506716665E+17
15530	1.49593307526852E+17
15540	1.489944639239E+17
15550	1.48406022572171E+17
15560	1.47827074307864E+17
15570	1.47256750703604E+17
15580	1.46694220361144E+17
15590	1.46138685426621E+17
15600	1.45589378299757E+17
15610	1.45045558508735E+17
15620	1.44506509722488E+17
15630	1.4397153687177E+17
15640	1.43439963349649E+17
15650	1.42911128261103E+17
15660	1.42384383690154E+17
15670	1.41859091951509E+17
15680	1.41334622792052E+17
15690	1.40810350505754E+17
15700	1.40285650923688E+17
15710	1.39759898238943E+17
15720	1.39232461624392E+17
15730	1.38702701599499E+17
15740	1.38169966100942E+17
15750	1.376335862107E+17
15760	1.37092871494789E+17
15770	1.36547104906085E+17
15780	1.35995537206034E+17
15790	1.35437380862696E+17
15800	1.34871803386945E+17
15810	1.34297920075125E+17
15820	1.33714786135452E+17
15830	1.33121388187497E+17
15840	1.32516635139676E+17
15850	1.31899348469328E+17
15860	1.31268251954287E+17
15870	1.30621960934225E+17
15880	1.2995897121497E+17
15890	1.29277647769723E+17
15900	1.28576213437705E+17
15910	1.27852737873075E+17
15920	1.27105127054487E+17
15930	1.26331113727404E+17
15940	1.25528249215822E+17
15950	1.24693897105339E+17
15960	1.2382522936277E+17
15970	1.22919225515403E+17
15980	1.21972675561366E+17
15990	1.20982187316712E+17
16000	1.19944198919433E+17
16010	1.18854997200084E+17
16020	1.17710742587319E+17
16030	1.16507501139108E+17
16040	1.15241284171955E+17
16050	1.13908095797813E+17
16060	1.12503988469806E+17
16070	1.1102512638423E+17
16080	1.09467856290971E+17
16090	1.07828784934338E+17
16100	1.0610486199155E+17
16110	1.0429346701037E+17
16120	1.02392498487502E+17
16130	1.00400462894815E+17
16140	9.83165611722454E+16
16150	9.61407699860261E+16
16160	9.38739149192079E+16
16170	9.15177327363327E+16
16180	8.90749199594111E+16
16190	8.65491652161688E+16
16200	8.39451631750311E+16
16210	8.12686083579923E+16
16220	7.85261677077925E+16
16230	7.57254507305552E+16
16240	7.28766197976513E+16
16250	6.99935197129832E+16
16260	6.70906722596443E+16
16270	6.41826750704537E+16
16280	6.12839176351434E+16
16290	5.84083142541259E+16
16300	5.55690636218592E+16
16310	5.27784425133725E+16
16320	5.00476386209112E+16
16330	4.73866251505004E+16
16340	4.48040775159848E+16
16350	4.23073304943106E+16
16360	3.99023726162544E+16
16370	3.75938734014278E+16
16380	3.53852383045437E+16
16390	3.3278685889706E+16
16400	3.12753417364448E+16
16410	2.93753438391987E+16
16420	2.75779547201091E+16
16430	2.58816760655041E+16
16440	2.4284362358217E+16
16450	2.27833306600078E+16
16460	2.13754643608098E+16
16470	2.0057309325418E+16
16480	1.88251614146154E+16
16490	1.76751448264765E+16
16500	1.6603281091265E+16
16510	1.56055488619546E+16
16520	1.46779348775636E+16
16530	1.38164766459924E+16
16540	1.30172975060793E+16
16550	1.22766347944717E+16
16560	1.15908618707843E+16
16570	1.09565047528182E+16
16580	1.03702540898405E+16
16590	9.8289731624759E+15
16600	9.3297025480643E+15
16610	8.86966203470777E+15
16620	8.4462503091289E+15
16630	8.05704288548667E+15
16640	7.69978868639128E+15
16650	7.37240563485927E+15
16660	7.07297556776508E+15
16670	6.79973873798364E+15
16680	6.55108813416261E+15
16690	6.32556381394516E+15
16700	6.12184741843358E+15
16710	5.93875701255578E+15
16720	5.77524237758177E+15
16730	5.63038086811143E+15
16740	5.50337393621253E+15
16750	5.39354441987095E+15
16760	5.30033469139553E+15
16770	5.22330576386332E+15
16780	5.16213746010724E+15
16790	5.116629759271E+15
16800	5.08670545078798E+15
16810	5.07241424511417E+15
16820	5.07393851510223E+15
16830	5.09160087212382E+15
16840	5.12587381764656E+15
16850	5.17739175482138E+15
16860	5.24696569675767E+15
16870	5.33560106973284E+15
16880	5.44451908191074E+15
16890	5.57518221263373E+15
16900	5.72932447543962E+15
16910	5.90898722094759E+15
16920	6.11656137465944E+15
16930	6.35483714984279E+15
16940	6.62706243609576E+15
16950	6.93701123696179E+15
16960	7.28906370873985E+15
16970	7.68829952581988E+15
16980	8.14060644572849E+15
16990	8.65280603754882E+15
17000	9.23279851963325E+15
17010	9.88945898589964E+15
17020	1.0631907247528E+16
17030	1.14702004720957E+16
17040	1.24156457552769E+16
17050	1.34808799981736E+16
17060	1.46799299863599E+16
17070	1.60282393320203E+16
17080	1.75426443666596E+16
17090	1.9241275486128E+16
17100	2.11433539001442E+16
17110	2.3268846491813E+16
17120	2.56379341883736E+16
17130	2.82702431132495E+16
17140	3.11837849421585E+16
17150	3.4393556653231E+16
17160	3.79097651212556E+16
17170	4.1735675345751E+16
17180	4.58651405128806E+16
17190	5.02799657036084E+16
17200	5.494739020332E+16
17210	5.98181431271651E+16
17220	6.48257138520503E+16
17230	6.98876355703928E+16
17240	7.49096235233895E+16
17250	7.9793219500006E+16
17260	8.44470402649007E+16
17270	8.88007332678441E+16
17280	9.28193965658944E+16
17290	9.65148963045314E+16
17300	9.99499108696124E+16
17310	1.03231459802862E+17
17320	1.06493532187536E+17
17330	1.09872506199673E+17
17340	1.13482328685649E+17
17350	1.17396545279873E+17
17360	1.2164055868729E+17
17370	1.26192251951204E+17
17380	1.30986198686861E+17
17390	1.35917968192317E+17
17400	1.40848654426837E+17
17410	1.45612384763248E+17
17420	1.50029668105276E+17
17430	1.53927597314825E+17
17440	1.57165073317743E+17
17450	1.59658025907737E+17
17460	1.61397103292168E+17
17470	1.62450204797248E+17
17480	1.62946057157397E+17
17490	1.6304241460219E+17
17500	1.62889985274958E+17
17510	1.62605682388133E+17
17520	1.62263463931727E+17
17530	1.61901059204931E+17
17540	1.61533683025089E+17
17550	1.61166057848441E+17
17560	1.60799274610496E+17
17570	1.60433511841091E+17
17580	1.60068786832E+17
17590	1.59705097604355E+17
17600	1.59342440702439E+17
17610	1.58980812613903E+17
17620	1.58620209838421E+17
17630	1.58260628889522E+17
17640	1.57902066294562E+17
17650	1.57544518594655E+17
17660	1.57187982344615E+17
17670	1.56832454112892E+17
17680	1.56477930481511E+17
17690	1.56124408046012E+17
17700	1.55771883415385E+17
17710	1.55420353212014E+17
17720	1.55069814071612E+17
17730	1.54720262643167E+17
17740	1.54371695588875E+17
17750	1.54024109584086E+17
17760	1.53677501317242E+17
17770	1.5333186748982E+17
17780	1.52987204816271E+17
17790	1.52643510023964E+17
17800	1.52300779853127E+17
17810	1.51959011056788E+17
17820	1.51618200400721E+17
17830	1.51278344663386E+17
17840	1.50939440635872E+17
17850	1.50601485121842E+17
17860	1.50264474937477E+17
17870	1.49928406911419E+17
17880	1.49593277884713E+17
17890	1.49259084710757E+17
17900	1.48925824255243E+17
17910	1.48593493396101E+17
17920	1.4826208902345E+17
17930	1.47931608039536E+17
17940	1.47602047358686E+17
17950	1.47273403907246E+17
17960	1.46945674623536E+17
17970	1.4661885645779E+17
17980	1.46292946372105E+17
17990	1.4596794134039E+17
18000	1.45643838348313E+17
18010	1.45320634393246E+17
18020	1.44998326484216E+17
18030	1.44676911641855E+17
18040	1.44356386898342E+17
18050	1.44036749297358E+17
18060	1.43717995894035E+17
18070	1.434001237549E+17
18080	1.4308312995783E+17
18090	1.42767011591999E+17
18100	1.4245176575783E+17
18110	1.42137389566944E+17
18120	1.41823880142111E+17
18130	1.415112346172E+17
18140	1.41199450137132E+17
18150	1.4088852385783E+17
18160	1.40578452946169E+17
18170	1.40269234579933E+17
18180	1.39960865947761E+17
18190	1.39653344249103E+17
18200	1.39346666694172E+17
18210	1.39040830503893E+17
18220	1.38735832909864E+17
18230	1.38431671154302E+17
18240	1.38128342489998E+17
18250	1.37825844180273E+17
18260	1.3752417349893E+17
18270	1.37223327730209E+17
18280	1.36923304168741E+17
18290	1.36624100119501E+17
18300	1.36325712897767E+17
18310	1.36028139829071E+17
18320	1.35731378249155E+17
18330	1.35435425503928E+17
18340	1.35140278949421E+17
18350	1.34845935951742E+17
18360	1.34552393887034E+17
18370	1.34259650141429E+17
18380	1.33967702111007E+17
18390	1.3367654720175E+17
18400	1.33386182829502E+17
18410	1.33096606419923E+17
18420	1.32807815408451E+17
18430	1.32519807240253E+17
18440	1.32232579370188E+17
18450	1.31946129262765E+17
18460	1.31660454392099E+17
18470	1.31375552241867E+17
18480	1.31091420305276E+17
18490	1.30808056085009E+17
18500	1.30525457093195E+17
18510	1.30243620851363E+17
18520	1.29962544890401E+17
18530	1.29682226750518E+17
18540	1.29402663981202E+17
18550	1.29123854141182E+17
18560	1.28845794798386E+17
18570	1.28568483529903E+17
18580	1.28291917921941E+17
18590	1.28016095569791E+17
18600	1.27741014077789E+17
18610	1.2746667105927E+17
18620	1.27193064136539E+17
18630	1.26920190940824E+17
18640	1.26648049112245E+17
18650	1.26376636299768E+17
18660	1.26105950161175E+17
18670	1.25835988363021E+17
18680	1.25566748580599E+17
18690	1.25298228497901E+17
18700	1.25030425807582E+17
18710	1.24763338210923E+17
18720	1.24496963417794E+17
18730	1.24231299146615E+17
18740	1.23966343124323E+17
18750	1.23702093086336E+17
18760	1.23438546776512E+17
18770	1.23175701947118E+17
18780	1.22913556358792E+17
18790	1.2265210778051E+17
18800	1.22391353989544E+17
18810	1.22131292771434E+17
18820	1.21871921919951E+17
18830	1.21613239237058E+17
18840	1.2135524253288E+17
18850	1.21097929625669E+17
18860	1.20841298341765E+17
18870	1.20585346515568E+17
18880	1.203300719895E+17
18890	1.20075472613971E+17
18900	1.19821546247346E+17
18910	1.19568290755913E+17
18920	1.19315704013847E+17
18930	1.19063783903179E+17
18940	1.18812528313759E+17
18950	1.18561935143227E+17
18960	1.18312002296981E+17
18970	1.18062727688138E+17
18980	1.17814109237507E+17
18990	1.17566144873557E+17
19000	1.17318832532382E+17
19010	1.17072170157667E+17
19020	1.16826155700663E+17
19030	1.1658078712015E+17
19040	1.16336062382404E+17
19050	1.16091979461173E+17
19060	1.15848536337636E+17
19070	1.15605731000379E+17
19080	1.15363561445361E+17
19090	1.15122025675885E+17
19100	1.14881121702564E+17
19110	1.14640847543294E+17
19120	1.14401201223221E+17
19130	1.14162180774712E+17
19140	1.13923784237325E+17
19150	1.13686009657777E+17
19160	1.13448855089918E+17
19170	1.13212318594696E+17
19180	1.12976398240132E+17
19190	1.1274109210129E+17
19200	1.12506398260244E+17
19210	1.12272314806053E+17
19220	1.12038839834729E+17
19230	1.11805971449211E+17
19240	1.11573707759334E+17
19250	1.113420468818E+17
19260	1.11110986940152E+17
19270	1.10880526064742E+17
19280	1.10650662392708E+17
19290	1.10421394067939E+17
19300	1.10192719241054E+17
19310	1.0996463606937E+17
19320	1.09737142716874E+17
19330	1.09510237354197E+17
19340	1.09283918158587E+17
19350	1.09058183313881E+17
19360	1.08833031010477E+17
19370	1.08608459445307E+17
19380	1.08384466821811E+17
19390	1.08161051349911E+17
19400	1.07938211245981E+17
19410	1.07715944732824E+17
19420	1.07494250039643E+17
19430	1.07273125402016E+17
19440	1.07052569061871E+17
19450	1.06832579267456E+17
19460	1.06613154273316E+17
19470	1.06394292340267E+17
19480	1.06175991735371E+17
19490	1.05958250731907E+17
19500	1.05741067609349E+17
19510	1.05524440653339E+17
19520	1.05308368155662E+17
19530	1.05092848414221E+17
19540	1.04877879733013E+17
19550	1.046634604221E+17
19560	1.04449588797591E+17
19570	1.04236263181611E+17
19580	1.04023481902279E+17
19590	1.03811243293685E+17
19600	1.03599545695862E+17
19610	1.03388387454766E+17
19620	1.03177766922249E+17
19630	1.02967682456035E+17
19640	1.02758132419698E+17
19650	1.02549115182636E+17
19660	1.02340629120049E+17
19670	1.02132672612915E+17
19680	1.01925244047966E+17
19690	1.01718341817665E+17
19700	1.01511964320182E+17
19710	1.01306109959373E+17
19720	1.01100777144755E+17
19730	1.00895964291482E+17
19740	1.00691669820327E+17
19750	1.00487892157653E+17
19760	1.00284629735394E+17
19770	1.00081880991034E+17
19780	9.98796443675795E+16
19790	9.96779183135419E+16
19800	9.9476701282913E+16
19810	9.92759917351434E+16
19820	9.90757881351207E+16
19830	9.8876088953147E+16
19840	9.86768926649177E+16
19850	9.84781977514995E+16
19860	9.82800026993085E+16
19870	9.80823060000895E+16
19880	9.78851061508936E+16
19890	9.76884016540574E+16
19900	9.74921910171821E+16
19910	9.72964727531113E+16
19920	9.71012453799111E+16
19930	9.69065074208485E+16
19940	9.67122574043708E+16
19950	9.65184938640846E+16
19960	9.63252153387355E+16
19970	9.61324203721872E+16
19980	9.59401075134011E+16
19990	9.57482753164161E+16
20000	9.55569223403281E+16
