2000	1.14823471535887E+15
2010	1.22168773987613E+15
2020	1.29920351436019E+15
2030	1.38094258691743E+15
2040	1.46707066981048E+15
2050	1.55777045774565E+15
2060	1.65325054448236E+15
2070	1.75374898085518E+15
2080	1.85952920496086E+15
2090	1.97086888093434E+15
2100	2.08804394274416E+15
2110	2.21131237550884E+15
2120	2.34090472982682E+15
2130	2.47702457519548E+15
2140	2.61986191856371E+15
2150	2.76961394662401E+15
2160	2.92651013489723E+15
2170	3.09083949381524E+15
2180	3.26295904996084E+15
2190	3.44328894035153E+15
2200	3.63229496847402E+15
2210	3.83045150524526E+15
2220	4.03819867991056E+15
2230	4.2559124535554E+15
2240	4.48388184500946E+15
2250	4.72231199263186E+15
2260	4.97135907559441E+15
2270	5.23117088283326E+15
2280	5.50195618198643E+15
2290	5.78404241524914E+15
2300	6.07790499756471E+15
2310	6.38419671382188E+15
2320	6.70371165037984E+15
2330	7.03733187975768E+15
2340	7.38594587270894E+15
2350	7.75033707050767E+15
2360	8.13113401294397E+15
2370	8.52871582853772E+15
2380	8.94323471211096E+15
2390	9.37464701248563E+15
2400	9.82280372221258E+15
2410	1.02875905573768E+16
2420	1.07690329953711E+16
2430	1.1267482695686E+16
2440	1.17836189954961E+16
2450	1.2318586522176E+16
2460	1.28738637882817E+16
2470	1.34512304855692E+16
2480	1.405253554474E+16
2490	1.46795829638253E+16
2500	1.53338076126869E+16
2510	1.60162197466608E+16
2520	1.67271979451388E+16
2530	1.7466523039793E+16
2540	1.82334325345696E+16
2550	1.90268320909743E+16
2560	1.98454757110074E+16
2570	2.06884131404596E+16
2580	2.15550593119236E+16
2590	2.24457369070992E+16
2600	2.33615292003776E+16
2610	2.43046537947344E+16
2620	2.52780938782462E+16
2630	2.6285689141403E+16
2640	2.73315380163884E+16
2650	2.84199162328558E+16
2660	2.95544926649571E+16
2670	3.07382704478801E+16
2680	3.19728837230638E+16
2690	3.3258644506905E+16
2700	3.45943235750533E+16
2710	3.5977222957313E+16
2720	3.74037598573972E+16
2730	3.8869498292765E+16
2740	4.03702682298451E+16
2750	4.19023538644244E+16
2760	4.34633002489576E+16
2770	4.50526649657679E+16
2780	4.66716146784351E+16
2790	4.83243178478419E+16
2800	5.00163378534943E+16
2810	5.17557933214573E+16
2820	5.35518669055476E+16
2830	5.54142904413126E+16
2840	5.73533100002669E+16
2850	5.93774181645832E+16
2860	6.14939832288703E+16
2870	6.37078221705411E+16
2880	6.60199562334732E+16
2890	6.84294383036935E+16
2900	7.09302198880355E+16
2910	7.35142696640775E+16
2920	7.61707880252264E+16
2930	7.88868521062185E+16
2940	8.16497364748289E+16
2950	8.44477042489192E+16
2960	8.72696138107369E+16
2970	9.01101872333355E+16
2980	9.29660522611797E+16
2990	9.58395794456881E+16
3000	9.8739424398654E+16
3010	1.01676745702098E+17
3020	1.04669458415336E+17
3030	1.07738326238854E+17
3040	1.10905651492096E+17
3050	1.1419537343934E+17
3060	1.17632035387794E+17
3070	1.21235106585258E+17
3080	1.25022895327521E+17
3090	1.29009535482482E+17
3100	1.33198965915528E+17
3110	1.37593277264341E+17
3120	1.42185081162975E+17
3130	1.46957881718594E+17
3140	1.5189205911728E+17
3150	1.56960106473997E+17
3160	1.62129351205732E+17
3170	1.67365445764467E+17
3180	1.72635914518339E+17
3190	1.77906806648064E+17
3200	1.83149115380126E+17
3210	1.88346504965931E+17
3220	1.93484079343736E+17
3230	1.98558915724535E+17
3240	2.03585637157189E+17
3250	2.08581944838496E+17
3260	2.13577958568851E+17
3270	2.18618235976399E+17
3280	2.23750660363067E+17
3290	2.29027380539846E+17
3300	2.34505185389181E+17
3310	2.40243901796462E+17
3320	2.46296255358572E+17
3330	2.52705831193555E+17
3340	2.59518223847919E+17
3350	2.66765758025842E+17
3360	2.74458551414245E+17
3370	2.82605259158406E+17
3380	2.91203009566711E+17
3390	3.00221841317093E+17
3400	3.09624877805079E+17
3410	3.19367621342638E+17
3420	3.29386588885011E+17
3430	3.39608415174916E+17
3440	3.49953646743147E+17
3450	3.60342338882671E+17
3460	3.70691963387246E+17
3470	3.80915134093429E+17
3480	3.90938633719779E+17
3490	4.00711281304026E+17
3500	4.1018256349693E+17
3510	4.19313213213301E+17
3520	4.2811185340773E+17
3530	4.36601511932929E+17
3540	4.44809559350433E+17
3550	4.5279944712069E+17
3560	4.60668669138929E+17
3570	4.6851958485346E+17
3580	4.76461778510068E+17
3590	4.84623419995429E+17
3600	4.93140933871575E+17
3610	5.02155503974663E+17
3620	5.11793277971E+17
3630	5.22158687478514E+17
3640	5.33360549803279E+17
3650	5.45508573641179E+17
3660	5.58657321545917E+17
3670	5.72829945783822E+17
3680	5.88051591538979E+17
3690	6.04335585294054E+17
3700	6.21632110096552E+17
3710	6.39868122471742E+17
3720	6.58963048375134E+17
3730	6.78819132580065E+17
3740	6.99304397104668E+17
3750	7.20269860432774E+17
3760	7.41552899648914E+17
3770	7.62983001370014E+17
3780	7.84389548744442E+17
3790	8.05592162427675E+17
3800	8.26400133109024E+17
3810	8.46633980150344E+17
3820	8.66152044580828E+17
3830	8.84815920245793E+17
3840	9.02486243499805E+17
3850	9.1905579820323E+17
3860	9.34507048309186E+17
3870	9.4884284861804E+17
3880	9.62071645435681E+17
3890	9.7423182965072E+17
3900	9.85479556165585E+17
3910	9.96007770642934E+17
3920	1.00601283167585E+18
3930	1.01569916840618E+18
3940	1.02533501383379E+18
3950	1.03522765097957E+18
3960	1.04568732566602E+18
3970	1.05702763230717E+18
3980	1.06953754636797E+18
3990	1.08346691583712E+18
4000	1.0990717578857E+18
4010	1.11662104960827E+18
4020	1.13637124905167E+18
4030	1.15842931311432E+18
4040	1.18285365056905E+18
4050	1.20971159668076E+18
4060	1.2390777419083E+18
4070	1.27095265030042E+18
4080	1.30520463050001E+18
4090	1.34167940203009E+18
4100	1.38020825783426E+18
4110	1.42060284991283E+18
4120	1.46262608153718E+18
4130	1.50599769621359E+18
4140	1.55041035998166E+18
4150	1.59552888507254E+18
4160	1.64099980544177E+18
4170	1.68649965291928E+18
4180	1.73170382803511E+18
4190	1.77626925796175E+18
4200	1.81983629247644E+18
4210	1.86205027568532E+18
4220	1.9026232599075E+18
4230	1.94128340113719E+18
4240	1.97775905790171E+18
4250	2.01178124957714E+18
4260	2.04311017806645E+18
4270	2.07160996372961E+18
4280	2.09718070156693E+18
4290	2.11973565283564E+18
4300	2.13920152254622E+18
4310	2.15555351161247E+18
4320	2.16897859711852E+18
4330	2.17974336349855E+18
4340	2.18811971533293E+18
4350	2.19438160140595E+18
4360	2.19881876179108E+18
4370	2.20192866246903E+18
4380	2.20434408249952E+18
4390	2.20668452157561E+18
4400	2.2095535808764E+18
4410	2.21354125914659E+18
4420	2.21923303181642E+18
4430	2.22721954177015E+18
4440	2.23809352217911E+18
4450	2.25245543272281E+18
4460	2.27092153189947E+18
4470	2.29409309657038E+18
4480	2.32225685926439E+18
4490	2.35555154185004E+18
4500	2.39414091705853E+18
4510	2.43821429893054E+18
4520	2.48798590546398E+18
4530	2.54357046235328E+18
4540	2.60473003866136E+18
4550	2.67114943483481E+18
4560	2.74249228892933E+18
4570	2.81839321623784E+18
4580	2.89845082665304E+18
4590	2.98220996751353E+18
4600	3.06915043977314E+18
4610	3.15870271421863E+18
4620	3.25024722793289E+18
4630	3.34311313623731E+18
4640	3.43658071443298E+18
4650	3.52998560576532E+18
4660	3.62277560469747E+18
4670	3.7143851767688E+18
4680	3.80422791024097E+18
4690	3.89170042525391E+18
4700	3.97618761816205E+18
4710	4.05714744618074E+18
4720	4.13418974541039E+18
4730	4.2069512181029E+18
4740	4.27508207306256E+18
4750	4.33824847419541E+18
4760	4.39613485650104E+18
4770	4.44846849016404E+18
4780	4.49508813742657E+18
4790	4.53587882970274E+18
4800	4.57074996462883E+18
4810	4.59963505203587E+18
4820	4.62249130059894E+18
4830	4.63930292149223E+18
4840	4.65014108557609E+18
4850	4.65514987627395E+18
4860	4.65449121927E+18
4870	4.64834113225096E+18
4880	4.63688771096479E+18
4890	4.62032921523249E+18
4900	4.59897101559658E+18
4910	4.57355506985665E+18
4920	4.54491467813664E+18
4930	4.51384345025436E+18
4940	4.48109350691215E+18
4950	4.4473752840361E+18
4960	4.41335928220961E+18
4970	4.37986612030077E+18
4980	4.34812201561777E+18
4990	4.31935529527598E+18
5000	4.29473775180281E+18
5010	4.275398853249E+18
5020	4.2624424790089E+18
5030	4.25696522148285E+18
5040	4.25985400186033E+18
5050	4.27151003797124E+18
5060	4.29230317281125E+18
5070	4.32264524636395E+18
5080	4.36299026321878E+18
5090	4.41383509974516E+18
5100	4.47572046733932E+18
5110	4.54901555497901E+18
5120	4.63326476915059E+18
5130	4.72779880616615E+18
5140	4.83192406354497E+18
5150	4.94490453061869E+18
5160	5.06594597922262E+18
5170	5.19418271696162E+18
5180	5.32867068809403E+18
5190	5.46843232743679E+18
5200	5.61246221121558E+18
5210	5.75969809189752E+18
5220	5.90902208401266E+18
5230	6.05926524863119E+18
5240	6.20921465914837E+18
5250	6.35762273461885E+18
5260	6.50331286390597E+18
5270	6.64547548583057E+18
5280	6.78340480731123E+18
5290	6.91641438508201E+18
5300	7.04384347787617E+18
5310	7.16506302384364E+18
5320	7.27948108529954E+18
5330	7.38654785777158E+18
5340	7.48583867486668E+18
5350	7.57716777478462E+18
5360	7.66041944608725E+18
5370	7.735517194331E+18
5380	7.80242191088606E+18
5390	7.86112971852569E+18
5400	7.91166955121171E+18
5410	7.9541005382414E+18
5420	7.98852774859139E+18
5430	8.01513468558466E+18
5440	8.03413191712042E+18
5450	8.04574337502107E+18
5460	8.05020368574576E+18
5470	8.04775569429451E+18
5480	8.03864818912503E+18
5490	8.02313383119552E+18
5500	8.00147182082521E+18
5510	7.97395745212199E+18
5520	7.94089950458609E+18
5530	7.90260081362348E+18
5540	7.85935705161328E+18
5550	7.81145582452305E+18
5560	7.75917594831007E+18
5570	7.70278688691774E+18
5580	7.64254821012195E+18
5590	7.57868040547583E+18
5600	7.51133103657514E+18
5610	7.44063630581513E+18
5620	7.36673078477455E+18
5630	7.28974755501616E+18
5640	7.2098183609257E+18
5650	7.12707376822279E+18
5660	7.04164332250945E+18
5670	6.9536633137152E+18
5680	6.86370303214288E+18
5690	6.77294201343701E+18
5700	6.6825144552509E+18
5710	6.59345655626843E+18
5720	6.50671558138842E+18
5730	6.4231609182299E+18
5740	6.34359666495895E+18
5750	6.26877540127529E+18
5760	6.19941314717251E+18
5770	6.13625529636862E+18
5780	6.08015357458939E+18
5790	6.03197528666311E+18
5800	5.99259294491507E+18
5810	5.96288956267028E+18
5820	5.94376428005424E+18
5830	5.93613832859542E+18
5840	5.94096121057441E+18
5850	5.9592168184303E+18
5860	5.99178399023762E+18
5870	6.03834791018565E+18
5880	6.09797688618293E+18
5890	6.16970202947058E+18
5900	6.25249253416791E+18
5910	6.34522962918943E+18
5920	6.44668470770221E+18
5930	6.55550265099814E+18
5940	6.67019145441122E+18
5950	6.78911919938263E+18
5960	6.91060085669035E+18
5970	7.03319694541221E+18
5980	7.15556488258239E+18
5990	7.27640861934574E+18
6000	7.39449764812982E+18
6010	7.50868550548476E+18
6020	7.61792664302081E+18
6030	7.72129059588409E+18
6040	7.81797253642946E+18
6050	7.90729954926091E+18
6060	7.9887873400286E+18
6070	8.06234615062023E+18
6080	8.12804857643333E+18
6090	8.18602685844667E+18
6100	8.23646475568267E+18
6110	8.2795890735192E+18
6120	8.31566112452738E+18
6130	8.34496840776849E+18
6140	8.36781675074053E+18
6150	8.38452310795122E+18
6160	8.39541002164986E+18
6170	8.40081893842248E+18
6180	8.40110045187137E+18
6190	8.39658877474165E+18
6200	8.38759987879623E+18
6210	8.37443117667295E+18
6220	8.35736157843639E+18
6230	8.33665184411754E+18
6240	8.3125451623585E+18
6250	8.28526789470389E+18
6260	8.25503043449607E+18
6270	8.22202836981231E+18
6280	8.18644554046762E+18
6290	8.14845359292525E+18
6300	8.10821148656971E+18
6310	8.06586658597492E+18
6320	8.0215557036278E+18
6330	7.97540607060681E+18
6340	7.92753623693121E+18
6350	7.87805690425167E+18
6360	7.82707169407981E+18
6370	7.77467785497597E+18
6380	7.72096611566972E+18
6390	7.66600434399349E+18
6400	7.60983921645833E+18
6410	7.55251404812645E+18
6420	7.49406993991029E+18
6430	7.43454613799279E+18
6440	7.37398037285641E+18
6450	7.31240917969257E+18
6460	7.24986820140525E+18
6470	7.18639247492596E+18
6480	7.12201670111835E+18
6490	7.05677549816983E+18
6500	6.9907147907731E+18
6510	6.92393768437751E+18
6520	6.85656319810067E+18
6530	6.78870722051705E+18
6540	6.72048251901641E+18
6550	6.65199870501105E+18
6560	6.58336215456451E+18
6570	6.514675893807E+18
6580	6.44603945845818E+18
6590	6.3775487365152E+18
6600	6.30929580270871E+18
6610	6.24136875271118E+18
6620	6.17381756540717E+18
6630	6.10650496606759E+18
6640	6.03923952964872E+18
6650	5.97184210595246E+18
6660	5.9041462118609E+18
6670	5.83599842075424E+18
6680	5.76725881446916E+18
6690	5.69780149928389E+18
6700	5.6275151820769E+18
6710	5.55630379710779E+18
6720	5.48408716772034E+18
6730	5.41080168067028E+18
6740	5.33641635234676E+18
6750	5.26143916188719E+18
6760	5.18697281121402E+18
6770	5.11405847383283E+18
6780	5.04363416238668E+18
6790	4.97653979460572E+18
6800	4.91352709109655E+18
6810	4.85527382521999E+18
6820	4.80240174346209E+18
6830	4.75549740309153E+18
6840	4.71513520845213E+18
6850	4.68190202265144E+18
6860	4.65642282717698E+18
6870	4.63936441872922E+18
6880	4.63087309790234E+18
6890	4.6305255891191E+18
6900	4.63793581268425E+18
6910	4.65275575261503E+18
6920	4.67464447953543E+18
6930	4.70323930298796E+18
6940	4.7381293737511E+18
6950	4.77883238375737E+18
6960	4.8247753349966E+18
6970	4.87528062153212E+18
6980	4.92955883349832E+18
6990	4.9867096849815E+18
7000	5.04573222677592E+18
7010	5.10557940519343E+18
7020	5.16529673779173E+18
7030	5.22396384149419E+18
7040	5.28068884916618E+18
7050	5.33463316749381E+18
7060	5.38503464387132E+18
7070	5.43122820417914E+18
7080	5.47266300171768E+18
7090	5.50891515736722E+18
7100	5.53969529437141E+18
7110	5.56485029812332E+18
7120	5.58435906934274E+18
7130	5.59832247100502E+18
7140	5.60694814765939E+18
7150	5.61056593110887E+18
7160	5.60968343838299E+18
7170	5.60482416014863E+18
7180	5.59647929213867E+18
7190	5.58510253432937E+18
7200	5.57110729163001E+18
7210	5.55486582630893E+18
7220	5.53670991990878E+18
7230	5.51693263755305E+18
7240	5.49579083938384E+18
7250	5.47350814340839E+18
7260	5.45027810446359E+18
7270	5.42626743063939E+18
7280	5.40161910848855E+18
7290	5.37645521259089E+18
7300	5.35087577581446E+18
7310	5.32496231418247E+18
7320	5.2987852837227E+18
7330	5.27240561490932E+18
7340	5.24587582692813E+18
7350	5.21924105119391E+18
7360	5.19253996023126E+18
7370	5.16580560202944E+18
7380	5.13906614287959E+18
7390	5.11234552368158E+18
7400	5.08566403594639E+18
7410	5.05903882438136E+18
7420	5.03248432317412E+18
7430	5.00601263300553E+18
7440	4.97963384576787E+18
7450	4.95335634965752E+18
7460	4.92718708578022E+18
7470	4.90113170085094E+18
7480	4.87519471681737E+18
7490	4.84937967979743E+18
7500	4.82368928569737E+18
7510	4.79812548581415E+18
7520	4.77268957528134E+18
7530	4.74738226682509E+18
7540	4.7222037519506E+18
7550	4.69715375138085E+18
7560	4.67223155631062E+18
7570	4.64743606181929E+18
7580	4.62276579359966E+18
7590	4.59821892900379E+18
7600	4.57379331275184E+18
7610	4.54948645210994E+18
7620	4.52529552019952E+18
7630	4.50121737945974E+18
7640	4.47724858532578E+18
7650	4.45338538695377E+18
7660	4.42962372664769E+18
7670	4.40595923842596E+18
7680	4.38238724614997E+18
7690	4.35890276162571E+18
7700	4.33550048308115E+18
7710	4.31217479441612E+18
7720	4.28891976561442E+18
7730	4.2657291547008E+18
7740	4.24259641161542E+18
7750	4.2195146843649E+18
7760	4.19647682779128E+18
7770	4.17347510398813E+18
7780	4.15049978014839E+18
7790	4.12753992767261E+18
7800	4.10458383975408E+18
7810	4.08161898601169E+18
7820	4.05863196780016E+18
7830	4.03560847518585E+18
7840	4.01253324648968E+18
7850	3.98939003142715E+18
7860	3.96616155900802E+18
7870	3.94282951149004E+18
7880	3.91937450581085E+18
7890	3.89577608404303E+18
7900	3.87201271452604E+18
7910	3.84806180541885E+18
7920	3.82389973248172E+18
7930	3.79950188292865E+18
7940	3.77484359732052E+18
7950	3.74991005682901E+18
7960	3.7246948632884E+18
7970	3.69919470363625E+18
7980	3.67340956609857E+18
7990	3.64734300472889E+18
8000	3.62100234651054E+18
8010	3.59439883448387E+18
8020	3.56754770227622E+18
8030	3.54046817755289E+18
8040	3.51318341415779E+18
8050	3.48572035495398E+18
8060	3.4581095294935E+18
8070	3.43038479254326E+18
8080	3.40258301108797E+18
8090	3.37474370866201E+18
8100	3.346908676697E+18
8110	3.31912156299884E+18
8120	3.29142242652323E+18
8130	3.26378695079751E+18
8140	3.23614165820073E+18
8150	3.20840642051414E+18
8160	3.18049616067674E+18
8170	3.1523215792651E+18
8180	3.12378979978927E+18
8190	3.09480497317379E+18
8200	3.06526888491408E+18
8210	3.03508161104331E+18
8220	3.00414227108443E+18
8230	2.97234992729E+18
8240	2.93960467920861E+18
8250	2.90580900032516E+18
8260	2.87086935843735E+18
8270	2.83469815271261E+18
8280	2.79721598717987E+18
8290	2.75835428203852E+18
8300	2.71805820017842E+18
8310	2.676334120828E+18
8320	2.6335636572787E+18
8330	2.59031072311814E+18
8340	2.54713684152521E+18
8350	2.5045864865884E+18
8360	2.4631747905478E+18
8370	2.4233779354754E+18
8380	2.38562713972675E+18
8390	2.35030660875736E+18
8400	2.31775535461825E+18
8410	2.28827244797338E+18
8420	2.2621250635483E+18
8430	2.23955859709736E+18
8440	2.22080813162399E+18
8450	2.20611056393224E+18
8460	2.19571671512644E+18
8470	2.18990268074954E+18
8480	2.18897945884415E+18
8490	2.19329944117788E+18
8500	2.2032575521201E+18
8510	2.2191464459106E+18
8520	2.2407251963877E+18
8530	2.26757364779069E+18
8540	2.29917644603444E+18
8550	2.334878825423E+18
8560	2.37385031568633E+18
8570	2.41506334850333E+18
8580	2.4572951211207E+18
8590	2.49916093635408E+18
8600	2.53918452034211E+18
8610	2.57590475878055E+18
8620	2.60800908639221E+18
8630	2.63447324170265E+18
8640	2.65467889928683E+18
8650	2.66847936105171E+18
8660	2.67619230334821E+18
8670	2.67851689677227E+18
8680	2.67639460358062E+18
8690	2.67084944280963E+18
8700	2.66284683112867E+18
8710	2.65319905110299E+18
8720	2.64252942479496E+18
8730	2.63127284992473E+18
8740	2.61970500053727E+18
8750	2.60799224371859E+18
8760	2.59623104842849E+18
8770	2.5844753804713E+18
8780	2.57275445356431E+18
8790	2.56108358935968E+18
8800	2.54947055258394E+18
8810	2.53791910318158E+18
8820	2.5264309238942E+18
8830	2.5150066386887E+18
8840	2.50364633945667E+18
8850	2.4923498539189E+18
8860	2.48111688022069E+18
8870	2.46994705397396E+18
8880	2.45883998147397E+18
8890	2.44779525611481E+18
8900	2.43681246649825E+18
8910	2.42589120044292E+18
8920	2.41503104696831E+18
8930	2.40423159727552E+18
8940	2.39349244522735E+18
8950	2.38281318758337E+18
8960	2.37219342410443E+18
8970	2.36163275759186E+18
8980	2.35113079389621E+18
8990	2.34068714190948E+18
9000	2.3303014135485E+18
9010	2.31997322373375E+18
9020	2.30970219036571E+18
9030	2.29948793430012E+18
9040	2.2893300793227E+18
9050	2.27922825212377E+18
9060	2.26918208227288E+18
9070	2.25919120219357E+18
9080	2.24925524713837E+18
9090	2.23937385516397E+18
9100	2.22954666710661E+18
9110	2.21977332655774E+18
9120	2.21005347983991E+18
9130	2.20038677598284E+18
9140	2.19077286669982E+18
9150	2.18121140636425E+18
9160	2.17170205198646E+18
9170	2.16224446319072E+18
9180	2.15283830219253E+18
9190	2.1434832337761E+18
9200	2.13417892527202E+18
9210	2.12492504653521E+18
9220	2.11572126992301E+18
9230	2.10656727027357E+18
9240	2.09746272488441E+18
9250	2.08840731349112E+18
9260	2.07940071824641E+18
9270	2.07044262369923E+18
9280	2.06153271677418E+18
9290	2.05267068675104E+18
9300	2.04385622524461E+18
9310	2.03508902618462E+18
9320	2.02636878579591E+18
9330	2.01769520257879E+18
9340	2.00906797728957E+18
9350	2.00048681292131E+18
9360	1.99195141468469E+18
9370	1.98346148998916E+18
9380	1.97501674842418E+18
9390	1.96661690174067E+18
9400	1.95826166383269E+18
9410	1.9499507507192E+18
9420	1.94168388052607E+18
9430	1.93346077346823E+18
9440	1.92528115183198E+18
9450	1.9171447399575E+18
9460	1.90905126422151E+18
9470	1.90100045302008E+18
9480	1.89299203675162E+18
9490	1.88502574780002E+18
9500	1.87710132051797E+18
9510	1.86921849121043E+18
9520	1.86137699811822E+18
9530	1.85357658140183E+18
9540	1.8458169831253E+18
9550	1.83809794724036E+18
9560	1.8304192195706E+18
9570	1.82278054779587E+18
9580	1.81518168143678E+18
9590	1.80762237183939E+18
9600	1.80010237215999E+18
9610	1.79262143735001E+18
9620	1.78517932414115E+18
9630	1.7777757910305E+18
9640	1.77041059826592E+18
9650	1.76308350783141E+18
9660	1.75579428343266E+18
9670	1.74854269048259E+18
9680	1.74132849608705E+18
9690	1.73415146903043E+18
9700	1.72701137976124E+18
9710	1.71990800037761E+18
9720	1.71284110461252E+18
9730	1.70581046781865E+18
9740	1.69881586695267E+18
9750	1.69185708055863E+18
9760	1.68493388875014E+18
9770	1.67804607319074E+18
9780	1.67119341707186E+18
9790	1.66437570508736E+18
9800	1.6575927234036E+18
9810	1.65084425962322E+18
9820	1.64413010274089E+18
9830	1.63745004308824E+18
9840	1.63080387226479E+18
9850	1.62419138305079E+18
9860	1.61761236929681E+18
9870	1.61106662578401E+18
9880	1.6045539480475E+18
9890	1.5980741321538E+18
9900	1.59162697442188E+18
9910	1.58521227107546E+18
9920	1.57882981781138E+18
9930	1.5724794091997E+18
9940	1.56616083787496E+18
9950	1.55987389363228E+18
9960	1.55361836225047E+18
9970	1.54739402400783E+18
9980	1.54120065182487E+18
9990	1.53503800894856E+18
10000	1.52890584607564E+18
10010	1.52280389779347E+18
10020	1.51673187819428E+18
10030	1.51068947549432E+18
10040	1.50467634546131E+18
10050	1.49869210342382E+18
10060	1.49273631460365E+18
10070	1.48680848247847E+18
10080	1.48090803484782E+18
10090	1.4750343072415E+18
10100	1.46918652327834E+18
10110	1.46336377155684E+18
10120	1.45756497863984E+18
10130	1.45178887768698E+18
10140	1.44603397229467E+18
10150	1.44029849512822E+18
10160	1.43458036097879E+18
10170	1.42887711395476E+18
10180	1.42318586862695E+18
10190	1.41750324509506E+18
10200	1.41182529813263E+18
10210	1.40614749823484E+18
10220	1.40046490330595E+18
10230	1.39477209556814E+18
10240	1.38906316442128E+18
10250	1.38333174805653E+18
10260	1.37757109683654E+18
10270	1.37177415921366E+18
10280	1.36593368992467E+18
10290	1.36004237907168E+18
10300	1.35409299954987E+18
10310	1.34807856919307E+18
10320	1.34199252305759E+18
10330	1.3358288905251E+18
10340	1.32958247143112E+18
10350	1.32324900525275E+18
10360	1.31682532752993E+18
10370	1.31030950813616E+18
10380	1.30370096672406E+18
10390	1.29700056159826E+18
10400	1.29021064934698E+18
10410	1.28333511372652E+18
10420	1.27637936346746E+18
10430	1.26935029979315E+18
10440	1.26225625545312E+18
10450	1.25510690793319E+18
10460	1.24791317018005E+18
10470	1.24068706265541E+18
10480	1.23344157081152E+18
10490	1.22619049216457E+18
10500	1.21894827705355E+18
10510	1.21172611467459E+18
10520	1.20451987146021E+18
10530	1.19731954860437E+18
10540	1.19011283115087E+18
10550	1.1828852659654E+18
10560	1.17562041292937E+18
10570	1.16829996850159E+18
10580	1.16090386282942E+18
10590	1.15341033334139E+18
10600	1.14579597932381E+18
10610	1.13803580346245E+18
10620	1.13010324778186E+18
10630	1.12197023288343E+18
10640	1.1136072108844E+18
10650	1.10498324397836E+18
10660	1.09606612202276E+18
10670	1.08682253391468E+18
10680	1.07721830860189E+18
10690	1.06721874219636E+18
10700	1.0567890275657E+18
10710	1.0458948016821E+18
10720	1.0345028235855E+18
10730	1.02258179174158E+18
10740	1.01010330355781E+18
10750	9.97042951668328E+17
10760	9.83381541275793E+17
10770	9.69106400547037E+17
10780	9.54212742303544E+17
10790	9.38705020884435E+17
10800	9.22598214315789E+17
10810	9.05918950346657E+17
10820	8.88706527877743E+17
10830	8.71047199888926E+17
10840	8.5311399138806E+17
10850	8.35091057508705E+17
10860	8.17156430291173E+17
10870	7.99476447291208E+17
10880	7.8220109780587E+17
10890	7.65460590482989E+17
10900	7.49363276900622E+17
10910	7.33994911381764E+17
10920	7.19419106196911E+17
10930	7.05678762167758E+17
10940	6.92798217596094E+17
10950	6.80785857217453E+17
10960	6.69636947989348E+17
10970	6.59336509695625E+17
10980	6.49862076419284E+17
10990	6.41186252860576E+17
11000	6.33279012612428E+17
11010	6.26109721406332E+17
11020	6.19648896296411E+17
11030	6.13869732241292E+17
11040	6.0874944175842E+17
11050	6.04270462761182E+17
11060	6.00421595876564E+17
11070	5.97199136865235E+17
11080	5.94608073349981E+17
11090	5.92663418674367E+17
11100	5.91391759668482E+17
11110	5.90833099041768E+17
11120	5.91043075684548E+17
11130	5.92095644301066E+17
11140	5.94086283665165E+17
11150	5.97135769774087E+17
11160	6.01393648486162E+17
11170	6.07005755518056E+17
11180	6.14092917054467E+17
11190	6.22787224961247E+17
11200	6.33228374496332E+17
11210	6.45553346577969E+17
11220	6.59881633820045E+17
11230	6.76294934696505E+17
11240	6.94810616346209E+17
11250	7.15349161813832E+17
11260	7.37697531479928E+17
11270	7.61473083242457E+17
11280	7.86096352204767E+17
11290	8.10784929619347E+17
11300	8.34583244748034E+17
11310	8.56441401664795E+17
11320	8.75346940961706E+17
11330	8.90494592533922E+17
11340	9.0145403163796E+17
11350	9.08275971855393E+17
11360	9.11480584183298E+17
11370	9.11911681644605E+17
11380	9.10504470452605E+17
11390	9.08064120856843E+17
11400	9.05144335738261E+17
11410	9.02049100993576E+17
11420	8.98909995988286E+17
11430	8.9577107157985E+17
11440	8.92643450285121E+17
11450	8.89529158513643E+17
11460	8.86428408116508E+17
11470	8.83341155025564E+17
11480	8.8026733052E+17
11490	8.77206864643342E+17
11500	8.74159687791424E+17
11510	8.71125730780734E+17
11520	8.6810492484756E+17
11530	8.65097201645119E+17
11540	8.62102493240671E+17
11550	8.59120732112654E+17
11560	8.56151851147845E+17
11570	8.53195783638536E+17
11580	8.50252463279741E+17
11590	8.47321824166416E+17
11600	8.44403800790705E+17
11610	8.41498328039208E+17
11620	8.38605341190269E+17
11630	8.35724775911283E+17
11640	8.32856568256026E+17
11650	8.30000654662006E+17
11660	8.27156971947834E+17
11670	8.24325457310614E+17
11680	8.21506048323351E+17
11690	8.18698682932388E+17
11700	8.15903299454853E+17
11710	8.13119836576128E+17
11720	8.10348233347341E+17
11730	8.07588429182873E+17
11740	8.04840363857887E+17
11750	8.02103977505873E+17
11760	7.99379210616218E+17
11770	7.96666004031785E+17
11780	7.93964298946515E+17
11790	7.91274036903054E+17
11800	7.88595159790387E+17
11810	7.85927609841495E+17
11820	7.83271329631033E+17
11830	7.80626262073017E+17
11840	7.7799235041854E+17
11850	7.75369538253493E+17
11860	7.72757769496317E+17
11870	7.70156988395759E+17
11880	7.6756713952865E+17
11890	7.64988167797703E+17
11900	7.62420018429326E+17
11910	7.59862636971446E+17
11920	7.5731596929136E+17
11930	7.5477996157359E+17
11940	7.52254560317763E+17
11950	7.49739712336504E+17
11960	7.47235364753346E+17
11970	7.44741465000653E+17
11980	7.42257960817561E+17
11990	7.39784800247934E+17
12000	7.37321931638334E+17
12010	7.34869303636008E+17
12020	7.3242686518689E+17
12030	7.29994565533614E+17
12040	7.27572354213551E+17
12050	7.25160181056849E+17
12060	7.22757996184495E+17
12070	7.20365750006389E+17
12080	7.17983393219437E+17
12090	7.1561087680565E+17
12100	7.13248152030262E+17
12110	7.10895170439863E+17
12120	7.08551883860542E+17
12130	7.06218244396047E+17
12140	7.03894204425959E+17
12150	7.01579716603877E+17
12160	6.99274733855614E+17
12170	6.96979209377416E+17
12180	6.94693096634184E+17
12190	6.92416349357713E+17
12200	6.90148921544947E+17
12210	6.87890767456239E+17
12220	6.85641841613634E+17
12230	6.83402098799155E+17
12240	6.81171494053109E+17
12250	6.78949982672401E+17
12260	6.7673752020886E+17
12270	6.74534062467582E+17
12280	6.72339565505282E+17
12290	6.70153985628653E+17
12300	6.67977279392749E+17
12310	6.65809403599369E+17
12320	6.63650315295457E+17
12330	6.61499971771516E+17
12340	6.59358330560025E+17
12350	6.5722534943388E+17
12360	6.55100986404837E+17
12370	6.52985199721968E+17
12380	6.50877947870132E+17
12390	6.48779189568451E+17
12400	6.46688883768805E+17
12410	6.44606989654327E+17
12420	6.42533466637924E+17
12430	6.40468274360789E+17
12440	6.38411372690946E+17
12450	6.36362721721785E+17
12460	6.34322281770623E+17
12470	6.32290013377264E+17
12480	6.30265877302581E+17
12490	6.28249834527094E+17
12500	6.26241846249574E+17
12510	6.24241873885641E+17
12520	6.22249879066387E+17
12530	6.20265823636996E+17
12540	6.18289669655385E+17
12550	6.16321379390848E+17
12560	6.14360915322706E+17
12570	6.12408240138982E+17
12580	6.10463316735065E+17
12590	6.08526108212403E+17
12600	6.06596577877188E+17
12610	6.04674689239065E+17
12620	6.02760406009842E+17
12630	6.00853692102207E+17
12640	5.98954511628465E+17
12650	5.97062828899272E+17
12660	5.95178608422385E+17
12670	5.93301814901417E+17
12680	5.91432413234608E+17
12690	5.89570368513592E+17
12700	5.87715646022187E+17
12710	5.85868211235182E+17
12720	5.84028029817141E+17
12730	5.82195067621208E+17
12740	5.80369290687928E+17
12750	5.78550665244068E+17
12760	5.76739157701458E+17
12770	5.74934734655825E+17
12780	5.73137362885646E+17
12790	5.71347009351012E+17
12800	5.69563641192484E+17
12810	5.67787225729976E+17
12820	5.66017730461632E+17
12830	5.64255123062717E+17
12840	5.62499371384518E+17
12850	5.60750443453243E+17
12860	5.59008307468942E+17
12870	5.57272931804421E+17
12880	5.55544285004173E+17
12890	5.53822335783314E+17
12900	5.52107053026525E+17
12910	5.50398405787003E+17
12920	5.48696363285419E+17
12930	5.47000894908885E+17
12940	5.4531197020992E+17
12950	5.43629558905436E+17
12960	5.41953630875721E+17
12970	5.40284156163434E+17
12980	5.38621104972602E+17
12990	5.36964447667634E+17
13000	5.35314154772329E+17
13010	5.33670196968898E+17
13020	5.32032545096996E+17
13030	5.30401170152749E+17
13040	5.28776043287805E+17
13050	5.27157135808371E+17
13060	5.25544419174278E+17
13070	5.23937864998031E+17
13080	5.22337445043885E+17
13090	5.20743131226914E+17
13100	5.19154895612094E+17
13110	5.17572710413385E+17
13120	5.15996547992827E+17
13130	5.1442638085964E+17
13140	5.12862181669326E+17
13150	5.11303923222778E+17
13160	5.09751578465405E+17
13170	5.08205120486247E+17
13180	5.06664522517109E+17
13190	5.05129757931695E+17
13200	5.03600800244747E+17
13210	5.02077623111195E+17
13220	5.00560200325307E+17
13230	4.99048505819849E+17
13240	4.97542513665249E+17
13250	4.96042198068766E+17
13260	4.94547533373666E+17
13270	4.93058494058401E+17
13280	4.915750547358E+17
13290	4.90097190152256E+17
13300	4.88624875186928E+17
13310	4.8715808485094E+17
13320	4.85696794286593E+17
13330	4.84240978766574E+17
13340	4.82790613693179E+17
13350	4.81345674597535E+17
13360	4.79906137138834E+17
13370	4.78471977103558E+17
13380	4.7704317040473E+17
13390	4.75619693081149E+17
13400	4.74201521296647E+17
13410	4.7278863133934E+17
13420	4.71380999620891E+17
13430	4.69978602675771E+17
13440	4.68581417160532E+17
13450	4.67189419853081E+17
13460	4.65802587651957E+17
13470	4.6442089757562E+17
13480	4.63044326761737E+17
13490	4.61672852466474E+17
13500	4.603064520638E+17
13510	4.58945103044784E+17
13520	4.57588783016906E+17
13530	4.56237469703366E+17
13540	4.548911409424E+17
13550	4.53549774686597E+17
13560	4.52213349002211E+17
13570	4.50881842068485E+17
13580	4.49555232176943E+17
13590	4.48233497730685E+17
13600	4.46916617243632E+17
13610	4.45604569339713E+17
13620	4.44297332751944E+17
13630	4.42994886321324E+17
13640	4.41697208995456E+17
13650	4.40404279826704E+17
13660	4.39116077969653E+17
13670	4.37832582677505E+17
13680	4.36553773296861E+17
13690	4.35279629260153E+17
13700	4.34010130074625E+17
13710	4.32745255306426E+17
13720	4.31484984557767E+17
13730	4.3022929743451E+17
13740	4.28978173500506E+17
13750	4.2773159221332E+17
13760	4.26489532835873E+17
13770	4.25251974315937E+17
13780	4.24018895123308E+17
13790	4.22790273032324E+17
13800	4.21566084834502E+17
13810	4.20346305962908E+17
13820	4.19130910006289E+17
13830	4.17919868087175E+17
13840	4.16713148074058E+17
13850	4.15510713593535E+17
13860	4.14312522804125E+17
13870	4.13118526889516E+17
13880	4.11928668225433E+17
13890	4.10742878171555E+17
13900	4.0956107443806E+17
13910	4.08383157975902E+17
13920	4.07209009341119E+17
13930	4.06038484486608E+17
13940	4.04871409940299E+17
13950	4.03707577336675E+17
13960	4.02546737279478E+17
13970	4.01388592527159E+17
13980	4.0023279050946E+17
13990	3.99078915203104E+17
14000	3.97926478416995E+17
14010	3.96774910561975E+17
14020	3.95623551006786E+17
14030	3.94471638149589E+17
14040	3.93318299362642E+17
14050	3.92162540995366E+17
14060	3.9100323864736E+17
14070	3.8983912794655E+17
14080	3.88668796087809E+17
14090	3.87490674402759E+17
14100	3.86303032241163E+17
14110	3.85103972447423E+17
14120	3.83891428711422E+17
14130	3.82663165060791E+17
14140	3.81416777741251E+17
14150	3.8014969970302E+17
14160	3.78859207874448E+17
14170	3.77542433359762E+17
14180	3.7619637464662E+17
14190	3.74817913852403E+17
14200	3.73403835976891E+17
14210	3.71950851064869E+17
14220	3.70455619116813E+17
14230	3.68914777520999E+17
14240	3.67324970717876E+17
14250	3.65682881749197E+17
14260	3.63985265291885E+17
14270	3.62228981731485E+17
14280	3.60411031793733E+17
14290	3.58528664072647E+17
14300	3.56579660974753E+17
14310	3.54562230986985E+17
14320	3.52474984589699E+17
14330	3.50316964028073E+17
14340	3.48087667048926E+17
14350	3.45787064096576E+17
14360	3.43415608634092E+17
14370	3.40974240434515E+17
14380	3.38464381863836E+17
14390	3.35887927347043E+17
14400	3.33247226365036E+17
14410	3.30545060468763E+17
14420	3.27784614914017E+17
14430	3.24969445613546E+17
14440	3.22103442171021E+17
14450	3.19190787803947E+17
14460	3.16235916980408E+17
14470	3.13243471589426E+17
14480	3.1021825643876E+17
14490	3.07165194830227E+17
14500	3.04089284904058E+17
14510	3.00995557373707E+17
14520	2.97889035194296E+17
14530	2.94774695624519E+17
14540	2.91657435056315E+17
14550	2.88542036901666E+17
14560	2.85433142743451E+17
14570	2.82335226879618E+17
14580	2.79252574318112E+17
14590	2.76189262215358E+17
14600	2.73149144694145E+17
14610	2.70135840928047E+17
14620	2.67152726338882E+17
14630	2.64202926721313E+17
14640	2.61289315083801E+17
14650	2.58414510977534E+17
14660	2.55580882073848E+17
14670	2.52790547745393E+17
14680	2.50045384406154E+17
14690	2.47347032369615E+17
14700	2.44696903992175E+17
14710	2.42096192879611E+17
14720	2.39545883947363E+17
14730	2.37046764140003E+17
14740	2.34599433630967E+17
14750	2.32204317339981E+17
14760	2.2986167662217E+17
14770	2.27571620999299E+17
14780	2.25334119819663E+17
14790	2.23149013748552E+17
14800	2.21016026005883E+17
14810	2.18934773281272E+17
14820	2.1690477626957E+17
14830	2.14925469781468E+17
14840	2.12996212394427E+17
14850	2.11116295618579E+17
14860	2.09284952560767E+17
14870	2.07501366077248E+17
14880	2.05764647301208E+17
14890	2.04073249112051E+17
14900	2.02425056973537E+17
14910	2.00818016193342E+17
14920	1.99250157865832E+17
14930	1.97719597906327E+17
14940	1.96224535698538E+17
14950	1.94763252439798E+17
14960	1.93334109255457E+17
14970	1.91935545142201E+17
14980	1.90566074790136E+17
14990	1.892242863249E+17
15000	1.8790883900368E+17
15010	1.8661846089272E+17
15020	1.85351946548529E+17
15030	1.84108154720376E+17
15040	1.82886006087779E+17
15050	1.81684481043396E+17
15060	1.80502617528912E+17
15070	1.79339508929196E+17
15080	1.78194302028031E+17
15090	1.77066195027075E+17
15100	1.75954435628403E+17
15110	1.74858319179813E+17
15120	1.73777186881237E+17
15130	1.72710424049864E+17
15140	1.71657458441022E+17
15150	1.70617758621431E+17
15160	1.69590832391167E+17
15170	1.68576225250419E+17
15180	1.67573518907049E+17
15190	1.66582329820877E+17
15200	1.65602307780687E+17
15210	1.64633134509961E+17
15220	1.63674522297561E+17
15230	1.62726212649685E+17
15240	1.61787974959683E+17
15250	1.60859605192558E+17
15260	1.59940924581254E+17
15270	1.59031778332153E+17
15280	1.58132034337527E+17
15290	1.57241581893052E+17
15300	1.56360330418849E+17
15310	1.5548820818291E+17
15320	1.5462516102615E+17
15330	1.53771151088726E+17
15340	1.52926155537677E+17
15350	1.52090165296307E+17
15360	1.51263183776171E+17
15370	1.50445225612873E+17
15380	1.49636315407283E+17
15390	1.48836486474147E+17
15400	1.48045779600366E+17
15410	1.47264241815587E+17
15420	1.46491925178015E+17
15430	1.45728885578598E+17
15440	1.44975181567015E+17
15450	1.44230873203028E+17
15460	1.43496020936954E+17
15470	1.42770684523094E+17
15480	1.42054921970047E+17
15490	1.41348788531809E+17
15500	1.40652335743595E+17
15510	1.39965610506174E+17
15520	1.39288654222434E+17
15530	1.38621565627278E+17
15540	1.37964825051251E+17
15550	1.37318975669239E+17
15560	1.36684446779191E+17
15570	1.36061561856402E+17
15580	1.35450547325515E+17
15590	1.34851541400247E+17
15600	1.34264602857774E+17
15610	1.33689719633819E+17
15620	1.33126817143158E+17
15630	1.32575766247973E+17
15640	1.32036390812944E+17
15650	1.31508474800749E+17
15660	1.30991768874403E+17
15670	1.30485996483287E+17
15680	1.2999085941754E+17
15690	1.29506042820504E+17
15700	1.29031219651222E+17
15710	1.28566054589032E+17
15720	1.28110207370923E+17
15730	1.27663335551228E+17
15740	1.27225096674258E+17
15750	1.26795149856336E+17
15760	1.26373156786467E+17
15770	1.25958782176528E+17
15780	1.25551693722675E+17
15790	1.25151561678451E+17
15800	1.24758058183366E+17
15810	1.24370856533346E+17
15820	1.23989630614763E+17
15830	1.23614054744842E+17
15840	1.23243804162095E+17
15850	1.22878556386881E+17
15860	1.22517993623138E+17
15870	1.22161806300018E+17
15880	1.21809697761921E+17
15890	1.21461390015424E+17
15900	1.21116630341335E+17
15910	1.20775198489492E+17
15920	1.2043691410179E+17
15930	1.20101643962195E+17
15940	1.19769308655322E+17
15950	1.19439888228669E+17
15960	1.19113426496293E+17
15970	1.18790033689402E+17
15980	1.18469887246455E+17
15990	1.18153230635202E+17
16000	1.17840370204885E+17
16010	1.17531670172296E+17
16020	1.17227545945233E+17
16030	1.16928456077054E+17
16040	1.16634893223817E+17
16050	1.16347374539701E+17
16060	1.16066431996604E+17
16070	1.15792603150916E+17
16080	1.15526422905506E+17
16090	1.15268416829534E+17
16100	1.1501909660414E+17
16110	1.14778958159594E+17
16120	1.14548483059671E+17
16130	1.14328143672102E+17
16140	1.14118412639426E+17
16150	1.13919777131777E+17
16160	1.13732758321182E+17
16170	1.13557936465415E+17
16180	1.13395981929012E+17
16190	1.13247692402101E+17
16200	1.13114036509762E+17
16210	1.12996203944903E+17
16220	1.12895662220466E+17
16230	1.12814218432485E+17
16240	1.12753933170887E+17
16250	1.12717033141256E+17
16260	1.12706180105264E+17
16270	1.12724541420629E+17
16280	1.1277583267472E+17
16290	1.1286436031319E+17
16300	1.12995065828273E+17
16310	1.13173573205306E+17
16320	1.13406241200664E+17
16330	1.13700221579725E+17
16340	1.14063523639678E+17
16350	1.14505084164101E+17
16360	1.15034840413076E+17
16370	1.15663801868078E+17
16380	1.16404114249196E+17
16390	1.17269106811185E+17
16400	1.18273311084103E+17
16410	1.19432436007337E+17
16420	1.20763280762243E+17
16430	1.22283562531684E+17
16440	1.24011632014208E+17
16450	1.25966045116181E+17
16460	1.28164955476862E+17
16470	1.30625290428068E+17
16480	1.33361674288151E+17
16490	1.36385069830157E+17
16500	1.39701124322413E+17
16510	1.43308234258081E+17
16520	1.4719538647156E+17
16530	1.51339895774173E+17
16540	1.55705241254078E+17
16550	1.60239301061152E+17
16560	1.64873387155648E+17
16570	1.6952256437543E+17
16580	1.74087766296852E+17
16590	1.78460146100296E+17
16600	1.82527873411623E+17
16610	1.8618517349938E+17
16620	1.89342815315989E+17
16630	1.91938582894397E+17
16640	1.93945706378956E+17
16650	1.9537706239366E+17
16660	1.96283448210379E+17
16670	1.96745491774868E+17
16680	1.96860544640298E+17
16690	1.96727594838273E+17
16700	1.96434022106172E+17
16710	1.9604735041103E+17
16720	1.95613198539698E+17
16730	1.95158329794155E+17
16740	1.94696238063256E+17
16750	1.94232693222343E+17
16760	1.9376975400569E+17
16770	1.93308020766038E+17
16780	1.92847631453782E+17
16790	1.92388607718242E+17
16800	1.91930948467006E+17
16810	1.91474649238887E+17
16820	1.9101970521831E+17
16830	1.90566111579915E+17
16840	1.90113863516714E+17
16850	1.89662956241608E+17
16860	1.89213384987353E+17
16870	1.88765145006468E+17
16880	1.88318231571145E+17
16890	1.87872639973149E+17
16900	1.87428365523731E+17
16910	1.86985403553535E+17
16920	1.86543749412504E+17
16930	1.8610339846979E+17
16940	1.85664346113667E+17
16950	1.85226587751433E+17
16960	1.8479011880933E+17
16970	1.84354934732445E+17
16980	1.83921030984629E+17
16990	1.83488403048405E+17
17000	1.83057046424881E+17
17010	1.82626956633662E+17
17020	1.82198129212765E+17
17030	1.8177055971853E+17
17040	1.81344243725537E+17
17050	1.80919176826516E+17
17060	1.80495354632269E+17
17070	1.80072772771578E+17
17080	1.79651426891125E+17
17090	1.79231312655408E+17
17100	1.78812425746657E+17
17110	1.7839476186475E+17
17120	1.77978316727133E+17
17130	1.77563086068736E+17
17140	1.77149065641895E+17
17150	1.76736251216264E+17
17160	1.76324638578743E+17
17170	1.75914223533389E+17
17180	1.75505001901344E+17
17190	1.7509696952075E+17
17200	1.74690122246674E+17
17210	1.74284455951024E+17
17220	1.73879966522477E+17
17230	1.73476649866399E+17
17240	1.73074501904764E+17
17250	1.72673518576084E+17
17260	1.72273695835324E+17
17270	1.71875029653835E+17
17280	1.71477516019271E+17
17290	1.71081150935516E+17
17300	1.70685930422611E+17
17310	1.70291850516676E+17
17320	1.69898907269838E+17
17330	1.69507096750156E+17
17340	1.6911641504155E+17
17350	1.68726858243724E+17
17360	1.68338422472096E+17
17370	1.67951103857727E+17
17380	1.67564898547244E+17
17390	1.67179802702773E+17
17400	1.66795812501868E+17
17410	1.66412924137435E+17
17420	1.6603113381767E+17
17430	1.65650437765979E+17
17440	1.65270832220917E+17
17450	1.64892313436112E+17
17460	1.64514877680203E+17
17470	1.64138521236762E+17
17480	1.63763240404235E+17
17490	1.63389031495868E+17
17500	1.63015890839643E+17
17510	1.62643814778208E+17
17520	1.6227279966881E+17
17530	1.61902841883232E+17
17540	1.61533937807723E+17
17550	1.61166083842934E+17
17560	1.60799276403852E+17
17570	1.60433511919733E+17
17580	1.60068786834043E+17
17590	1.59705097604384E+17
17600	1.59342440702439E+17
17610	1.58980812613903E+17
17620	1.58620209838421E+17
17630	1.58260628889522E+17
17640	1.57902066294562E+17
17650	1.57544518594655E+17
17660	1.57187982344615E+17
17670	1.56832454112892E+17
17680	1.56477930481511E+17
17690	1.56124408046012E+17
17700	1.55771883415385E+17
17710	1.55420353212014E+17
17720	1.55069814071612E+17
17730	1.54720262643167E+17
17740	1.54371695588875E+17
17750	1.54024109584086E+17
17760	1.53677501317242E+17
17770	1.5333186748982E+17
17780	1.52987204816271E+17
17790	1.52643510023964E+17
17800	1.52300779853127E+17
17810	1.51959011056788E+17
17820	1.51618200400721E+17
17830	1.51278344663386E+17
17840	1.50939440635872E+17
17850	1.50601485121842E+17
17860	1.50264474937477E+17
17870	1.49928406911419E+17
17880	1.49593277884713E+17
17890	1.49259084710757E+17
17900	1.48925824255243E+17
17910	1.48593493396101E+17
17920	1.4826208902345E+17
17930	1.47931608039536E+17
17940	1.47602047358686E+17
17950	1.47273403907246E+17
17960	1.46945674623536E+17
17970	1.4661885645779E+17
17980	1.46292946372105E+17
17990	1.4596794134039E+17
18000	1.45643838348313E+17
18010	1.45320634393246E+17
18020	1.44998326484216E+17
18030	1.44676911641855E+17
18040	1.44356386898342E+17
18050	1.44036749297358E+17
18060	1.43717995894035E+17
18070	1.434001237549E+17
18080	1.4308312995783E+17
18090	1.42767011591999E+17
18100	1.4245176575783E+17
18110	1.42137389566944E+17
18120	1.41823880142111E+17
18130	1.415112346172E+17
18140	1.41199450137132E+17
18150	1.4088852385783E+17
18160	1.40578452946169E+17
18170	1.40269234579933E+17
18180	1.39960865947761E+17
18190	1.39653344249103E+17
18200	1.39346666694172E+17
18210	1.39040830503893E+17
18220	1.38735832909864E+17
18230	1.38431671154302E+17
18240	1.38128342489998E+17
18250	1.37825844180273E+17
18260	1.3752417349893E+17
18270	1.37223327730209E+17
18280	1.36923304168741E+17
18290	1.36624100119501E+17
18300	1.36325712897767E+17
18310	1.36028139829071E+17
18320	1.35731378249155E+17
18330	1.35435425503928E+17
18340	1.35140278949421E+17
18350	1.34845935951742E+17
18360	1.34552393887034E+17
18370	1.34259650141429E+17
18380	1.33967702111007E+17
18390	1.3367654720175E+17
18400	1.33386182829502E+17
18410	1.33096606419923E+17
18420	1.32807815408451E+17
18430	1.32519807240253E+17
18440	1.32232579370188E+17
18450	1.31946129262765E+17
18460	1.31660454392099E+17
18470	1.31375552241867E+17
18480	1.31091420305276E+17
18490	1.30808056085009E+17
18500	1.30525457093195E+17
18510	1.30243620851363E+17
18520	1.29962544890401E+17
18530	1.29682226750518E+17
18540	1.29402663981202E+17
18550	1.29123854141182E+17
18560	1.28845794798386E+17
18570	1.28568483529903E+17
18580	1.28291917921941E+17
18590	1.28016095569791E+17
18600	1.27741014077789E+17
18610	1.2746667105927E+17
18620	1.27193064136539E+17
18630	1.26920190940824E+17
18640	1.26648049112245E+17
18650	1.26376636299768E+17
18660	1.26105950161175E+17
18670	1.25835988363021E+17
18680	1.25566748580599E+17
18690	1.25298228497901E+17
18700	1.25030425807582E+17
18710	1.24763338210923E+17
18720	1.24496963417794E+17
18730	1.24231299146615E+17
18740	1.23966343124323E+17
18750	1.23702093086336E+17
18760	1.23438546776512E+17
18770	1.23175701947118E+17
18780	1.22913556358792E+17
18790	1.2265210778051E+17
18800	1.22391353989544E+17
18810	1.22131292771434E+17
18820	1.21871921919951E+17
18830	1.21613239237058E+17
18840	1.2135524253288E+17
18850	1.21097929625669E+17
18860	1.20841298341765E+17
18870	1.20585346515568E+17
18880	1.203300719895E+17
18890	1.20075472613971E+17
18900	1.19821546247346E+17
18910	1.19568290755913E+17
18920	1.19315704013847E+17
18930	1.19063783903179E+17
18940	1.18812528313759E+17
18950	1.18561935143227E+17
18960	1.18312002296981E+17
18970	1.18062727688138E+17
18980	1.17814109237507E+17
18990	1.17566144873557E+17
19000	1.17318832532382E+17
19010	1.17072170157667E+17
19020	1.16826155700663E+17
19030	1.1658078712015E+17
19040	1.16336062382404E+17
19050	1.16091979461173E+17
19060	1.15848536337636E+17
19070	1.15605731000379E+17
19080	1.15363561445361E+17
19090	1.15122025675885E+17
19100	1.14881121702564E+17
19110	1.14640847543294E+17
19120	1.14401201223221E+17
19130	1.14162180774712E+17
19140	1.13923784237325E+17
19150	1.13686009657777E+17
19160	1.13448855089918E+17
19170	1.13212318594696E+17
19180	1.12976398240132E+17
19190	1.1274109210129E+17
19200	1.12506398260244E+17
19210	1.12272314806053E+17
19220	1.12038839834729E+17
19230	1.11805971449211E+17
19240	1.11573707759334E+17
19250	1.113420468818E+17
19260	1.11110986940152E+17
19270	1.10880526064742E+17
19280	1.10650662392708E+17
19290	1.10421394067939E+17
19300	1.10192719241054E+17
19310	1.0996463606937E+17
19320	1.09737142716874E+17
19330	1.09510237354197E+17
19340	1.09283918158587E+17
19350	1.09058183313881E+17
19360	1.08833031010477E+17
19370	1.08608459445307E+17
19380	1.08384466821811E+17
19390	1.08161051349911E+17
19400	1.07938211245981E+17
19410	1.07715944732824E+17
19420	1.07494250039643E+17
19430	1.07273125402016E+17
19440	1.07052569061871E+17
19450	1.06832579267456E+17
19460	1.06613154273316E+17
19470	1.06394292340267E+17
19480	1.06175991735371E+17
19490	1.05958250731907E+17
19500	1.05741067609349E+17
19510	1.05524440653339E+17
19520	1.05308368155662E+17
19530	1.05092848414221E+17
19540	1.04877879733013E+17
19550	1.046634604221E+17
19560	1.04449588797591E+17
19570	1.04236263181611E+17
19580	1.04023481902279E+17
19590	1.03811243293685E+17
19600	1.03599545695862E+17
19610	1.03388387454766E+17
19620	1.03177766922249E+17
19630	1.02967682456035E+17
19640	1.02758132419698E+17
19650	1.02549115182636E+17
19660	1.02340629120049E+17
19670	1.02132672612915E+17
19680	1.01925244047966E+17
19690	1.01718341817665E+17
19700	1.01511964320182E+17
19710	1.01306109959373E+17
19720	1.01100777144755E+17
19730	1.00895964291482E+17
19740	1.00691669820327E+17
19750	1.00487892157653E+17
19760	1.00284629735394E+17
19770	1.00081880991034E+17
19780	9.98796443675795E+16
19790	9.96779183135419E+16
19800	9.9476701282913E+16
19810	9.92759917351434E+16
19820	9.90757881351207E+16
19830	9.8876088953147E+16
19840	9.86768926649177E+16
19850	9.84781977514995E+16
19860	9.82800026993085E+16
19870	9.80823060000895E+16
19880	9.78851061508936E+16
19890	9.76884016540574E+16
19900	9.74921910171821E+16
19910	9.72964727531113E+16
19920	9.71012453799111E+16
19930	9.69065074208485E+16
19940	9.67122574043708E+16
19950	9.65184938640846E+16
19960	9.63252153387355E+16
19970	9.61324203721872E+16
19980	9.59401075134011E+16
19990	9.57482753164161E+16
20000	9.55569223403281E+16
