2000	450680866967351
2010	481069573950972
2020	513234732807669
2030	547267679378663
2040	583265569805177
2050	621331027246486
2060	661569884188560
2070	704089200391910
2080	748995760234138
2090	796395589248267
2100	846394564766597
2110	899100261588047
2120	954625596864466
2130	1.0130922571789E+15
2140	1.07463328771829E+15
2150	1.13939475019198E+15
2160	1.20753577820027E+15
2170	1.279225085878E+15
2180	1.35463678333199E+15
2190	1.43394537872843E+15
2200	1.5173208033119E+15
2210	1.60492547564227E+15
2220	1.69691334906423E+15
2230	1.79343259674692E+15
2240	1.89463124286487E+15
2250	2.00066570817639E+15
2260	2.1117081573523E+15
2270	2.22795325272901E+15
2280	2.34962595644208E+15
2290	2.47698017697157E+15
2300	2.61029544204915E+15
2310	2.74987012064168E+15
2320	2.89600635357945E+15
2330	3.04900122486018E+15
2340	3.2091331902027E+15
2350	3.37665145335138E+15
2360	3.55177619012022E+15
2370	3.73469780556824E+15
2380	3.92559202340967E+15
2390	4.12462952796219E+15
2400	4.33199953355333E+15
2410	4.5479269352417E+15
2420	4.77268973222258E+15
2430	5.00663629125289E+15
2440	5.25017902214539E+15
2450	5.50380545818478E+15
2460	5.76804838942411E+15
2470	6.04347570970897E+15
2480	6.33064843450026E+15
2490	6.63010935355057E+15
2500	6.94232921964034E+15
2510	7.26770965424536E+15
2520	7.60655307054878E+15
2530	7.95907637354846E+15
2540	8.32541934713394E+15
2550	8.70568064052772E+15
2560	9.09994172788484E+15
2570	9.50833722908968E+15
2580	9.93106187366803E+15
2590	1.03684552692496E+16
2600	1.08209860775332E+16
2610	1.12893186770167E+16
2620	1.17742661682314E+16
2630	1.22768146037998E+16
2640	1.27980471889432E+16
2650	1.33391383902511E+16
2660	1.39012384724105E+16
2670	1.44854630358098E+16
2680	1.50927604766475E+16
2690	1.57239147236132E+16
2700	1.63794563985113E+16
2710	1.7059670709476E+16
2720	1.77646089537446E+16
2730	1.84940850734828E+16
2740	1.92478021798143E+16
2750	2.00253534739112E+16
2760	2.08263840584669E+16
2770	2.16506671251724E+16
2780	2.24981507863281E+16
2790	2.33691877209978E+16
2800	2.42643594798501E+16
2810	2.51848240660178E+16
2820	2.61319992230027E+16
2830	2.71078090432796E+16
2840	2.81144706306203E+16
2850	2.91544216025454E+16
2860	3.02303114475746E+16
2870	3.13447312059553E+16
2880	3.25001136388701E+16
2890	3.36987556757512E+16
2900	3.49422585792231E+16
2910	3.62320181127478E+16
2920	3.7568551845167E+16
2930	3.89518339874423E+16
2940	4.03812932485803E+16
2950	4.18555915116159E+16
2960	4.33730943319417E+16
2970	4.4931865171156E+16
2980	4.65297043723933E+16
2990	4.81646867309164E+16
3000	4.98352171097814E+16
3010	5.15398839160138E+16
3020	5.3278533288475E+16
3030	5.50513741906887E+16
3040	5.68596817987767E+16
3050	5.87060359893621E+16
3060	6.05934660023961E+16
3070	6.25263329611866E+16
3080	6.45097394454032E+16
3090	6.65492218854422E+16
3100	6.86508282812222E+16
3110	7.08210024556138E+16
3120	7.30657372665036E+16
3130	7.53906528546509E+16
3140	7.78013672562156E+16
3150	8.03016264631858E+16
3160	8.28944470443632E+16
3170	8.55821117340032E+16
3180	8.83642059495639E+16
3190	9.12395165745041E+16
3200	9.42055912435262E+16
3210	9.72577214660149E+16
3220	1.00390386782327E+17
3230	1.03597339317378E+17
3240	1.06871539540941E+17
3250	1.10205297319516E+17
3260	1.13591678165567E+17
3270	1.17024822090596E+17
3280	1.20498608677896E+17
3290	1.24009214563091E+17
3300	1.27555527321615E+17
3310	1.31136656402861E+17
3320	1.34754630380662E+17
3330	1.38415097879801E+17
3340	1.4212437046112E+17
3350	1.4589098828693E+17
3360	1.49726700220277E+17
3370	1.53644240538451E+17
3380	1.57657257823004E+17
3390	1.61780482205064E+17
3400	1.66029594729657E+17
3410	1.70420432645839E+17
3420	1.74966498251318E+17
3430	1.79681263892035E+17
3440	1.84578410829446E+17
3450	1.89666891013943E+17
3460	1.94953048357745E+17
3470	2.0044330329958E+17
3480	2.06139962081576E+17
3490	2.12039478805603E+17
3500	2.18137303550151E+17
3510	2.24426892495191E+17
3520	2.30895599226265E+17
3530	2.37528140707416E+17
3540	2.44307748281771E+17
3550	2.5121567256559E+17
3560	2.58231154902794E+17
3570	2.65331807145855E+17
3580	2.72494985668084E+17
3590	2.79702016180405E+17
3600	2.86934504509389E+17
3610	2.94173236693505E+17
3620	3.01404474614878E+17
3630	3.08622498585442E+17
3640	3.15822173744031E+17
3650	3.22999476208583E+17
3660	3.30161173119602E+17
3670	3.37320780753151E+17
3680	3.44492794843381E+17
3690	3.51694487413154E+17
3700	3.58952714163435E+17
3710	3.66298162649873E+17
3720	3.73763030734148E+17
3730	3.81381296181134E+17
3740	3.89189213361919E+17
3750	3.97224909286103E+17
3760	4.05528366535136E+17
3770	4.14137590651793E+17
3780	4.23083837589279E+17
3790	4.32398834070176E+17
3800	4.42115932487129E+17
3810	4.5226317405467E+17
3820	4.62854667297646E+17
3830	4.73903088746026E+17
3840	4.85421551903136E+17
3850	4.9741756846137E+17
3860	5.09882036616068E+17
3870	5.22801857047151E+17
3880	5.3616244740035E+17
3890	5.49945132780954E+17
3900	5.64117922453266E+17
3910	5.78642759062974E+17
3920	5.93478459251581E+17
3930	6.08580487557126E+17
3940	6.23899555882028E+17
3950	6.39382089219323E+17
3960	6.54971076239252E+17
3970	6.706062581842E+17
3980	6.8623058688372E+17
3990	7.01794351338644E+17
4000	7.17246694244508E+17
4010	7.32534940556014E+17
4020	7.47608911214391E+17
4030	7.62441294738023E+17
4040	7.77013435768451E+17
4050	7.91307019241327E+17
4060	8.05304320269778E+17
4070	8.1900462004051E+17
4080	8.32435004744421E+17
4090	8.45626670326905E+17
4100	8.58612388973509E+17
4110	8.71428098406063E+17
4120	8.84132038064438E+17
4130	8.96798225415809E+17
4140	9.09503074935593E+17
4150	9.22325121118465E+17
4160	9.3534568507454E+17
4170	9.48651929452269E+17
4180	9.62334840672616E+17
4190	9.7648821881285E+17
4200	9.91208948304936E+17
4210	1.00659119914713E+18
4220	1.02270812528201E+18
4230	1.03962971685033E+18
4240	1.05742896038098E+18
4250	1.07618209337962E+18
4260	1.09595813481614E+18
4270	1.11678626200645E+18
4280	1.13868625505506E+18
4290	1.16167872205952E+18
4300	1.1857849895732E+18
4310	1.21102027582716E+18
4320	1.23736102854032E+18
4330	1.26476763604383E+18
4340	1.29319729520145E+18
4350	1.32260367320866E+18
4360	1.35293540272288E+18
4370	1.38412119936144E+18
4380	1.41607337654957E+18
4390	1.44869791869242E+18
4400	1.48189451394809E+18
4410	1.51555647035451E+18
4420	1.54957238723723E+18
4430	1.58382786760156E+18
4440	1.61820297096195E+18
4450	1.6525720771111E+18
4460	1.68680417667139E+18
4470	1.72076537464971E+18
4480	1.75433584639051E+18
4490	1.78740216905879E+18
4500	1.81984869061063E+18
4510	1.85155792469898E+18
4520	1.88241107300094E+18
4530	1.91230307667937E+18
4540	1.94117192033748E+18
4550	1.96896508051127E+18
4560	1.9956319772856E+18
4570	2.02112408255183E+18
4580	2.04539552849195E+18
4590	2.06843828497242E+18
4600	2.09030564983817E+18
4610	2.11105922895397E+18
4620	2.13076300864354E+18
4630	2.14948292275495E+18
4640	2.16728730357645E+18
4650	2.18428494017403E+18
4660	2.20064115267851E+18
4670	2.21652602765889E+18
4680	2.23210987851799E+18
4690	2.24756310112324E+18
4700	2.26305629242392E+18
4710	2.2787705869874E+18
4720	2.29490671743521E+18
4730	2.31166831613911E+18
4740	2.32926025707632E+18
4750	2.34788922828536E+18
4760	2.36776445802325E+18
4770	2.38908421149682E+18
4780	2.41199357180908E+18
4790	2.43662689886226E+18
4800	2.46312210085522E+18
4810	2.49162096903256E+18
4820	2.52226956553743E+18
4830	2.55521382110033E+18
4840	2.59052270285455E+18
4850	2.62819960377608E+18
4860	2.66824658017975E+18
4870	2.71066579134847E+18
4880	2.75545892857663E+18
4890	2.80262667887152E+18
4900	2.85215057774917E+18
4910	2.90393008949204E+18
4920	2.95783697572621E+18
4930	3.01373631461302E+18
4940	3.07148577759297E+18
4950	3.13093503655284E+18
4960	3.19192529073525E+18
4970	3.25428328937895E+18
4980	3.31781308070731E+18
4990	3.3823077386154E+18
5000	3.44755148409677E+18
5010	3.51331990902559E+18
5020	3.57938036151051E+18
5030	3.6454925410451E+18
5040	3.71142224362783E+18
5050	3.77696016260648E+18
5060	3.84189749074226E+18
5070	3.90602250281202E+18
5080	3.96912141740228E+18
5090	4.03097931825112E+18
5100	4.09138112414975E+18
5110	4.15012275730128E+18
5120	4.20704249154313E+18
5130	4.26199195907333E+18
5140	4.31482690141889E+18
5150	4.36540777195449E+18
5160	4.4136003072973E+18
5170	4.4592760620851E+18
5180	4.50231488499634E+18
5190	4.54263161190328E+18
5200	4.58016896343388E+18
5210	4.61487695313798E+18
5220	4.64671236554359E+18
5230	4.67563870316895E+18
5240	4.70162609964867E+18
5250	4.72465120123251E+18
5260	4.74471628195341E+18
5270	4.76190498658232E+18
5280	4.77632263949758E+18
5290	4.78807641095898E+18
5300	4.79727464889147E+18
5310	4.80402628117494E+18
5320	4.8084402861601E+18
5330	4.81062537987954E+18
5340	4.81073942072047E+18
5350	4.80905799177739E+18
5360	4.80586620947842E+18
5370	4.80143980326524E+18
5380	4.79604509986013E+18
5390	4.78993921978582E+18
5400	4.78337046008395E+18
5410	4.77657885632838E+18
5420	4.76982103430098E+18
5430	4.76341817195569E+18
5440	4.75769520132742E+18
5450	4.7529678570001E+18
5460	4.74954385755825E+18
5470	4.74772421425737E+18
5480	4.74780465979128E+18
5490	4.75007719356267E+18
5500	4.75482076911134E+18
5510	4.76222506948199E+18
5520	4.77243616403447E+18
5530	4.78559852229413E+18
5540	4.80185486590783E+18
5550	4.82134574747688E+18
5560	4.84420910923016E+18
5570	4.87057979698308E+18
5580	4.90058870266287E+18
5590	4.93429075422606E+18
5600	4.9715729442057E+18
5610	5.01229526510197E+18
5620	5.05631189366612E+18
5630	5.10346953421167E+18
5640	5.15360586527006E+18
5650	5.20654810022103E+18
5660	5.26211167536194E+18
5670	5.32009838850988E+18
5680	5.38025667194261E+18
5690	5.44226517612461E+18
5700	5.50579283860661E+18
5710	5.57050457902761E+18
5720	5.63606186478124E+18
5730	5.70212352529643E+18
5740	5.76834679947975E+18
5750	5.83438859669492E+18
5760	5.89990701183058E+18
5770	5.96457718833511E+18
5780	6.02811214488785E+18
5790	6.09023809335152E+18
5800	6.15069168481557E+18
5810	6.20922148066141E+18
5820	6.26558935517227E+18
5830	6.3195717972189E+18
5840	6.37096108086014E+18
5850	6.41956627790146E+18
5860	6.46521914798144E+18
5870	6.50781157614916E+18
5880	6.54727187589511E+18
5890	6.58354265592187E+18
5900	6.61658048298484E+18
5910	6.64635558417289E+18
5920	6.67285142891965E+18
5930	6.69606420029558E+18
5940	6.71600216693398E+18
5950	6.73268496840367E+18
5960	6.74614841339394E+18
5970	6.75645890112908E+18
5980	6.76369385565913E+18
5990	6.76793522983379E+18
6000	6.76926879023401E+18
6010	6.76778342776913E+18
6020	6.76357049932872E+18
6030	6.75672320493122E+18
6040	6.74733600386837E+18
6050	6.73550407242536E+18
6060	6.72132448879965E+18
6070	6.70490224214856E+18
6080	6.68634312117884E+18
6090	6.6657505844343E+18
6100	6.64322556594305E+18
6110	6.61886631943115E+18
6120	6.59276829655663E+18
6130	6.56502405580195E+18
6140	6.53572319872572E+18
6150	6.50495233037954E+18
6160	6.4727949915132E+18
6170	6.43933049004144E+18
6180	6.40463384482291E+18
6190	6.36877703179767E+18
6200	6.33182912991232E+18
6210	6.29385641378395E+18
6220	6.25492244860969E+18
6230	6.21508818586164E+18
6240	6.17441205852486E+18
6250	6.13295007483711E+18
6260	6.09075590967159E+18
6270	6.04788696609791E+18
6280	6.00446123649917E+18
6290	5.96062770189573E+18
6300	5.91652662227634E+18
6310	5.87228922127536E+18
6320	5.82803798573572E+18
6330	5.78388701030485E+18
6340	5.73994238097933E+18
6350	5.69630259184915E+18
6360	5.65305898963677E+18
6370	5.61029624098838E+18
6380	5.56809604810789E+18
6390	5.52660591507974E+18
6400	5.48603348037819E+18
6410	5.4465766140536E+18
6420	5.40842201663253E+18
6430	5.3717470403575E+18
6440	5.33672159623943E+18
6450	5.30351013384968E+18
6460	5.27227368493287E+18
6470	5.24317196594469E+18
6480	5.21636553829468E+18
6490	5.19201802814948E+18
6500	5.17027072757845E+18
6510	5.15112905620201E+18
6520	5.13456077225977E+18
6530	5.12054100248668E+18
6540	5.10905056180739E+18
6550	5.10007431758427E+18
6560	5.0935996115186E+18
6570	5.08961473127209E+18
6580	5.08810742655039E+18
6590	5.08906346716928E+18
6600	5.09246524354645E+18
6610	5.09829041315407E+18
6620	5.10649452835979E+18
6630	5.11693732143971E+18
6640	5.12944023590927E+18
6650	5.143816031622E+18
6660	5.15986820381708E+18
6670	5.17739067289624E+18
6680	5.19616778853845E+18
6690	5.21597466073811E+18
6700	5.23657782444731E+18
6710	5.25773623642071E+18
6720	5.27920259287386E+18
6730	5.30072494509247E+18
6740	5.32205003482471E+18
6750	5.34297534594578E+18
6760	5.36336674326591E+18
6770	5.38310260331712E+18
6780	5.40207028448363E+18
6790	5.42016623717411E+18
6800	5.43729597530139E+18
6810	5.45337392872331E+18
6820	5.46832319830447E+18
6830	5.48207523613374E+18
6840	5.49456947310647E+18
6850	5.50575291458153E+18
6860	5.51557972228736E+18
6870	5.52401147576096E+18
6880	5.53103422974551E+18
6890	5.53665863293437E+18
6900	5.54089986206694E+18
6910	5.54377615658304E+18
6920	5.5453084306809E+18
6930	5.54551992880649E+18
6940	5.54443592073994E+18
6950	5.54208343148882E+18
6960	5.5384910007165E+18
6970	5.53368846638035E+18
6980	5.527706767556E+18
6990	5.52057776199462E+18
7000	5.51233405470849E+18
7010	5.50301005818037E+18
7020	5.49264526316611E+18
7030	5.48128016134462E+18
7040	5.46895489263561E+18
7050	5.45570913020258E+18
7060	5.44158197075702E+18
7070	5.42661183151085E+18
7080	5.41083635490308E+18
7090	5.39429232198435E+18
7100	5.37701557509715E+18
7110	5.35904095024948E+18
7120	5.34040221935641E+18
7130	5.32113204232324E+18
7140	5.30126192877024E+18
7150	5.28082242197315E+18
7160	5.25984367889486E+18
7170	5.23835478284674E+18
7180	5.21638353245629E+18
7190	5.1939564512776E+18
7200	5.17109880358219E+18
7210	5.14783461561649E+18
7220	5.12418670162703E+18
7230	5.1001766939821E+18
7240	5.07582507675531E+18
7250	5.05115122217972E+18
7260	5.02617342942846E+18
7270	5.00090896522565E+18
7280	4.97537410584085E+18
7290	4.9495841280963E+18
7300	4.92355175270667E+18
7310	4.89728696067652E+18
7320	4.8707989410246E+18
7330	4.84409623445265E+18
7340	4.81718676052576E+18
7350	4.79007784559007E+18
7360	4.76277625130932E+18
7370	4.73528820371667E+18
7380	4.70761942269163E+18
7390	4.67977515178365E+18
7400	4.65176018831429E+18
7410	4.62357891369887E+18
7420	4.59523532393545E+18
7430	4.56673306021519E+18
7440	4.53807546574002E+18
7450	4.50926858518477E+18
7460	4.48032384991587E+18
7470	4.45125293917013E+18
7480	4.42206717662434E+18
7490	4.39277757813735E+18
7500	4.36339489516187E+18
7510	4.33392965393362E+18
7520	4.30439219055526E+18
7530	4.27479268210249E+18
7540	4.24514117388827E+18
7550	4.21544760302924E+18
7560	4.18572181846654E+18
7570	4.15597359759983E+18
7580	4.12621265970094E+18
7590	4.0964486762791E+18
7600	4.06669083518333E+18
7610	4.03693386570946E+18
7620	4.00715546994192E+18
7630	3.97733282369632E+18
7640	3.94744362171952E+18
7650	3.91746609598817E+18
7660	3.88737903710486E+18
7670	3.85716181954051E+18
7680	3.82679443142881E+18
7690	3.79625750957015E+18
7700	3.76553238024637E+18
7710	3.73460110638337E+18
7720	3.70344654152329E+18
7730	3.67205239098032E+18
7740	3.6404032804536E+18
7750	3.60848483225467E+18
7760	3.57628374917541E+18
7770	3.54380834128449E+18
7780	3.51117165160598E+18
7790	3.478517890582E+18
7800	3.44598831053887E+18
7810	3.41372072453508E+18
7820	3.38184902615599E+18
7830	3.35050273402243E+18
7840	3.31980659338939E+18
7850	3.28988026041525E+18
7860	3.26083808744315E+18
7870	3.23278902034553E+18
7880	3.20583661196341E+18
7890	3.18007914915477E+18
7900	3.15560988508911E+18
7910	3.13251736322636E+18
7920	3.11088581484645E+18
7930	3.09079560791815E+18
7940	3.07231906265451E+18
7950	3.05547309235016E+18
7960	3.04024091450461E+18
7970	3.02660604084957E+18
7980	3.01455281582032E+18
7990	3.0040663118273E+18
8000	2.99513212688191E+18
8010	2.98773608145031E+18
8020	2.98186380984113E+18
8030	2.97750024001383E+18
8040	2.97462895451333E+18
8050	2.97323142441306E+18
8060	2.97328610783892E+18
8070	2.97476740505575E+18
8080	2.97764446348818E+18
8090	2.98187982875057E+18
8100	2.98742794218057E+18
8110	2.99423349199355E+18
8120	3.00222387218245E+18
8130	3.01124138523369E+18
8140	3.02107076381998E+18
8150	3.03149139251617E+18
8160	3.04227996171198E+18
8170	3.05321270736244E+18
8180	3.06406820423691E+18
8190	3.07463062430136E+18
8200	3.08469333367954E+18
8210	3.0940626663008E+18
8220	3.10256168370983E+18
8230	3.11003371254536E+18
8240	3.11634544741025E+18
8250	3.12138941972965E+18
8260	3.12508566359291E+18
8270	3.12738245634315E+18
8280	3.12825607149417E+18
8290	3.12770954913244E+18
8300	3.12577055762E+18
8310	3.12249172625554E+18
8320	3.11796641187751E+18
8330	3.11230249227121E+18
8340	3.10560576719685E+18
8350	3.0979786472602E+18
8360	3.08951916215477E+18
8370	3.08032019140603E+18
8380	3.07046890489217E+18
8390	3.06004639570681E+18
8400	3.04912748463864E+18
8410	3.03778067358245E+18
8420	3.02606822442222E+18
8430	3.01404634016327E+18
8440	3.00176542613839E+18
8450	2.98927041077403E+18
8460	2.97660110748548E+18
8470	2.96379260160138E+18
8480	2.95087564864909E+18
8490	2.93787707274145E+18
8500	2.92482015609801E+18
8510	2.9117249922707E+18
8520	2.89860880146183E+18
8530	2.88548634948527E+18
8540	2.8723702578205E+18
8550	2.85927126504264E+18
8560	2.846198465439E+18
8570	2.83315952471958E+18
8580	2.82016087333621E+18
8590	2.80720787837581E+18
8600	2.79430499531024E+18
8610	2.78145590108872E+18
8620	2.7686636101691E+18
8630	2.75593057512129E+18
8640	2.74325877341683E+18
8650	2.73064978195734E+18
8660	2.71810484080529E+18
8670	2.70562490747229E+18
8680	2.69321070300236E+18
8690	2.68086275096606E+18
8700	2.66858141036124E+18
8710	2.65636690330964E+18
8720	2.64421933904162E+18
8730	2.6321387334684E+18
8740	2.62012502394357E+18
8750	2.60817808298128E+18
8760	2.59629772981318E+18
8770	2.58448373998381E+18
8780	2.57273585331118E+18
8790	2.56105378048704E+18
8800	2.54943720854673E+18
8810	2.53788580540085E+18
8820	2.52639922358873E+18
8830	2.51497710338721E+18
8840	2.50361907538516E+18
8850	2.4923247626159E+18
8860	2.48109378232341E+18
8870	2.46992574742543E+18
8880	2.45882026772568E+18
8890	2.44777695091815E+18
8900	2.43679540341915E+18
8910	2.42587523105673E+18
8920	2.41501603964149E+18
8930	2.40421743543003E+18
8940	2.39347902533156E+18
8950	2.38280041727997E+18
8960	2.37218122069669E+18
8970	2.36162104669927E+18
8980	2.3511195082653E+18
8990	2.34067622036631E+18
9000	2.33029080007622E+18
9010	2.31996286665817E+18
9020	2.30969204163297E+18
9030	2.29947794883178E+18
9040	2.28932021443529E+18
9050	2.27921846700113E+18
9060	2.26917233748111E+18
9070	2.25918145922943E+18
9080	2.24924546800291E+18
9090	2.23936400195401E+18
9100	2.22953670161717E+18
9110	2.21976320988916E+18
9120	2.2100431720034E+18
9130	2.20037623549883E+18
9140	2.19076205018316E+18
9150	2.18120026809055E+18
9160	2.17169054343945E+18
9170	2.16223253265554E+18
9180	2.15282589430228E+18
9190	2.14347028896678E+18
9200	2.13416537919175E+18
9210	2.12491082940218E+18
9220	2.11570630582484E+18
9230	2.1065514764003E+18
9240	2.09744601068672E+18
9250	2.0883895797548E+18
9260	2.07938185607314E+18
9270	2.0704225133832E+18
9280	2.06151122656297E+18
9290	2.05264767147848E+18
9300	2.04383152482192E+18
9310	2.03506246393551E+18
9320	2.02634016661981E+18
9330	2.01766431092528E+18
9340	2.00903457492575E+18
9350	2.00045063647256E+18
9360	1.99191217292783E+18
9370	1.98341886087551E+18
9380	1.97497037580868E+18
9390	1.9665663917916E+18
9400	1.95820658101248E+18
9410	1.94989061168286E+18
9420	1.94161814706708E+18
9430	1.93338884601388E+18
9440	1.92520236223113E+18
9450	1.9170583434227E+18
9460	1.90895643033031E+18
9470	1.90089625567065E+18
9480	1.8928774429572E+18
9490	1.88489960519574E+18
9500	1.87696234344109E+18
9510	1.86906524520256E+18
9520	1.86120788268404E+18
9530	1.85338981084457E+18
9540	1.8456105652639E+18
9550	1.83786965979729E+18
9560	1.83016658400304E+18
9570	1.82250080032581E+18
9580	1.81487174101848E+18
9590	1.80727880478522E+18
9600	1.79972135312848E+18
9610	1.79219870638309E+18
9620	1.78471013942136E+18
9630	1.77725487701405E+18
9640	1.76983208883381E+18
9650	1.76244088412755E+18
9660	1.75508032755764E+18
9670	1.7477494813699E+18
9680	1.74044737195408E+18
9690	1.73317298264005E+18
9700	1.7259252548789E+18
9710	1.71870309008286E+18
9720	1.71150535217273E+18
9730	1.70433087087359E+18
9740	1.69717844578959E+18
9750	1.69004685127707E+18
9760	1.68293484212259E+18
9770	1.675841160018E+18
9780	1.66876454081031E+18
9790	1.6617037224879E+18
9800	1.65465745384971E+18
9810	1.64762450378794E+18
9820	1.6406036711007E+18
9830	1.63359379473682E+18
9840	1.62659376436308E+18
9850	1.61960253113363E+18
9860	1.61261911853297E+18
9870	1.60564263315791E+18
9880	1.59867227530061E+18
9890	1.59170734919376E+18
9900	1.58474727278113E+18
9910	1.57779158688104E+18
9920	1.57083995012896E+18
9930	1.56389134352677E+18
9940	1.55694341701586E+18
9950	1.54999341039593E+18
9960	1.54303822716336E+18
9970	1.53607441348603E+18
9980	1.52909813562247E+18
9990	1.52210515560288E+18
10000	1.51509080504327E+18
10010	1.50804995702454E+18
10020	1.50097699603781E+18
10030	1.49386578607619E+18
10040	1.48670963704339E+18
10050	1.47950126975352E+18
10060	1.472232779914E+18
10070	1.46489560161848E+18
10080	1.457480471028E+18
10090	1.44997739108905E+18
10100	1.44237559832494E+18
10110	1.43466353294269E+18
10120	1.42682881371783E+18
10130	1.41885821935151E+18
10140	1.41073767823189E+18
10150	1.40245226876762E+18
10160	1.39398623268504E+18
10170	1.3853230038797E+18
10180	1.37644525557189E+18
10190	1.367334968617E+18
10200	1.35797352384576E+18
10210	1.34834781632129E+18
10220	1.33846975734286E+18
10230	1.32836193495683E+18
10240	1.31805243982643E+18
10250	1.30757480631222E+18
10260	1.29696776017264E+18
10270	1.28627479046854E+18
10280	1.27554357220754E+18
10290	1.26482527306729E+18
10300	1.25417378164349E+18
10310	1.24364489586382E+18
10320	1.23329550859593E+18
10330	1.22318282341537E+18
10340	1.21336362752672E+18
10350	1.20389364156683E+18
10360	1.19482695808293E+18
10370	1.18621557241594E+18
10380	1.17810900195972E+18
10390	1.17055398259818E+18
10400	1.16359422469112E+18
10410	1.15727020531115E+18
10420	1.15161896846079E+18
10430	1.14667390060488E+18
10440	1.14246444492377E+18
10450	1.13901571417386E+18
10460	1.13634795901194E+18
10470	1.13447584640136E+18
10480	1.13340750190913E+18
10490	1.13314327144688E+18
10500	1.13367416408567E+18
10510	1.13496737312715E+18
10520	1.13693021777013E+18
10530	1.13945111034827E+18
10540	1.14241265020069E+18
10550	1.14569248936318E+18
10560	1.1491646937668E+18
10570	1.15270166398248E+18
10580	1.15617663467451E+18
10590	1.15946671457272E+18
10600	1.16245636057011E+18
10610	1.16504110519044E+18
10620	1.16713128430604E+18
10630	1.16865545300989E+18
10640	1.16956314540759E+18
10650	1.16982664202285E+18
10660	1.16944146623002E+18
10670	1.16842544112423E+18
10680	1.16681629257604E+18
10690	1.16466796320112E+18
10700	1.162045975916E+18
10710	1.15902232032766E+18
10720	1.15567039976558E+18
10730	1.15206055342427E+18
10740	1.14825655850611E+18
10750	1.14431334412686E+18
10760	1.14027595053068E+18
10770	1.13617958728824E+18
10780	1.13205051833574E+18
10790	1.12790744814146E+18
10800	1.12376309931002E+18
10810	1.11962573806501E+18
10820	1.11550049292161E+18
10830	1.11139040060557E+18
10840	1.10729716630949E+18
10850	1.1032216852785E+18
10860	1.09916438974079E+18
10870	1.09512545635445E+18
10880	1.09110492493579E+18
10890	1.08710276421629E+18
10900	1.08311890714295E+18
10910	1.07915326927458E+18
10920	1.07520575810194E+18
10930	1.07127627764415E+18
10940	1.06736473065773E+18
10950	1.06347101967192E+18
10960	1.05959504746171E+18
10970	1.05573671725813E+18
10980	1.05189593283838E+18
10990	1.04807259856229E+18
11000	1.04426661938531E+18
11010	1.04047790086137E+18
11020	1.03670634914152E+18
11030	1.03295187097079E+18
11040	1.02921437368438E+18
11050	1.02549376520362E+18
11060	1.02178995403173E+18
11070	1.01810284924973E+18
11080	1.01443236051225E+18
11090	1.0107783980434E+18
11100	1.00714087263268E+18
11110	1.00351969563091E+18
11120	9.99914778946214E+17
11130	9.96326035039988E+17
11140	9.92753376922961E+17
11150	9.89196718151247E+17
11160	9.85655972822443E+17
11170	9.82131055571752E+17
11180	9.78621881568145E+17
11190	9.75128366510553E+17
11200	9.7165042662408E+17
11210	9.68187978656256E+17
11220	9.64740939873319E+17
11230	9.61309228056522E+17
11240	9.57892761498473E+17
11250	9.54491458999503E+17
11260	9.51105239864067E+17
11270	9.47734023897165E+17
11280	9.443777314008E+17
11290	9.41036283170461E+17
11300	9.37709600491632E+17
11310	9.34397605136333E+17
11320	9.31100219359685E+17
11330	9.27817365896503E+17
11340	9.24548967957915E+17
11350	9.21294949228015E+17
11360	9.18055233860529E+17
11370	9.1482974647552E+17
11380	9.11618412156114E+17
11390	9.08421156445247E+17
11400	9.0523790534245E+17
11410	9.02068585300645E+17
11420	8.98913123222977E+17
11430	8.95771446459666E+17
11440	8.92643482804885E+17
11450	8.8952916049366E+17
11460	8.864284081988E+17
11470	8.83341155027845E+17
11480	8.80267330520042E+17
11490	8.77206864643343E+17
11500	8.74159687791424E+17
11510	8.71125730780734E+17
11520	8.6810492484756E+17
11530	8.65097201645119E+17
11540	8.62102493240671E+17
11550	8.59120732112654E+17
11560	8.56151851147845E+17
11570	8.53195783638536E+17
11580	8.50252463279741E+17
11590	8.47321824166416E+17
11600	8.44403800790705E+17
11610	8.41498328039208E+17
11620	8.38605341190269E+17
11630	8.35724775911283E+17
11640	8.32856568256026E+17
11650	8.30000654662006E+17
11660	8.27156971947834E+17
11670	8.24325457310614E+17
11680	8.21506048323351E+17
11690	8.18698682932388E+17
11700	8.15903299454853E+17
11710	8.13119836576128E+17
11720	8.10348233347341E+17
11730	8.07588429182873E+17
11740	8.04840363857887E+17
11750	8.02103977505873E+17
11760	7.99379210616218E+17
11770	7.96666004031785E+17
11780	7.93964298946515E+17
11790	7.91274036903054E+17
11800	7.88595159790387E+17
11810	7.85927609841495E+17
11820	7.83271329631033E+17
11830	7.80626262073017E+17
11840	7.7799235041854E+17
11850	7.75369538253493E+17
11860	7.72757769496317E+17
11870	7.70156988395759E+17
11880	7.6756713952865E+17
11890	7.64988167797703E+17
11900	7.62420018429326E+17
11910	7.59862636971446E+17
11920	7.5731596929136E+17
11930	7.5477996157359E+17
11940	7.52254560317763E+17
11950	7.49739712336504E+17
11960	7.47235364753346E+17
11970	7.44741465000653E+17
11980	7.42257960817561E+17
11990	7.39784800247934E+17
12000	7.37321931638334E+17
12010	7.34869303636008E+17
12020	7.3242686518689E+17
12030	7.29994565533614E+17
12040	7.27572354213551E+17
12050	7.25160181056849E+17
12060	7.22757996184495E+17
12070	7.20365750006389E+17
12080	7.17983393219437E+17
12090	7.1561087680565E+17
12100	7.13248152030262E+17
12110	7.10895170439863E+17
12120	7.08551883860542E+17
12130	7.06218244396047E+17
12140	7.03894204425959E+17
12150	7.01579716603877E+17
12160	6.99274733855614E+17
12170	6.96979209377416E+17
12180	6.94693096634184E+17
12190	6.92416349357713E+17
12200	6.90148921544947E+17
12210	6.87890767456239E+17
12220	6.85641841613634E+17
12230	6.83402098799155E+17
12240	6.81171494053109E+17
12250	6.78949982672401E+17
12260	6.7673752020886E+17
12270	6.74534062467582E+17
12280	6.72339565505282E+17
12290	6.70153985628653E+17
12300	6.67977279392749E+17
12310	6.65809403599369E+17
12320	6.63650315295457E+17
12330	6.61499971771516E+17
12340	6.59358330560025E+17
12350	6.5722534943388E+17
12360	6.55100986404837E+17
12370	6.52985199721968E+17
12380	6.50877947870132E+17
12390	6.48779189568451E+17
12400	6.46688883768805E+17
12410	6.44606989654327E+17
12420	6.42533466637924E+17
12430	6.40468274360789E+17
12440	6.38411372690946E+17
12450	6.36362721721785E+17
12460	6.34322281770623E+17
12470	6.32290013377264E+17
12480	6.30265877302581E+17
12490	6.28249834527094E+17
12500	6.26241846249574E+17
12510	6.24241873885641E+17
12520	6.22249879066387E+17
12530	6.20265823636996E+17
12540	6.18289669655385E+17
12550	6.16321379390848E+17
12560	6.14360915322706E+17
12570	6.12408240138982E+17
12580	6.10463316735065E+17
12590	6.08526108212403E+17
12600	6.06596577877188E+17
12610	6.04674689239065E+17
12620	6.02760406009842E+17
12630	6.00853692102207E+17
12640	5.98954511628465E+17
12650	5.97062828899272E+17
12660	5.95178608422385E+17
12670	5.93301814901417E+17
12680	5.91432413234608E+17
12690	5.89570368513592E+17
12700	5.87715646022187E+17
12710	5.85868211235182E+17
12720	5.84028029817141E+17
12730	5.82195067621208E+17
12740	5.80369290687928E+17
12750	5.78550665244068E+17
12760	5.76739157701458E+17
12770	5.74934734655825E+17
12780	5.73137362885646E+17
12790	5.71347009351012E+17
12800	5.69563641192484E+17
12810	5.67787225729976E+17
12820	5.66017730461632E+17
12830	5.64255123062717E+17
12840	5.62499371384518E+17
12850	5.60750443453243E+17
12860	5.59008307468942E+17
12870	5.57272931804421E+17
12880	5.55544285004173E+17
12890	5.53822335783314E+17
12900	5.52107053026525E+17
12910	5.50398405787003E+17
12920	5.48696363285419E+17
12930	5.47000894908885E+17
12940	5.4531197020992E+17
12950	5.43629558905436E+17
12960	5.41953630875721E+17
12970	5.40284156163434E+17
12980	5.38621104972602E+17
12990	5.36964447667634E+17
13000	5.35314154772329E+17
13010	5.33670196968898E+17
13020	5.32032545096996E+17
13030	5.30401170152749E+17
13040	5.28776043287805E+17
13050	5.27157135808371E+17
13060	5.25544419174278E+17
13070	5.2393786499803E+17
13080	5.22337445043884E+17
13090	5.20743131226913E+17
13100	5.19154895612091E+17
13110	5.17572710413381E+17
13120	5.15996547992822E+17
13130	5.14426380859631E+17
13140	5.1286218166931E+17
13150	5.11303923222752E+17
13160	5.09751578465363E+17
13170	5.0820512048618E+17
13180	5.06664522517002E+17
13190	5.05129757931524E+17
13200	5.03600800244475E+17
13210	5.02077623110767E+17
13220	5.00560200324636E+17
13230	4.99048505818802E+17
13240	4.97542513663625E+17
13250	4.9604219806626E+17
13260	4.94547533369817E+17
13270	4.93058494052525E+17
13280	4.91575054726875E+17
13290	4.90097190138771E+17
13300	4.8862487516666E+17
13310	4.87158084820634E+17
13320	4.85696794241511E+17
13330	4.84240978699854E+17
13340	4.82790613594937E+17
13350	4.81345674453608E+17
13360	4.7990613692903E+17
13370	4.78471976799247E+17
13380	4.77043169965516E+17
13390	4.75619692450336E+17
13400	4.74201520395063E+17
13410	4.72788630056985E+17
13420	4.713809978057E+17
13430	4.69978600118583E+17
13440	4.68581413575076E+17
13450	4.67189414849478E+17
13460	4.65802580701831E+17
13470	4.64420887966377E+17
13480	4.63044313536988E+17
13490	4.61672834348799E+17
13500	4.60306427355121E+17
13510	4.58945069498551E+17
13520	4.5758873767493E+17
13530	4.56237408688617E+17
13540	4.548910591972E+17
13550	4.53549665643521E+17
13560	4.52213204172482E+17
13570	4.50881650529766E+17
13580	4.49554979939165E+17
13590	4.48233166954775E+17
13600	4.46916185283859E+17
13610	4.45604007575663E+17
13620	4.44296605171026E+17
13630	4.42993947807086E+17
13640	4.41696003270928E+17
13650	4.4040273699559E+17
13660	4.39114111591394E+17
13670	4.37830086305316E+17
13680	4.36550616400796E+17
13690	4.35275652450322E+17
13700	4.34005139533103E+17
13710	4.32739016330366E+17
13720	4.3147721411114E+17
13730	4.30219655602022E+17
13740	4.28966253774064E+17
13750	4.27716910686295E+17
13760	4.26471516028383E+17
13770	4.25229945558639E+17
13780	4.23992059483882E+17
13790	4.22757700749629E+17
13800	4.21526693251722E+17
13810	4.20298839983439E+17
13820	4.19073921135155E+17
13830	4.17851692166626E+17
13840	4.16631881874922E+17
13850	4.15414190483797E+17
13860	4.14198287782857E+17
13870	4.12983811347104E+17
13880	4.11770364869243E+17
13890	4.10557516638532E+17
13900	4.09344798200678E+17
13910	4.08131703233553E+17
13920	4.06917686672968E+17
13930	4.05702164121633E+17
13940	4.04484511572566E+17
13950	4.0326406547566E+17
13960	4.02040123172875E+17
13970	4.00811943723677E+17
13980	3.99578749137847E+17
13990	3.98339726027842E+17
14000	3.97094027687453E+17
14010	3.9584077659781E+17
14020	3.94579067355785E+17
14030	3.933079700138E+17
14040	3.92026533814009E+17
14050	3.90733791293855E+17
14060	3.8942876273439E+17
14070	3.88110460917365E+17
14080	3.86777896152306E+17
14090	3.85430081530444E+17
14100	3.84066038358737E+17
14110	3.82684801724245E+17
14120	3.81285426136899E+17
14130	3.79866991197281E+17
14140	3.78428607235375E+17
14150	3.76969420866435E+17
14160	3.75488620410993E+17
14170	3.73985441127782E+17
14180	3.72459170210648E+17
14190	3.70909151503609E+17
14200	3.69334789891753E+17
14210	3.67735555329804E+17
14220	3.66110986474644E+17
14230	3.64460693892945E+17
14240	3.62784362820104E+17
14250	3.61081755451916E+17
14260	3.59352712755707E+17
14270	3.57597155792906E+17
14280	3.55815086550173E+17
14290	3.54006537249791E+17
14300	3.52171408341371E+17
14310	3.50309593608773E+17
14320	3.48421025105828E+17
14330	3.46505673442962E+17
14340	3.44563548107672E+17
14350	3.42594697817678E+17
14360	3.40599210904304E+17
14370	3.38577215722351E+17
14380	3.3652888108165E+17
14390	3.34454416694397E+17
14400	3.32354073631496E+17
14410	3.30228144780288E+17
14420	3.28076965295326E+17
14430	3.25900913033279E+17
14440	3.23700408962489E+17
14450	3.2147591753738E+17
14460	3.19227947027545E+17
14470	3.16957049791225E+17
14480	3.14663822482763E+17
14490	3.12348906183657E+17
14500	3.10012986446979E+17
14510	3.07656793245128E+17
14520	3.05281100811238E+17
14530	3.02886727365E+17
14540	3.00474534714171E+17
14550	2.98045427723683E+17
14560	2.95600353644975E+17
14570	2.93140301298985E+17
14580	2.9066630010712E+17
14590	2.88179418965489E+17
14600	2.85680764958725E+17
14610	2.83171481910834E+17
14620	2.80652748771614E+17
14630	2.78125777838475E+17
14640	2.75591812814656E+17
14650	2.73052126706135E+17
14660	2.70508019560834E+17
14670	2.67960816054959E+17
14680	2.65411862932653E+17
14690	2.62862526306381E+17
14700	2.60314188826702E+17
14710	2.57768246731278E+17
14720	2.55226106784121E+17
14730	2.52689183117126E+17
14740	2.50158893986972E+17
14750	2.47636658461319E+17
14760	2.45123893049097E+17
14770	2.42622008290334E+17
14780	2.40132405321574E+17
14790	2.37656472433372E+17
14800	2.35195581636704E+17
14810	2.32751085255291E+17
14820	2.30324312560915E+17
14830	2.27916566468687E+17
14840	2.25529120309042E+17
14850	2.23163214692829E+17
14860	2.20820054485388E+17
14870	2.18500805904865E+17
14880	2.16206666534523E+17
14890	2.13940344025795E+17
14900	2.11705825702219E+17
14910	2.09506801645101E+17
14920	2.07346594990246E+17
14930	2.0522816255657E+17
14940	2.03154099445878E+17
14950	2.01126647283547E+17
14960	1.99147705716677E+17
14970	1.97218846750438E+17
14980	1.95341331483905E+17
14990	1.93516128801902E+17
15000	1.91743935587518E+17
15010	1.90025198038887E+17
15020	1.88360133701276E+17
15030	1.86748753859546E+17
15040	1.85190885974489E+17
15050	1.8368619588766E+17
15060	1.82234209561546E+17
15070	1.80834334163837E+17
15080	1.79485878345149E+17
15090	1.78188071597985E+17
15100	1.76940082620331E+17
15110	1.75741036639732E+17
15120	1.74590031682789E+17
15130	1.73486153800616E+17
15140	1.72428491283078E+17
15150	1.71416147913668E+17
15160	1.70448255333009E+17
15170	1.69523984592391E+17
15180	1.68642556989865E+17
15190	1.67803254290543E+17
15200	1.67005428440216E+17
15210	1.66248510887585E+17
15220	1.65532021635581E+17
15230	1.64855578146766E+17
15240	1.64218904231928E+17
15250	1.63621839054872E+17
15260	1.63064346390461E+17
15270	1.62546524277052E+17
15280	1.62068615209014E+17
15290	1.61631017019814E+17
15300	1.61234294611354E+17
15310	1.60879192690622E+17
15320	1.60566649680174E+17
15330	1.60297812973973E+17
15340	1.60074055714279E+17
15350	1.59896995267734E+17
15360	1.59768513578359E+17
15370	1.59690779570449E+17
15380	1.59666273763148E+17
15390	1.59697815238E+17
15400	1.59788591067354E+17
15410	1.59942188260083E+17
15420	1.60162628205307E+17
15430	1.6045440348604E+17
15440	1.60822516782025E+17
15450	1.61272521370148E+17
15460	1.61810562443637E+17
15470	1.62443418084561E+17
15480	1.63178538209128E+17
15490	1.64024079126047E+17
15500	1.64988930461238E+17
15510	1.66082730055803E+17
15520	1.673158609789E+17
15530	1.68699015285125E+17
15540	1.70240695258716E+17
15550	1.71948294849083E+17
15560	1.73828863910378E+17
15570	1.75888810748896E+17
15580	1.78133538836203E+17
15590	1.80567014735941E+17
15600	1.83191263673216E+17
15610	1.86005792967189E+17
15620	1.8900694922213E+17
15630	1.92187223143892E+17
15640	1.95534526457085E+17
15650	1.9903147879143E+17
15660	2.02654758370102E+17
15670	2.06374588067211E+17
15680	2.10154446247097E+17
15690	2.13951106966844E+17
15700	2.17715122500354E+17
15710	2.2139185729955E+17
15720	2.24923160116909E+17
15730	2.28249713874377E+17
15740	2.31314026743807E+17
15750	2.34063923198945E+17
15760	2.36456268689963E+17
15770	2.38460534805817E+17
15780	2.40061713407419E+17
15790	2.41262056506181E+17
15800	2.42081191209244E+17
15810	2.42554358044637E+17
15820	2.42728835859846E+17
15830	2.42658991321198E+17
15840	2.42400726777611E+17
15850	2.42006279886467E+17
15860	2.41520263291797E+17
15870	2.40977512762864E+17
15880	2.40402830850833E+17
15890	2.39812240784312E+17
15900	2.3921507390758E+17
15910	2.38616189801711E+17
15920	2.38017830017319E+17
15930	2.37420899416696E+17
15940	2.36825711973455E+17
15950	2.36232357572662E+17
15960	2.35640853976138E+17
15970	2.3505119949303E+17
15980	2.3446338810831E+17
15990	2.33877413043121E+17
16000	2.33293267432437E+17
16010	2.32710944427804E+17
16020	2.3213043720946E+17
16030	2.31551738987312E+17
16040	2.3097484300087E+17
16050	2.30399742519098E+17
16060	2.29826430840274E+17
16070	2.29254901291837E+17
16080	2.2868514723025E+17
16090	2.28117162040851E+17
16100	2.27550939137709E+17
16110	2.26986471963485E+17
16120	2.26423753989288E+17
16130	2.25862778714532E+17
16140	2.25303539666802E+17
16150	2.24746030401708E+17
16160	2.24190244502749E+17
16170	2.23636175581178E+17
16180	2.2308381727586E+17
16190	2.22533163253137E+17
16200	2.21984207206695E+17
16210	2.21436942857429E+17
16220	2.20891363953303E+17
16230	2.20347464269226E+17
16240	2.1980523760691E+17
16250	2.19264677794746E+17
16260	2.18725778687668E+17
16270	2.18188534167026E+17
16280	2.17652938140451E+17
16290	2.17118984541732E+17
16300	2.16586667330685E+17
16310	2.16055980493025E+17
16320	2.15526918040242E+17
16330	2.14999474009468E+17
16340	2.14473642463362E+17
16350	2.13949417489975E+17
16360	2.13426793202633E+17
16370	2.12905763739811E+17
16380	2.12386323265008E+17
16390	2.11868465966629E+17
16400	2.11352186057862E+17
16410	2.10837477776557E+17
16420	2.10324335385107E+17
16430	2.09812753170325E+17
16440	2.09302725443331E+17
16450	2.0879424653943E+17
16460	2.08287310817994E+17
16470	2.07781912662349E+17
16480	2.07278046479655E+17
16490	2.06775706700793E+17
16500	2.06274887780248E+17
16510	2.05775584195997E+17
16520	2.05277790449393E+17
16530	2.04781501065053E+17
16540	2.04286710590748E+17
16550	2.03793413597286E+17
16560	2.03301604678406E+17
16570	2.02811278450663E+17
16580	2.02322429553321E+17
16590	2.01835052648244E+17
16600	2.01349142419784E+17
16610	2.00864693574675E+17
16620	2.00381700841926E+17
16630	1.99900158972712E+17
16640	1.9942006274027E+17
16650	1.98941406939789E+17
16660	1.98464186388308E+17
16670	1.97988395924614E+17
16680	1.97514030409129E+17
16690	1.97041084723815E+17
16700	1.96569553772066E+17
16710	1.9609943247861E+17
16720	1.95630715789399E+17
16730	1.95163398671518E+17
16740	1.94697476113075E+17
16750	1.94232943123107E+17
16760	1.93769794731475E+17
16770	1.9330802598877E+17
16780	1.92847631966209E+17
16790	1.92388607755544E+17
16800	1.91930948468954E+17
16810	1.91474649238958E+17
16820	1.91019705218312E+17
16830	1.90566111579915E+17
16840	1.90113863516714E+17
16850	1.89662956241608E+17
16860	1.89213384987353E+17
16870	1.88765145006468E+17
16880	1.88318231571145E+17
16890	1.87872639973149E+17
16900	1.87428365523731E+17
16910	1.86985403553535E+17
16920	1.86543749412504E+17
16930	1.8610339846979E+17
16940	1.85664346113667E+17
16950	1.85226587751433E+17
16960	1.8479011880933E+17
16970	1.84354934732445E+17
16980	1.83921030984629E+17
16990	1.83488403048405E+17
17000	1.83057046424881E+17
17010	1.82626956633662E+17
17020	1.82198129212765E+17
17030	1.8177055971853E+17
17040	1.81344243725537E+17
17050	1.80919176826516E+17
17060	1.80495354632269E+17
17070	1.80072772771578E+17
17080	1.79651426891125E+17
17090	1.79231312655408E+17
17100	1.78812425746657E+17
17110	1.7839476186475E+17
17120	1.77978316727133E+17
17130	1.77563086068736E+17
17140	1.77149065641895E+17
17150	1.76736251216264E+17
17160	1.76324638578743E+17
17170	1.75914223533389E+17
17180	1.75505001901344E+17
17190	1.7509696952075E+17
17200	1.74690122246674E+17
17210	1.74284455951024E+17
17220	1.73879966522477E+17
17230	1.73476649866399E+17
17240	1.73074501904764E+17
17250	1.72673518576084E+17
17260	1.72273695835324E+17
17270	1.71875029653835E+17
17280	1.71477516019271E+17
17290	1.71081150935516E+17
17300	1.70685930422611E+17
17310	1.70291850516676E+17
17320	1.69898907269838E+17
17330	1.69507096750156E+17
17340	1.6911641504155E+17
17350	1.68726858243724E+17
17360	1.68338422472096E+17
17370	1.67951103857727E+17
17380	1.67564898547244E+17
17390	1.67179802702773E+17
17400	1.66795812501868E+17
17410	1.66412924137435E+17
17420	1.6603113381767E+17
17430	1.65650437765979E+17
17440	1.65270832220917E+17
17450	1.64892313436112E+17
17460	1.64514877680203E+17
17470	1.64138521236762E+17
17480	1.63763240404235E+17
17490	1.63389031495868E+17
17500	1.63015890839643E+17
17510	1.62643814778208E+17
17520	1.6227279966881E+17
17530	1.61902841883232E+17
17540	1.61533937807723E+17
17550	1.61166083842934E+17
17560	1.60799276403852E+17
17570	1.60433511919733E+17
17580	1.60068786834043E+17
17590	1.59705097604384E+17
17600	1.59342440702439E+17
17610	1.58980812613903E+17
17620	1.58620209838421E+17
17630	1.58260628889522E+17
17640	1.57902066294562E+17
17650	1.57544518594655E+17
17660	1.57187982344615E+17
17670	1.56832454112892E+17
17680	1.56477930481511E+17
17690	1.56124408046012E+17
17700	1.55771883415385E+17
17710	1.55420353212014E+17
17720	1.55069814071612E+17
17730	1.54720262643167E+17
17740	1.54371695588875E+17
17750	1.54024109584086E+17
17760	1.53677501317242E+17
17770	1.5333186748982E+17
17780	1.52987204816271E+17
17790	1.52643510023964E+17
17800	1.52300779853127E+17
17810	1.51959011056788E+17
17820	1.51618200400721E+17
17830	1.51278344663386E+17
17840	1.50939440635872E+17
17850	1.50601485121842E+17
17860	1.50264474937477E+17
17870	1.49928406911419E+17
17880	1.49593277884713E+17
17890	1.49259084710757E+17
17900	1.48925824255243E+17
17910	1.48593493396101E+17
17920	1.4826208902345E+17
17930	1.47931608039536E+17
17940	1.47602047358686E+17
17950	1.47273403907246E+17
17960	1.46945674623536E+17
17970	1.4661885645779E+17
17980	1.46292946372105E+17
17990	1.4596794134039E+17
18000	1.45643838348313E+17
18010	1.45320634393246E+17
18020	1.44998326484216E+17
18030	1.44676911641855E+17
18040	1.44356386898342E+17
18050	1.44036749297358E+17
18060	1.43717995894035E+17
18070	1.434001237549E+17
18080	1.4308312995783E+17
18090	1.42767011591999E+17
18100	1.4245176575783E+17
18110	1.42137389566944E+17
18120	1.41823880142111E+17
18130	1.415112346172E+17
18140	1.41199450137132E+17
18150	1.4088852385783E+17
18160	1.40578452946169E+17
18170	1.40269234579933E+17
18180	1.39960865947761E+17
18190	1.39653344249103E+17
18200	1.39346666694172E+17
18210	1.39040830503893E+17
18220	1.38735832909864E+17
18230	1.38431671154302E+17
18240	1.38128342489998E+17
18250	1.37825844180273E+17
18260	1.3752417349893E+17
18270	1.37223327730209E+17
18280	1.36923304168741E+17
18290	1.36624100119501E+17
18300	1.36325712897767E+17
18310	1.36028139829071E+17
18320	1.35731378249155E+17
18330	1.35435425503928E+17
18340	1.35140278949421E+17
18350	1.34845935951742E+17
18360	1.34552393887034E+17
18370	1.34259650141429E+17
18380	1.33967702111007E+17
18390	1.3367654720175E+17
18400	1.33386182829502E+17
18410	1.33096606419923E+17
18420	1.32807815408451E+17
18430	1.32519807240253E+17
18440	1.32232579370188E+17
18450	1.31946129262765E+17
18460	1.31660454392099E+17
18470	1.31375552241867E+17
18480	1.31091420305276E+17
18490	1.30808056085009E+17
18500	1.30525457093195E+17
18510	1.30243620851363E+17
18520	1.29962544890401E+17
18530	1.29682226750518E+17
18540	1.29402663981202E+17
18550	1.29123854141182E+17
18560	1.28845794798386E+17
18570	1.28568483529903E+17
18580	1.28291917921941E+17
18590	1.28016095569791E+17
18600	1.27741014077789E+17
18610	1.2746667105927E+17
18620	1.27193064136539E+17
18630	1.26920190940824E+17
18640	1.26648049112245E+17
18650	1.26376636299768E+17
18660	1.26105950161175E+17
18670	1.25835988363021E+17
18680	1.25566748580599E+17
18690	1.25298228497901E+17
18700	1.25030425807582E+17
18710	1.24763338210923E+17
18720	1.24496963417794E+17
18730	1.24231299146615E+17
18740	1.23966343124323E+17
18750	1.23702093086336E+17
18760	1.23438546776512E+17
18770	1.23175701947118E+17
18780	1.22913556358792E+17
18790	1.2265210778051E+17
18800	1.22391353989544E+17
18810	1.22131292771434E+17
18820	1.21871921919951E+17
18830	1.21613239237058E+17
18840	1.2135524253288E+17
18850	1.21097929625669E+17
18860	1.20841298341765E+17
18870	1.20585346515568E+17
18880	1.203300719895E+17
18890	1.20075472613971E+17
18900	1.19821546247346E+17
18910	1.19568290755913E+17
18920	1.19315704013847E+17
18930	1.19063783903179E+17
18940	1.18812528313759E+17
18950	1.18561935143227E+17
18960	1.18312002296981E+17
18970	1.18062727688138E+17
18980	1.17814109237507E+17
18990	1.17566144873557E+17
19000	1.17318832532382E+17
19010	1.17072170157667E+17
19020	1.16826155700663E+17
19030	1.1658078712015E+17
19040	1.16336062382404E+17
19050	1.16091979461173E+17
19060	1.15848536337636E+17
19070	1.15605731000379E+17
19080	1.15363561445361E+17
19090	1.15122025675885E+17
19100	1.14881121702564E+17
19110	1.14640847543294E+17
19120	1.14401201223221E+17
19130	1.14162180774712E+17
19140	1.13923784237325E+17
19150	1.13686009657777E+17
19160	1.13448855089918E+17
19170	1.13212318594696E+17
19180	1.12976398240132E+17
19190	1.1274109210129E+17
19200	1.12506398260244E+17
19210	1.12272314806053E+17
19220	1.12038839834729E+17
19230	1.11805971449211E+17
19240	1.11573707759334E+17
19250	1.113420468818E+17
19260	1.11110986940152E+17
19270	1.10880526064742E+17
19280	1.10650662392708E+17
19290	1.10421394067939E+17
19300	1.10192719241054E+17
19310	1.0996463606937E+17
19320	1.09737142716874E+17
19330	1.09510237354197E+17
19340	1.09283918158587E+17
19350	1.09058183313881E+17
19360	1.08833031010477E+17
19370	1.08608459445307E+17
19380	1.08384466821811E+17
19390	1.08161051349911E+17
19400	1.07938211245981E+17
19410	1.07715944732824E+17
19420	1.07494250039643E+17
19430	1.07273125402016E+17
19440	1.07052569061871E+17
19450	1.06832579267456E+17
19460	1.06613154273316E+17
19470	1.06394292340267E+17
19480	1.06175991735371E+17
19490	1.05958250731907E+17
19500	1.05741067609349E+17
19510	1.05524440653339E+17
19520	1.05308368155662E+17
19530	1.05092848414221E+17
19540	1.04877879733013E+17
19550	1.046634604221E+17
19560	1.04449588797591E+17
19570	1.04236263181611E+17
19580	1.04023481902279E+17
19590	1.03811243293685E+17
19600	1.03599545695862E+17
19610	1.03388387454766E+17
19620	1.03177766922249E+17
19630	1.02967682456035E+17
19640	1.02758132419698E+17
19650	1.02549115182636E+17
19660	1.02340629120049E+17
19670	1.02132672612915E+17
19680	1.01925244047966E+17
19690	1.01718341817665E+17
19700	1.01511964320182E+17
19710	1.01306109959373E+17
19720	1.01100777144755E+17
19730	1.00895964291482E+17
19740	1.00691669820327E+17
19750	1.00487892157653E+17
19760	1.00284629735394E+17
19770	1.00081880991034E+17
19780	9.98796443675795E+16
19790	9.96779183135419E+16
19800	9.9476701282913E+16
19810	9.92759917351434E+16
19820	9.90757881351207E+16
19830	9.8876088953147E+16
19840	9.86768926649177E+16
19850	9.84781977514995E+16
19860	9.82800026993085E+16
19870	9.80823060000895E+16
19880	9.78851061508936E+16
19890	9.76884016540574E+16
19900	9.74921910171821E+16
19910	9.72964727531113E+16
19920	9.71012453799111E+16
19930	9.69065074208485E+16
19940	9.67122574043708E+16
19950	9.65184938640846E+16
19960	9.63252153387355E+16
19970	9.61324203721872E+16
19980	9.59401075134011E+16
19990	9.57482753164161E+16
20000	9.55569223403281E+16
