2000	1.93889682057704E+17
2010	2.05905556957465E+17
2020	2.18554810983523E+17
2030	2.31860898368781E+17
2040	2.45851274700141E+17
2050	2.60558713525027E+17
2060	2.76021182219187E+17
2070	2.92279827331529E+17
2080	3.09375457487183E+17
2090	3.2734509015751E+17
2100	3.46219744429964E+17
2110	3.660243368012E+17
2120	3.86780584063773E+17
2130	4.08512109072501E+17
2140	4.31249991134554E+17
2150	4.55036997429307E+17
2160	4.79929352626549E+17
2170	5.05994413693776E+17
2180	5.33303488935184E+17
2190	5.61923827210671E+17
2200	5.91910630657434E+17
2210	6.23300683618859E+17
2220	6.56113428384069E+17
2230	6.90356658234066E+17
2240	7.26036289294099E+17
2250	7.63171423722895E+17
2260	8.01805374580379E+17
2270	8.42012660878706E+17
2280	8.83901390617329E+17
2290	9.27601670507519E+17
2300	9.73252351685588E+17
2310	1.02097967419924E+18
2320	1.07087569723222E+18
2330	1.12299059915205E+18
2340	1.17732193995784E+18
2350	1.23382977921591E+18
2360	1.2924535943282E+18
2370	1.35314041020915E+18
2380	1.41587896799909E+18
2390	1.4807152662473E+18
2400	1.54778344316585E+18
2410	1.61728779869047E+18
2420	1.68949983790795E+18
2430	1.76471420525826E+18
2440	1.84321763549285E+18
2450	1.92523063254113E+18
2460	2.01087786892554E+18
2470	2.10016718520244E+18
2480	2.19297690229651E+18
2490	2.28909769172746E+18
2500	2.38826139288112E+18
2510	2.49021570348273E+18
2520	2.59477675970451E+18
2530	2.70190919234403E+18
2540	2.81173265484899E+18
2550	2.92458466467122E+18
2560	3.04095227797581E+18
2570	3.16147174739136E+18
2580	3.28682693512782E+18
2590	3.41766437961929E+18
2600	3.55451533682295E+18
2610	3.69767755325078E+18
2620	3.84719994542763E+18
2630	4.00280718926156E+18
2640	4.16398334621418E+18
2650	4.32996551484469E+18
2660	4.49994056134342E+18
2670	4.67306834260524E+18
2680	4.84873956319318E+18
2690	5.02657766270158E+18
2700	5.20663988490168E+18
2710	5.38939354146304E+18
2720	5.57572251172158E+18
2730	5.76691614859002E+18
2740	5.96444223848834E+18
2750	6.16994374226664E+18
2760	6.3849247178492E+18
2770	6.61062544826949E+18
2780	6.84793998007431E+18
2790	7.0970153499075E+18
2800	7.35760994376154E+18
2810	7.62855624539247E+18
2820	7.90831076612927E+18
2830	8.19481117059438E+18
2840	8.48569755552946E+18
2850	8.77881731972998E+18
2860	9.07214066093789E+18
2870	9.36425185932397E+18
2880	9.65465420974412E+18
2890	9.94338340653642E+18
2900	1.02319095213625E+19
2910	1.05221888833465E+19
2920	1.08171190267962E+19
2930	1.11201926349617E+19
2940	1.14349551241647E+19
2950	1.17649357798034E+19
2960	1.21135371699998E+19
2970	1.24828466105312E+19
2980	1.28745811299901E+19
2990	1.32890194556606E+19
3000	1.37248582068837E+19
3010	1.41801646504316E+19
3020	1.46511284894514E+19
3030	1.5133151019913E+19
3040	1.56211454673552E+19
3050	1.61095284918092E+19
3060	1.65926158415975E+19
3070	1.70661150895866E+19
3080	1.75262114852058E+19
3090	1.79704004895769E+19
3100	1.83989831554708E+19
3110	1.88128703617337E+19
3120	1.92154049451203E+19
3130	1.96120595158586E+19
3140	2.00087653961048E+19
3150	2.04128013354085E+19
3160	2.08321230995484E+19
3170	2.12744020420114E+19
3180	2.17458485128181E+19
3190	2.22525449024022E+19
3200	2.27988980544183E+19
3210	2.33857373286999E+19
3220	2.40134357072712E+19
3230	2.46798593282545E+19
3240	2.53792418830724E+19
3250	2.61051216027637E+19
3260	2.68492440092129E+19
3270	2.76013141270116E+19
3280	2.83504341439908E+19
3290	2.90859596836156E+19
3300	2.97976933872312E+19
3310	3.04753913974175E+19
3320	3.11114057091087E+19
3330	3.17012716469297E+19
3340	3.22410339765094E+19
3350	3.27303249803047E+19
3360	3.31738448586227E+19
3370	3.3576915219764E+19
3380	3.39471375224999E+19
3390	3.42967508722646E+19
3400	3.46384518276603E+19
3410	3.4984929703716E+19
3420	3.53494540080341E+19
3430	3.57452350137777E+19
3440	3.61847537948505E+19
3450	3.66757250783831E+19
3460	3.72232962767375E+19
3470	3.78323934678485E+19
3480	3.85030346917522E+19
3490	3.92288708116206E+19
3500	4.00029571780483E+19
3510	4.08169199288497E+19
3520	4.16574369550116E+19
3530	4.25098460264756E+19
3540	4.3359400456271E+19
3550	4.41913928608732E+19
3560	4.49913774280381E+19
3570	4.57453991966131E+19
3580	4.64408444733342E+19
3590	4.70685227932918E+19
3600	4.76207497858719E+19
3610	4.80908260595306E+19
3620	4.8475742465503E+19
3630	4.87767923337032E+19
3640	4.89959656846783E+19
3650	4.91361907382856E+19
3660	4.92061393333691E+19
3670	4.92172560699799E+19
3680	4.91804394949585E+19
3690	4.91071811689549E+19
3700	4.90135791067427E+19
3710	4.89160360793101E+19
3720	4.8829718190894E+19
3730	4.8768412099552E+19
3740	4.87442258929834E+19
3750	4.87681135900355E+19
3760	4.88499785493313E+19
3770	4.8995227110588E+19
3780	4.92011279489394E+19
3790	4.94636650155183E+19
3800	4.9778438946364E+19
3810	5.01375567321334E+19
3820	5.05266184163542E+19
3830	5.09310229625889E+19
3840	5.13369588815852E+19
3850	5.17313002192252E+19
3860	5.21014915776497E+19
3870	5.24364029530581E+19
3880	5.27265348167696E+19
3890	5.29644919771014E+19
3900	5.31464119058344E+19
3910	5.3270173811571E+19
3920	5.33346540471734E+19
3930	5.33397039310599E+19
3940	5.32871579978949E+19
3950	5.31798962788503E+19
3960	5.30208516710984E+19
3970	5.28129219833532E+19
3980	5.25596075731377E+19
3990	5.22652105835008E+19
4000	5.19336859652254E+19
4010	5.15685621563189E+19
4020	5.11734236747946E+19
4030	5.07540006721377E+19
4040	5.03163151502739E+19
4050	4.9865802954248E+19
4060	4.94074310901166E+19
4070	4.89475025822209E+19
4080	4.84945780817732E+19
4090	4.80567801838549E+19
4100	4.76415535170457E+19
4110	4.72555560049796E+19
4120	4.69036102656145E+19
4130	4.65891142023828E+19
4140	4.63147142901914E+19
4150	4.60822086386674E+19
4160	4.58914434980544E+19
4170	4.57360533526833E+19
4180	4.56077701609516E+19
4190	4.54985726345441E+19
4200	4.54008048122686E+19
4210	4.5306922515655E+19
4220	4.52087216276221E+19
4230	4.50989943552272E+19
4240	4.49720544396443E+19
4250	4.48237668280174E+19
4260	4.46517269602619E+19
4270	4.44556371062762E+19
4280	4.42361946314359E+19
4290	4.39946871384331E+19
4300	4.3732843201447E+19
4310	4.34527593289817E+19
4320	4.31570422053022E+19
4330	4.28482682749436E+19
4340	4.25287667694163E+19
4350	4.2200607842735E+19
4360	4.18656095440855E+19
4370	4.15254286525076E+19
4380	4.11815106674583E+19
4390	4.08350420165774E+19
4400	4.04869842397628E+19
4410	4.01381059664126E+19
4420	3.97890226619915E+19
4430	3.94402277888625E+19
4440	3.90920907744912E+19
4450	3.87448731793396E+19
4460	3.83987437758282E+19
4470	3.8053806655686E+19
4480	3.77102350691893E+19
4490	3.7368214928245E+19
4500	3.70278921488053E+19
4510	3.66893889468223E+19
4520	3.63528179301361E+19
4530	3.60184924853258E+19
4540	3.56873552870498E+19
4550	3.53605545485903E+19
4560	3.5039324522502E+19
4570	3.47249337401029E+19
4580	3.44185995519352E+19
4590	3.41212341435433E+19
4600	3.38332503293169E+19
4610	3.3554710144909E+19
4620	3.32852869034449E+19
4630	3.30242266624368E+19
4640	3.27703325693343E+19
4650	3.25215787388077E+19
4660	3.22754077955886E+19
4670	3.20297775586962E+19
4680	3.17833123666942E+19
4690	3.1535293277736E+19
4700	3.1285568489204E+19
4710	3.10344218019577E+19
4720	3.0782405340033E+19
4730	3.05301701676553E+19
4740	3.02783616608511E+19
4750	3.00275521502281E+19
4760	2.97782067696892E+19
4770	2.95306776348572E+19
4780	2.92852143857786E+19
4790	2.90419759558911E+19
4800	2.88010556334304E+19
4810	2.85625023553107E+19
4820	2.83263359064739E+19
4830	2.80925573979277E+19
4840	2.78611563304924E+19
4850	2.7632115009088E+19
4860	2.74054114243218E+19
4870	2.71810211334086E+19
4880	2.69589183895912E+19
4890	2.67390768157698E+19
4900	2.65214698059449E+19
4910	2.63060707644298E+19
4920	2.60928532430587E+19
4930	2.58817910244059E+19
4940	2.56728581706129E+19
4950	2.54660290506991E+19
4960	2.52612783548392E+19
4970	2.50585811012825E+19
4980	2.48579126384457E+19
4990	2.46592486414124E+19
5000	2.44625651072782E+19
5010	2.42678383485443E+19
5020	2.40750449843538E+19
5030	2.38841619292937E+19
5040	2.36951663748956E+19
5050	2.35080357604717E+19
5060	2.33227477463928E+19
5070	2.3139280170307E+19
5080	2.29576109828089E+19
5090	2.2777718153912E+19
5100	2.25995795358999E+19
5110	2.24231728137366E+19
5120	2.2248476056437E+19
5130	2.20754679606481E+19
5140	2.19041283296275E+19
5150	2.17344387898527E+19
5160	2.15663834727039E+19
5170	2.13999493491334E+19
5180	2.12351258268298E+19
5190	2.10719029869314E+19
5200	2.09102695057556E+19
5210	2.07502108005598E+19
5220	2.05917074885947E+19
5230	2.04347351105174E+19
5240	2.0279265528931E+19
5250	2.01252697771469E+19
5260	1.99727210821789E+19
5270	1.98215975890418E+19
5280	1.96718844791267E+19
5290	1.95235705838455E+19
5300	1.93766450116077E+19
5310	1.92310956084698E+19
5320	1.90869088558752E+19
5330	1.89440703664146E+19
5340	1.8802565391352E+19
5350	1.86623791387829E+19
5360	1.85234969245079E+19
5370	1.83859042288095E+19
5380	1.8249586712966E+19
5390	1.81145302220671E+19
5400	1.79807207837408E+19
5410	1.7848144605807E+19
5420	1.77167880737011E+19
5430	1.75866377478802E+19
5440	1.74576803612596E+19
5450	1.7329902816688E+19
5460	1.72032921844656E+19
5470	1.70778356999011E+19
5480	1.69535207609098E+19
5490	1.68303349256503E+19
5500	1.67082659102001E+19
5510	1.65873015862693E+19
5520	1.64674299789509E+19
5530	1.63486392645077E+19
5540	1.6230917768196E+19
5550	1.61142539621229E+19
5560	1.59986364631394E+19
5570	1.58840540307674E+19
5580	1.57704955651591E+19
5590	1.56579501050903E+19
5600	1.55464068259853E+19
5610	1.54358550379731E+19
5620	1.53262841839756E+19
5630	1.52176838378251E+19
5640	1.51100437024128E+19
5650	1.50033536078661E+19
5660	1.4897603509755E+19
5670	1.47927834873266E+19
5680	1.46888837417685E+19
5690	1.45858945944978E+19
5700	1.44838064854792E+19
5710	1.43826099715676E+19
5720	1.42822957248782E+19
5730	1.41828545311808E+19
5740	1.40842772883207E+19
5750	1.39865550046628E+19
5760	1.3889678797561E+19
5770	1.37936398918507E+19
5780	1.36984296183655E+19
5790	1.36040394124759E+19
5800	1.35104608126513E+19
5810	1.34176854590443E+19
5820	1.33257050920964E+19
5830	1.32345115511654E+19
5840	1.31440967731736E+19
5850	1.30544527912776E+19
5860	1.29655717335574E+19
5870	1.28774458217261E+19
5880	1.27900673698593E+19
5890	1.27034287831438E+19
5900	1.26175225566448E+19
5910	1.25323412740924E+19
5920	1.24478776066853E+19
5930	1.23641243119117E+19
5940	1.2281074232388E+19
5950	1.2198720294713E+19
5960	1.21170555083429E+19
5970	1.20360729644969E+19
5980	1.19557658350958E+19
5990	1.18761273717228E+19
6000	1.17971509045686E+19
6010	1.17188298413226E+19
6020	1.16411576660338E+19
6030	1.15641279380401E+19
6040	1.14877342910503E+19
6050	1.14119704323141E+19
6060	1.13368301417252E+19
6070	1.12623072708078E+19
6080	1.1188395741689E+19
6090	1.11150895461469E+19
6100	1.10423827447191E+19
6110	1.09702694658181E+19
6120	1.08987439048497E+19
6130	1.08278003233418E+19
6140	1.07574330480845E+19
6150	1.0687636470284E+19
6160	1.06184050447273E+19
6170	1.05497332889604E+19
6180	1.04816157824774E+19
6190	1.04140471659221E+19
6200	1.03470221403009E+19
6210	1.02805354662068E+19
6220	1.02145819630551E+19
6230	1.014915650833E+19
6240	1.00842540368413E+19
6250	1.00198695399932E+19
6260	9.95599806506219E+18
6270	9.89263471448616E+18
6280	9.8297746451633E+18
6290	9.76741306776105E+18
6300	9.70554524603501E+18
6310	9.64416649615747E+18
6320	9.58327218605544E+18
6330	9.52285773475815E+18
6340	9.46291861175372E+18
6350	9.40345033635499E+18
6360	9.34444847707426E+18
6370	9.28590865100684E+18
6380	9.22782652322332E+18
6390	9.17019780617034E+18
6400	9.11301825907975E+18
6410	9.05628368738611E+18
6420	8.99998994215228E+18
6430	8.94413291950308E+18
6440	8.88870856006677E+18
6450	8.83371284842439E+18
6460	8.77914181256671E+18
6470	8.72499152335872E+18
6480	8.67125809401154E+18
6490	8.61793767956163E+18
6500	8.56502647635727E+18
6510	8.51252072155193E+18
6520	8.46041669260488E+18
6530	8.40871070678845E+18
6540	8.35739912070216E+18
6550	8.3064783297935E+18
6560	8.25594476788524E+18
6570	8.20579490670921E+18
6580	8.15602525544647E+18
6590	8.10663236027374E+18
6600	8.05761280391595E+18
6610	8.00896320520491E+18
6620	7.96068021864399E+18
6630	7.91276053397865E+18
6640	7.8652008757728E+18
6650	7.81799800299085E+18
6660	7.77114870858549E+18
6670	7.72464981909086E+18
6680	7.67849819422134E+18
6690	7.63269072647568E+18
6700	7.58722434074635E+18
6710	7.54209599393426E+18
6720	7.49730267456852E+18
6730	7.45284140243132E+18
6740	7.4087092281878E+18
6750	7.36490323302086E+18
6760	7.32142052827075E+18
6770	7.27825825507958E+18
6780	7.23541358404037E+18
6790	7.19288371485087E+18
6800	7.15066587597191E+18
6810	7.10875732429023E+18
6820	7.06715534478579E+18
6830	7.02585725020341E+18
6840	6.98486038072878E+18
6850	6.94416210366866E+18
6860	6.90375981313532E+18
6870	6.86365092973502E+18
6880	6.82383290026069E+18
6890	6.78430319738846E+18
6900	6.74505931937827E+18
6910	6.7060987897783E+18
6920	6.66741915713325E+18
6930	6.6290179946964E+18
6940	6.59089290014546E+18
6950	6.55304149530191E+18
6960	6.5154614258542E+18
6970	6.47815036108436E+18
6980	6.44110599359814E+18
6990	6.40432603905869E+18
7000	6.36780823592357E+18
7010	6.33155034518521E+18
7020	6.29555015011461E+18
7030	6.25980545600839E+18
7040	6.22431408993904E+18
7050	6.18907390050828E+18
7060	6.1540827576037E+18
7070	6.11933855215834E+18
7080	6.08483919591346E+18
7090	6.05058262118417E+18
7100	6.0165667806282E+18
7110	5.98278964701747E+18
7120	5.94924921301254E+18
7130	5.91594349093988E+18
7140	5.88287051257191E+18
7150	5.85002832891008E+18
7160	5.81741500997042E+18
7170	5.78502864457179E+18
7180	5.75286734012681E+18
7190	5.72092922243542E+18
7200	5.68921243548097E+18
7210	5.65771514122894E+18
7220	5.62643551942806E+18
7230	5.59537176741396E+18
7240	5.56452209991524E+18
7250	5.53388474886196E+18
7260	5.50345796319647E+18
7270	5.47324000868658E+18
7280	5.44322916774107E+18
7290	5.41342373922744E+18
7300	5.38382203829191E+18
7310	5.35442239618161E+18
7320	5.32522316006903E+18
7330	5.29622269287851E+18
7340	5.26741937311492E+18
7350	5.23881159469445E+18
7360	5.21039776677742E+18
7370	5.18217631360313E+18
7380	5.15414567432677E+18
7390	5.12630430285822E+18
7400	5.09865066770294E+18
7410	5.07118325180463E+18
7420	5.04390055238994E+18
7430	5.01680108081496E+18
7440	4.98988336241362E+18
7450	4.96314593634786E+18
7460	4.93658735545968E+18
7470	4.91020618612489E+18
7480	4.88400100810868E+18
7490	4.85797041442289E+18
7500	4.83211301118499E+18
7510	4.80642741747874E+18
7520	4.78091226521655E+18
7530	4.75556619900345E+18
7540	4.73038787600269E+18
7550	4.7053759658029E+18
7560	4.68052915028695E+18
7570	4.65584612350217E+18
7580	4.63132559153232E+18
7590	4.60696627237092E+18
7600	4.58276689579615E+18
7610	4.55872620324719E+18
7620	4.53484294770206E+18
7630	4.51111589355685E+18
7640	4.48754381650642E+18
7650	4.46412550342645E+18
7660	4.44085975225692E+18
7670	4.41774537188691E+18
7680	4.39478118204078E+18
7690	4.37196601316566E+18
7700	4.34929870632031E+18
7710	4.32677811306515E+18
7720	4.30440309535369E+18
7730	4.28217252542518E+18
7740	4.26008528569849E+18
7750	4.23814026866724E+18
7760	4.21633637679613E+18
7770	4.19467252241849E+18
7780	4.17314762763498E+18
7790	4.1517606242135E+18
7800	4.13051045349019E+18
7810	4.10939606627168E+18
7820	4.08841642273829E+18
7830	4.06757049234855E+18
7840	4.04685725374461E+18
7850	4.02627569465889E+18
7860	4.00582481182171E+18
7870	3.98550361087002E+18
7880	3.9653111062571E+18
7890	3.94524632116341E+18
7900	3.92530828740831E+18
7910	3.9054960453629E+18
7920	3.88580864386379E+18
7930	3.86624514012785E+18
7940	3.84680459966795E+18
7950	3.82748609620962E+18
7960	3.80828871160867E+18
7970	3.78921153576976E+18
7980	3.7702536665658E+18
7990	3.7514142097584E+18
8000	3.73269227891907E+18
8010	3.71408699535136E+18
8020	3.69559748801392E+18
8030	3.67722289344438E+18
8040	3.658962355684E+18
8050	3.64081502620335E+18
8060	3.62278006382861E+18
8070	3.60485663466883E+18
8080	3.58704391204399E+18
8090	3.56934107641375E+18
8100	3.55174731530712E+18
8110	3.53426182325285E+18
8120	3.51688380171056E+18
8130	3.4996124590027E+18
8140	3.48244701024721E+18
8150	3.46538667729096E+18
8160	3.44843068864387E+18
8170	3.43157827941379E+18
8180	3.41482869124214E+18
8190	3.39818117224012E+18
8200	3.38163497692579E+18
8210	3.36518936616171E+18
8220	3.3488436070933E+18
8230	3.33259697308791E+18
8240	3.31644874367449E+18
8250	3.30039820448397E+18
8260	3.28444464719028E+18
8270	3.26858736945197E+18
8280	3.25282567485449E+18
8290	3.23715887285313E+18
8300	3.22158627871654E+18
8310	3.20610721347082E+18
8320	3.19072100384432E+18
8330	3.17542698221294E+18
8340	3.16022448654606E+18
8350	3.14511286035306E+18
8360	3.13009145263039E+18
8370	3.1151596178092E+18
8380	3.1003167157036E+18
8390	3.08556211145935E+18
8400	3.07089517550326E+18
8410	3.05631528349299E+18
8420	3.04182181626742E+18
8430	3.02741415979764E+18
8440	3.01309170513832E+18
8450	2.9988538483797E+18
8460	2.98469999060006E+18
8470	2.97062953781867E+18
8480	2.95664190094928E+18
8490	2.94273649575407E+18
8500	2.9289127427981E+18
8510	2.91517006740424E+18
8520	2.90150789960858E+18
8530	2.8879256741163E+18
8540	2.87442283025801E+18
8550	2.86099881194651E+18
8560	2.84765306763412E+18
8570	2.83438505027032E+18
8580	2.82119421725988E+18
8590	2.80808003042151E+18
8600	2.79504195594678E+18
8610	2.78207946435964E+18
8620	2.76919203047623E+18
8630	2.75637913336519E+18
8640	2.74364025630834E+18
8650	2.73097488676178E+18
8660	2.7183825163174E+18
8670	2.70586264066479E+18
8680	2.69341475955354E+18
8690	2.68103837675589E+18
8700	2.66873300002987E+18
8710	2.65649814108271E+18
8720	2.64433331553466E+18
8730	2.63223804288324E+18
8740	2.62021184646776E+18
8750	2.60825425343429E+18
8760	2.59636479470096E+18
8770	2.58454300492357E+18
8780	2.57278842246163E+18
8790	2.56110058934468E+18
8800	2.54947905123903E+18
8810	2.53792335741473E+18
8820	2.52643306071299E+18
8830	2.51500771751383E+18
8840	2.50364688770418E+18
8850	2.49235013464616E+18
8860	2.4811170251458E+18
8870	2.469947129422E+18
8880	2.45884002107588E+18
8890	2.44779527706034E+18
8900	2.43681247765002E+18
8910	2.42589120641153E+18
8920	2.41503105017394E+18
8930	2.40423159899964E+18
8940	2.39349244615541E+18
8950	2.38281318808388E+18
8960	2.3721934243752E+18
8970	2.36163275773897E+18
8980	2.35113079397658E+18
8990	2.34068714195368E+18
9000	2.33030141357301E+18
9010	2.31997322374746E+18
9020	2.30970219037347E+18
9030	2.29948793430456E+18
9040	2.28933007932527E+18
9050	2.27922825212528E+18
9060	2.26918208227378E+18
9070	2.25919120219411E+18
9080	2.24925524713871E+18
9090	2.23937385516418E+18
9100	2.22954666710674E+18
9110	2.21977332655783E+18
9120	2.21005347983997E+18
9130	2.20038677598288E+18
9140	2.19077286669985E+18
9150	2.18121140636428E+18
9160	2.17170205198647E+18
9170	2.16224446319073E+18
9180	2.15283830219254E+18
9190	2.14348323377611E+18
9200	2.13417892527203E+18
9210	2.12492504653521E+18
9220	2.11572126992301E+18
9230	2.10656727027358E+18
9240	2.09746272488441E+18
9250	2.08840731349112E+18
9260	2.07940071824641E+18
9270	2.07044262369924E+18
9280	2.06153271677418E+18
9290	2.05267068675105E+18
9300	2.04385622524462E+18
9310	2.03508902618462E+18
9320	2.02636878579591E+18
9330	2.01769520257879E+18
9340	2.00906797728958E+18
9350	2.00048681292131E+18
9360	1.9919514146847E+18
9370	1.98346148998917E+18
9380	1.97501674842419E+18
9390	1.96661690174068E+18
9400	1.9582616638327E+18
9410	1.94995075071921E+18
9420	1.94168388052608E+18
9430	1.93346077346825E+18
9440	1.925281151832E+18
9450	1.91714473995753E+18
9460	1.90905126422156E+18
9470	1.90100045302014E+18
9480	1.89299203675169E+18
9490	1.88502574780012E+18
9500	1.8771013205181E+18
9510	1.86921849121061E+18
9520	1.86137699811847E+18
9530	1.85357658140217E+18
9540	1.84581698312578E+18
9550	1.83809794724103E+18
9560	1.83041921957154E+18
9570	1.8227805477972E+18
9580	1.81518168143868E+18
9590	1.80762237184211E+18
9600	1.8001023721639E+18
9610	1.79262143735566E+18
9620	1.78517932414934E+18
9630	1.77777579104243E+18
9640	1.77041059828332E+18
9650	1.76308350785687E+18
9660	1.75579428346998E+18
9670	1.7485426905374E+18
9680	1.74132849616763E+18
9690	1.73415146914898E+18
9700	1.72701137993569E+18
9710	1.71990800063429E+18
9720	1.71284110498993E+18
9730	1.70581046837305E+18
9740	1.69881586776594E+18
9750	1.69185708174958E+18
9760	1.68493389049059E+18
9770	1.6780460757282E+18
9780	1.67119342076146E+18
9790	1.66437571043646E+18
9800	1.65759273113379E+18
9810	1.65084427075598E+18
9820	1.64413011871517E+18
9830	1.63745006592078E+18
9840	1.63080390476745E+18
9850	1.62419142912291E+18
9860	1.61761243431607E+18
9870	1.61106671712523E+18
9880	1.60455407576631E+18
9890	1.59807430988127E+18
9900	1.59162722052661E+18
9910	1.58521261016193E+18
9920	1.57883028263868E+18
9930	1.57248004318894E+18
9940	1.5661616984143E+18
9950	1.55987505627491E+18
9960	1.55361992607858E+18
9970	1.54739611846993E+18
9980	1.54120344541977E+18
9990	1.53504172021442E+18
10000	1.52891075744525E+18
10010	1.52281037299825E+18
10020	1.51674038404372E+18
10030	1.51070060902602E+18
10040	1.50469086765344E+18
10050	1.49871098088817E+18
10060	1.49276077093633E+18
10070	1.48684006123811E+18
10080	1.48094867645798E+18
10090	1.475086442475E+18
10100	1.46925318637322E+18
10110	1.46344873643216E+18
10120	1.45767292211736E+18
10130	1.45192557407106E+18
10140	1.44620652410287E+18
10150	1.44051560518064E+18
10160	1.43485265142136E+18
10170	1.42921749808205E+18
10180	1.42360998155092E+18
10190	1.41802993933843E+18
10200	1.41247721006853E+18
10210	1.40695163346994E+18
10220	1.40145305036753E+18
10230	1.39598130267374E+18
10240	1.39053623338009E+18
10250	1.3851176865488E+18
10260	1.37972550730445E+18
10270	1.37435954182567E+18
10280	1.36901963733702E+18
10290	1.3637056421008E+18
10300	1.35841740540907E+18
10310	1.3531547775756E+18
10320	1.34791760992804E+18
10330	1.34270575479999E+18
10340	1.33751906552332E+18
10350	1.3323573964204E+18
10360	1.32722060279647E+18
10370	1.32210854093212E+18
10380	1.3170210680757E+18
10390	1.31195804243597E+18
10400	1.30691932317463E+18
10410	1.3019047703991E+18
10420	1.2969142451552E+18
10430	1.29194760942E+18
10440	1.28700472609466E+18
10450	1.28208545899741E+18
10460	1.27718967285651E+18
10470	1.27231723330334E+18
10480	1.26746800686546E+18
10490	1.26264186095987E+18
10500	1.25783866388614E+18
10510	1.25305828481979E+18
10520	1.24830059380561E+18
10530	1.24356546175103E+18
10540	1.23885276041964E+18
10550	1.23416236242466E+18
10560	1.22949414122253E+18
10570	1.22484797110655E+18
10580	1.22022372720054E+18
10590	1.21562128545258E+18
10600	1.21104052262882E+18
10610	1.20648131630729E+18
10620	1.2019435448718E+18
10630	1.19742708750589E+18
10640	1.19293182418684E+18
10650	1.18845763567968E+18
10660	1.18400440353132E+18
10670	1.17957201006468E+18
10680	1.17516033837289E+18
10690	1.17076927231353E+18
10700	1.16639869650294E+18
10710	1.16204849631051E+18
10720	1.15771855785314E+18
10730	1.15340876798963E+18
10740	1.14911901431514E+18
10750	1.1448491851558E+18
10760	1.14059916956319E+18
10770	1.136368857309E+18
10780	1.13215813887972E+18
10790	1.12796690547129E+18
10800	1.1237950489839E+18
10810	1.11964246201676E+18
10820	1.11550903786295E+18
10830	1.11139467050431E+18
10840	1.10729925460632E+18
10850	1.10322268551313E+18
10860	1.09916485924252E+18
10870	1.09512567248096E+18
10880	1.09110502257872E+18
10890	1.08710280754498E+18
10900	1.083118926043E+18
10910	1.07915327738534E+18
10920	1.0752057615291E+18
10930	1.07127627907123E+18
10940	1.06736473124382E+18
10950	1.06347101990951E+18
10960	1.05959504755686E+18
10970	1.05573671729581E+18
10980	1.05189593285314E+18
10990	1.04807259856802E+18
11000	1.04426661938751E+18
11010	1.04047790086221E+18
11020	1.03670634914183E+18
11030	1.0329518709709E+18
11040	1.02921437368443E+18
11050	1.02549376520363E+18
11060	1.02178995403173E+18
11070	1.01810284924973E+18
11080	1.01443236051225E+18
11090	1.0107783980434E+18
11100	1.00714087263265E+18
11110	1.0035196956307E+18
11120	9.99914778944827E+17
11130	9.9632603503129E+17
11140	9.92753376871157E+17
11150	9.89196717859772E+17
11160	9.85655971280848E+17
11170	9.82131047975726E+17
11180	9.78621847129811E+17
11190	9.75128224118003E+17
11200	9.71649892524976E+17
11210	9.68186165431956E+17
11220	9.64735367413535E+17
11230	9.61293692838999E+17
11240	9.57853333448172E+17
11250	9.54399941027351E+17
11260	9.50909934048454E+17
11270	9.47348636578485E+17
11280	9.43670458906031E+17
11290	9.39822045605861E+17
11300	9.35748528004594E+17
11310	9.31402016952134E+17
11320	9.26750686828668E+17
11330	9.2178655343771E+17
11340	9.16530393261498E+17
11350	9.11032995503672E+17
11360	9.05372774452677E+17
11370	8.99650431349492E+17
11380	8.93981704273689E+17
11390	8.88489278797572E+17
11400	8.83294737319737E+17
11410	8.78511117550326E+17
11420	8.74236334461618E+17
11430	8.70547467169984E+17
11440	8.67495762978401E+17
11450	8.65102184143285E+17
11460	8.63353428619957E+17
11470	8.62198602206974E+17
11480	8.61547110060559E+17
11490	8.61268851427502E+17
11500	8.61198358527013E+17
11510	8.61144901354009E+17
11520	8.60910073697918E+17
11530	8.60306033607673E+17
11540	8.59198517505678E+17
11550	8.57548313313388E+17
11560	8.55408952016409E+17
11570	8.52898475949429E+17
11580	8.50155356223777E+17
11590	8.47297116217286E+17
11600	8.44399180755084E+17
11610	8.41497737831743E+17
11620	8.38605294166217E+17
11630	8.35724773826166E+17
11640	8.32856568211387E+17
11650	8.3000065466162E+17
11660	8.27156971947833E+17
11670	8.24325457310614E+17
11680	8.21506048323351E+17
11690	8.18698682932388E+17
11700	8.15903299454853E+17
11710	8.13119836576128E+17
11720	8.10348233347341E+17
11730	8.07588429182873E+17
11740	8.04840363857887E+17
11750	8.02103977505873E+17
11760	7.99379210616218E+17
11770	7.96666004031785E+17
11780	7.93964298946515E+17
11790	7.91274036903054E+17
11800	7.88595159790387E+17
11810	7.85927609841495E+17
11820	7.83271329631033E+17
11830	7.80626262073017E+17
11840	7.7799235041854E+17
11850	7.75369538253493E+17
11860	7.72757769496317E+17
11870	7.70156988395759E+17
11880	7.6756713952865E+17
11890	7.64988167797703E+17
11900	7.62420018429326E+17
11910	7.59862636971446E+17
11920	7.5731596929136E+17
11930	7.5477996157359E+17
11940	7.52254560317763E+17
11950	7.49739712336504E+17
11960	7.47235364753346E+17
11970	7.44741465000653E+17
11980	7.42257960817561E+17
11990	7.39784800247934E+17
12000	7.37321931638334E+17
12010	7.34869303636008E+17
12020	7.3242686518689E+17
12030	7.29994565533614E+17
12040	7.27572354213551E+17
12050	7.25160181056849E+17
12060	7.22757996184495E+17
12070	7.20365750006389E+17
12080	7.17983393219437E+17
12090	7.1561087680565E+17
12100	7.13248152030262E+17
12110	7.10895170439863E+17
12120	7.08551883860542E+17
12130	7.06218244396047E+17
12140	7.03894204425959E+17
12150	7.01579716603877E+17
12160	6.99274733855614E+17
12170	6.96979209377416E+17
12180	6.94693096634184E+17
12190	6.92416349357713E+17
12200	6.90148921544947E+17
12210	6.87890767456239E+17
12220	6.85641841613634E+17
12230	6.83402098799155E+17
12240	6.81171494053109E+17
12250	6.78949982672401E+17
12260	6.7673752020886E+17
12270	6.74534062467582E+17
12280	6.72339565505282E+17
12290	6.70153985628653E+17
12300	6.67977279392749E+17
12310	6.65809403599369E+17
12320	6.63650315295457E+17
12330	6.61499971771516E+17
12340	6.59358330560025E+17
12350	6.5722534943388E+17
12360	6.55100986404837E+17
12370	6.52985199721968E+17
12380	6.50877947870132E+17
12390	6.48779189568451E+17
12400	6.46688883768805E+17
12410	6.44606989654327E+17
12420	6.42533466637924E+17
12430	6.40468274360789E+17
12440	6.38411372690946E+17
12450	6.36362721721785E+17
12460	6.34322281770623E+17
12470	6.32290013377264E+17
12480	6.30265877302581E+17
12490	6.28249834527094E+17
12500	6.26241846249574E+17
12510	6.24241873885641E+17
12520	6.22249879066387E+17
12530	6.20265823636996E+17
12540	6.18289669655385E+17
12550	6.16321379390848E+17
12560	6.14360915322706E+17
12570	6.12408240138982E+17
12580	6.10463316735065E+17
12590	6.08526108212403E+17
12600	6.06596577877188E+17
12610	6.04674689239065E+17
12620	6.02760406009842E+17
12630	6.00853692102207E+17
12640	5.98954511628465E+17
12650	5.97062828899272E+17
12660	5.95178608422385E+17
12670	5.93301814901417E+17
12680	5.91432413234608E+17
12690	5.89570368513592E+17
12700	5.87715646022187E+17
12710	5.85868211235182E+17
12720	5.84028029817141E+17
12730	5.82195067621208E+17
12740	5.80369290687928E+17
12750	5.78550665244068E+17
12760	5.76739157701458E+17
12770	5.74934734655825E+17
12780	5.73137362885646E+17
12790	5.71347009351012E+17
12800	5.69563641192484E+17
12810	5.67787225729976E+17
12820	5.66017730461632E+17
12830	5.64255123062717E+17
12840	5.62499371384518E+17
12850	5.60750443453243E+17
12860	5.59008307468942E+17
12870	5.57272931804421E+17
12880	5.55544285004173E+17
12890	5.53822335783314E+17
12900	5.52107053026525E+17
12910	5.50398405787003E+17
12920	5.48696363285419E+17
12930	5.47000894908885E+17
12940	5.4531197020992E+17
12950	5.43629558905436E+17
12960	5.41953630875721E+17
12970	5.40284156163434E+17
12980	5.38621104972602E+17
12990	5.36964447667634E+17
13000	5.35314154772329E+17
13010	5.33670196968898E+17
13020	5.32032545096996E+17
13030	5.30401170152749E+17
13040	5.28776043287805E+17
13050	5.27157135808371E+17
13060	5.25544419174278E+17
13070	5.23937864998031E+17
13080	5.22337445043885E+17
13090	5.20743131226914E+17
13100	5.19154895612094E+17
13110	5.17572710413385E+17
13120	5.15996547992827E+17
13130	5.1442638085964E+17
13140	5.12862181669326E+17
13150	5.11303923222778E+17
13160	5.09751578465405E+17
13170	5.08205120486247E+17
13180	5.06664522517109E+17
13190	5.05129757931695E+17
13200	5.03600800244747E+17
13210	5.02077623111195E+17
13220	5.00560200325307E+17
13230	4.99048505819849E+17
13240	4.97542513665249E+17
13250	4.96042198068766E+17
13260	4.94547533373666E+17
13270	4.93058494058401E+17
13280	4.915750547358E+17
13290	4.90097190152256E+17
13300	4.88624875186928E+17
13310	4.8715808485094E+17
13320	4.85696794286593E+17
13330	4.84240978766574E+17
13340	4.82790613693179E+17
13350	4.81345674597535E+17
13360	4.79906137138834E+17
13370	4.78471977103558E+17
13380	4.7704317040473E+17
13390	4.75619693081149E+17
13400	4.74201521296647E+17
13410	4.7278863133934E+17
13420	4.71380999620891E+17
13430	4.69978602675771E+17
13440	4.68581417160532E+17
13450	4.67189419853081E+17
13460	4.65802587651957E+17
13470	4.64420897575621E+17
13480	4.63044326761738E+17
13490	4.61672852466476E+17
13500	4.60306452063804E+17
13510	4.58945103044792E+17
13520	4.57588783016922E+17
13530	4.56237469703401E+17
13540	4.54891140942474E+17
13550	4.53549774686749E+17
13560	4.52213349002523E+17
13570	4.50881842069111E+17
13580	4.4955523217818E+17
13590	4.48233497733092E+17
13600	4.46916617248245E+17
13610	4.45604569348421E+17
13620	4.4429733276814E+17
13630	4.42994886351014E+17
13640	4.41697209049112E+17
13650	4.40404279922319E+17
13660	4.39116078137713E+17
13670	4.3783258296893E+17
13680	4.36553773795549E+17
13690	4.35279630102467E+17
13700	4.34010131479292E+17
13710	4.32745257619724E+17
13720	4.31484988320957E+17
13730	4.30229303483072E+17
13740	4.28978183108439E+17
13750	4.27731607301123E+17
13760	4.26489556266293E+17
13770	4.25252010309638E+17
13780	4.24018949836779E+17
13790	4.22790355352694E+17
13800	4.21566207461142E+17
13810	4.20346486864089E+17
13820	4.19131174361144E+17
13830	4.1792025084899E+17
13840	4.16713697320828E+17
13850	4.15511494865818E+17
13860	4.14313624668525E+17
13870	4.13120068008372E+17
13880	4.11930806259091E+17
13890	4.10745820888181E+17
13900	4.09565093456369E+17
13910	4.08388605617078E+17
13920	4.07216339115888E+17
13930	4.06048275790012E+17
13940	4.04884397567772E+17
13950	4.03724686468073E+17
13960	4.02569124599884E+17
13970	4.01417694161729E+17
13980	4.00270377441168E+17
13990	3.99127156814294E+17
14000	3.97988014745223E+17
14010	3.96852933785596E+17
14020	3.95721896574075E+17
14030	3.94594885835855E+17
14040	3.93471884382163E+17
14050	3.92352875109774E+17
14060	3.91237841000525E+17
14070	3.90126765120827E+17
14080	3.8901963062119E+17
14090	3.87916420735745E+17
14100	3.86817118781767E+17
14110	3.8572170815921E+17
14120	3.84630172350231E+17
14130	3.83542494918733E+17
14140	3.82458659509897E+17
14150	3.81378649849727E+17
14160	3.80302449744593E+17
14170	3.79230043080774E+17
14180	3.78161413824015E+17
14190	3.77096546019073E+17
14200	3.76035423789272E+17
14210	3.7497803133607E+17
14220	3.73924352938606E+17
14230	3.72874372953277E+17
14240	3.71828075813297E+17
14250	3.70785446028268E+17
14260	3.6974646818375E+17
14270	3.6871112694084E+17
14280	3.67679407035747E+17
14290	3.66651293279369E+17
14300	3.65626770556881E+17
14310	3.64605823827315E+17
14320	3.63588438123151E+17
14330	3.62574598549909E+17
14340	3.61564290285737E+17
14350	3.60557498581009E+17
14360	3.59554208757926E+17
14370	3.5855440621011E+17
14380	3.57558076402213E+17
14390	3.56565204869522E+17
14400	3.55575777217561E+17
14410	3.54589779121709E+17
14420	3.53607196326809E+17
14430	3.52628014646784E+17
14440	3.51652219964254E+17
14450	3.50679798230157E+17
14460	3.49710735463372E+17
14470	3.48745017750342E+17
14480	3.47782631244703E+17
14490	3.46823562166909E+17
14500	3.45867796803873E+17
14510	3.44915321508589E+17
14520	3.43966122699779E+17
14530	3.43020186861525E+17
14540	3.42077500542911E+17
14550	3.41138050357668E+17
14560	3.40201822983817E+17
14570	3.39268805163317E+17
14580	3.38338983701715E+17
14590	3.37412345467798E+17
14600	3.36488877393244E+17
14610	3.35568566472283E+17
14620	3.34651399761351E+17
14630	3.3373736437875E+17
14640	3.32826447504315E+17
14650	3.31918636379071E+17
14660	3.31013918304907E+17
14670	3.30112280644239E+17
14680	3.29213710819682E+17
14690	3.28318196313726E+17
14700	3.27425724668403E+17
14710	3.26536283484971E+17
14720	3.25649860423589E+17
14730	3.24766443202995E+17
14740	3.23886019600196E+17
14750	3.23008577450143E+17
14760	3.22134104645423E+17
14770	3.21262589135948E+17
14780	3.20394018928639E+17
14790	3.19528382087126E+17
14800	3.18665666731434E+17
14810	3.17805861037684E+17
14820	3.16948953237789E+17
14830	3.16094931619153E+17
14840	3.15243784524371E+17
14850	3.14395500350935E+17
14860	3.13550067550935E+17
14870	3.1270747463077E+17
14880	3.11867710150851E+17
14890	3.11030762725317E+17
14900	3.10196621021741E+17
14910	3.09365273760849E+17
14920	3.0853670971623E+17
14930	3.07710917714057E+17
14940	3.06887886632805E+17
14950	3.0606760540297E+17
14960	3.05250063006792E+17
14970	3.04435248477979E+17
14980	3.03623150901431E+17
14990	3.02813759412968E+17
15000	3.02007063199062E+17
15010	3.01203051496559E+17
15020	3.00401713592421E+17
15030	2.99603038823451E+17
15040	2.98807016576034E+17
15050	2.98013636285871E+17
15060	2.97222887437716E+17
15070	2.9643475956512E+17
15080	2.95649242250168E+17
15090	2.94866325123226E+17
15100	2.94085997862682E+17
15110	2.93308250194693E+17
15120	2.92533071892934E+17
15130	2.91760452778346E+17
15140	2.90990382718884E+17
15150	2.90222851629276E+17
15160	2.89457849470765E+17
15170	2.88695366250875E+17
15180	2.8793539202316E+17
15190	2.87177916886961E+17
15200	2.86422930987166E+17
15210	2.85670424513963E+17
15220	2.84920387702599E+17
15230	2.84172810833132E+17
15240	2.8342768423018E+17
15250	2.82684998262662E+17
15260	2.81944743343531E+17
15270	2.8120690992949E+17
15280	2.80471488520681E+17
15290	2.79738469660358E+17
15300	2.7900784393451E+17
15310	2.78279601971448E+17
15320	2.77553734441329E+17
15330	2.76830232055615E+17
15340	2.76109085566466E+17
15350	2.75390285766046E+17
15360	2.74673823485747E+17
15370	2.73959689595339E+17
15380	2.73247875002055E+17
15390	2.72538370649613E+17
15400	2.71831167517236E+17
15410	2.71126256618671E+17
15420	2.70423629001283E+17
15430	2.69723275745266E+17
15440	2.69025187963044E+17
15450	2.68329356798913E+17
15460	2.67635773429022E+17
15470	2.66944429061734E+17
15480	2.66255314938431E+17
15490	2.65568422334816E+17
15500	2.6488374256273E+17
15510	2.64201266972485E+17
15520	2.63520986955694E+17
15530	2.62842893945872E+17
15540	2.62166979401935E+17
15550	2.61493234807926E+17
15560	2.60821651675557E+17
15570	2.60152221541282E+17
15580	2.59484935962754E+17
15590	2.58819786514616E+17
15600	2.58156764783545E+17
15610	2.57495862362429E+17
15620	2.56837070843548E+17
15630	2.5618038181057E+17
15640	2.5552578682911E+17
15650	2.54873277435575E+17
15660	2.54222845123894E+17
15670	2.5357448132967E+17
15680	2.52928177411144E+17
15690	2.52283924626255E+17
15700	2.5164171410484E+17
15710	2.51001536814848E+17
15720	2.50363383521116E+17
15730	2.4972724473493E+17
15740	2.49093110652119E+17
15750	2.48460971076903E+17
15760	2.47830815327981E+17
15770	2.47202632122484E+17
15780	2.46576409432301E+17
15790	2.45952134305886E+17
15800	2.45329792646905E+17
15810	2.44709368938895E+17
15820	2.44090845902337E+17
15830	2.43474204067131E+17
15840	2.42859421239152E+17
15850	2.4224647183426E+17
15860	2.41635326046524E+17
15870	2.41025948809277E+17
15880	2.40418298497649E+17
15890	2.39812325309011E+17
15900	2.39207969243002E+17
15910	2.38605157585066E+17
15920	2.38003801776279E+17
15930	2.37403793527392E+17
15940	2.36805000006143E+17
15950	2.36207257893935E+17
15960	2.35610366071106E+17
15970	2.35014076649865E+17
15980	2.34418084031662E+17
15990	2.3382201162332E+17
16000	2.33225395806691E+17
16010	2.32627666724116E+17
16020	2.32028125422502E+17
16030	2.3142591689973E+17
16040	2.30819998627883E+17
16050	2.30209104199344E+17
16060	2.29591701866827E+17
16070	2.28965947939948E+17
16080	2.28329635272059E+17
16090	2.27680137432596E+17
16100	2.27014349619133E+17
16110	2.26328627919718E+17
16120	2.25618729180818E+17
16130	2.24879754447305E+17
16140	2.24106099681739E+17
16150	2.23291418187484E+17
16160	2.2242859978408E+17
16170	2.21509772229898E+17
16180	2.20526330563188E+17
16190	2.19468999843557E+17
16200	2.1832793613668E+17
16210	2.17092869432606E+17
16220	2.15753290495194E+17
16230	2.14298689535481E+17
16240	2.12719617740646E+17
16250	2.11009053976608E+17
16260	2.09161929927835E+17
16270	2.07175345008457E+17
16280	2.05048824316632E+17
16290	2.02784483026661E+17
16300	2.00387084874207E+17
16310	1.97863990123393E+17
16320	1.95224996392144E+17
16330	1.92482083099046E+17
16340	1.8964907636002E+17
16350	1.86741255407506E+17
16360	1.83774923792858E+17
16370	1.80766968789079E+17
16380	1.77734430778554E+17
16390	1.74694101385036E+17
16400	1.7166216516425E+17
16410	1.68653895285172E+17
16420	1.65683409247294E+17
16430	1.6276348663587E+17
16440	1.59905447460627E+17
16450	1.5711908689222E+17
16460	1.54412660248542E+17
16470	1.51792910856472E+17
16480	1.49265132833791E+17
16490	1.468332607744E+17
16500	1.44499978636307E+17
16510	1.42266840694556E+17
16520	1.40134398134677E+17
16530	1.38102325688346E+17
16540	1.3616954367487E+17
16550	1.34334331966383E+17
16560	1.32594433777039E+17
16570	1.30947148740522E+17
16580	1.29389416323964E+17
16590	1.27917891971535E+17
16600	1.26529019196245E+17
16610	1.25219100937119E+17
16620	1.23984372820599E+17
16630	1.22821079644712E+17
16640	1.2172555472981E+17
16650	1.20694300110542E+17
16660	1.19724064218237E+17
16670	1.18811912958387E+17
16680	1.17955290021804E+17
16690	1.17152062837624E+17
16700	1.16400551633478E+17
16710	1.15699540407997E+17
16720	1.15048270032428E+17
16730	1.14446415002618E+17
16740	1.13894046436142E+17
16750	1.13391584688774E+17
16760	1.12939745442003E+17
16770	1.12539483321637E+17
16780	1.1219193710436E+17
16790	1.11898380420085E+17
16800	1.11660181623861E+17
16810	1.11478776237385E+17
16820	1.1135565507043E+17
16830	1.11292370824397E+17
16840	1.11290565624118E+17
16850	1.11352021463848E+17
16860	1.11478734910228E+17
16870	1.1167301648487E+17
16880	1.11937613856229E+17
16890	1.12275856227705E+17
16900	1.12691815087411E+17
16910	1.13190473839626E+17
16920	1.13777895943645E+17
16930	1.14461378360563E+17
16940	1.1524957480044E+17
16950	1.16152571969498E+17
16960	1.17181902115723E+17
16970	1.18350476647366E+17
16980	1.19672427737124E+17
16990	1.21162845998169E+17
17000	1.22837400101628E+17
17010	1.24711011594939E+17
17020	1.26794580294925E+17
17030	1.29095944941626E+17
17040	1.31619390714973E+17
17050	1.3436422714889E+17
17060	1.37323112653645E+17
17070	1.40480161058314E+17
17080	1.43808941890709E+17
17090	1.47270586753667E+17
17100	1.50812335064561E+17
17110	1.5436698250541E+17
17120	1.57853807317882E+17
17130	1.61181590346117E+17
17140	1.64254234690929E+17
17150	1.66979136680283E+17
17160	1.69277794035741E+17
17170	1.71097189649842E+17
17180	1.72419478905556E+17
17190	1.73266896431161E+17
17200	1.736992011642E+17
17210	1.73802836905395E+17
17220	1.73674036772952E+17
17230	1.73401025227861E+17
17240	1.73051322107734E+17
17250	1.72667787470135E+17
17260	1.72272598411166E+17
17270	1.71874874616555E+17
17280	1.71477500768921E+17
17290	1.71081149960703E+17
17300	1.70685930385319E+17
17310	1.70291850515902E+17
17320	1.6989890726983E+17
17330	1.69507096750156E+17
17340	1.6911641504155E+17
17350	1.68726858243724E+17
17360	1.68338422472096E+17
17370	1.67951103857727E+17
17380	1.67564898547244E+17
17390	1.67179802702773E+17
17400	1.66795812501868E+17
17410	1.66412924137435E+17
17420	1.6603113381767E+17
17430	1.65650437765979E+17
17440	1.65270832220917E+17
17450	1.64892313436112E+17
17460	1.64514877680203E+17
17470	1.64138521236762E+17
17480	1.63763240404235E+17
17490	1.63389031495868E+17
17500	1.63015890839643E+17
17510	1.62643814778208E+17
17520	1.6227279966881E+17
17530	1.61902841883232E+17
17540	1.61533937807723E+17
17550	1.61166083842934E+17
17560	1.60799276403852E+17
17570	1.60433511919733E+17
17580	1.60068786834043E+17
17590	1.59705097604384E+17
17600	1.59342440702439E+17
17610	1.58980812613903E+17
17620	1.58620209838421E+17
17630	1.58260628889522E+17
17640	1.57902066294562E+17
17650	1.57544518594655E+17
17660	1.57187982344615E+17
17670	1.56832454112892E+17
17680	1.56477930481511E+17
17690	1.56124408046012E+17
17700	1.55771883415385E+17
17710	1.55420353212014E+17
17720	1.55069814071612E+17
17730	1.54720262643167E+17
17740	1.54371695588875E+17
17750	1.54024109584086E+17
17760	1.53677501317242E+17
17770	1.5333186748982E+17
17780	1.52987204816271E+17
17790	1.52643510023964E+17
17800	1.52300779853127E+17
17810	1.51959011056788E+17
17820	1.51618200400721E+17
17830	1.51278344663386E+17
17840	1.50939440635872E+17
17850	1.50601485121842E+17
17860	1.50264474937477E+17
17870	1.49928406911419E+17
17880	1.49593277884713E+17
17890	1.49259084710757E+17
17900	1.48925824255243E+17
17910	1.48593493396101E+17
17920	1.4826208902345E+17
17930	1.47931608039536E+17
17940	1.47602047358686E+17
17950	1.47273403907246E+17
17960	1.46945674623536E+17
17970	1.4661885645779E+17
17980	1.46292946372105E+17
17990	1.4596794134039E+17
18000	1.45643838348313E+17
18010	1.45320634393246E+17
18020	1.44998326484216E+17
18030	1.44676911641855E+17
18040	1.44356386898342E+17
18050	1.44036749297358E+17
18060	1.43717995894035E+17
18070	1.434001237549E+17
18080	1.4308312995783E+17
18090	1.42767011591999E+17
18100	1.4245176575783E+17
18110	1.42137389566944E+17
18120	1.41823880142111E+17
18130	1.415112346172E+17
18140	1.41199450137132E+17
18150	1.4088852385783E+17
18160	1.40578452946169E+17
18170	1.40269234579933E+17
18180	1.39960865947761E+17
18190	1.39653344249103E+17
18200	1.39346666694172E+17
18210	1.39040830503893E+17
18220	1.38735832909864E+17
18230	1.38431671154302E+17
18240	1.38128342489998E+17
18250	1.37825844180273E+17
18260	1.3752417349893E+17
18270	1.37223327730209E+17
18280	1.36923304168741E+17
18290	1.36624100119501E+17
18300	1.36325712897767E+17
18310	1.36028139829071E+17
18320	1.35731378249155E+17
18330	1.35435425503928E+17
18340	1.35140278949421E+17
18350	1.34845935951742E+17
18360	1.34552393887034E+17
18370	1.34259650141429E+17
18380	1.33967702111007E+17
18390	1.3367654720175E+17
18400	1.33386182829502E+17
18410	1.33096606419923E+17
18420	1.32807815408451E+17
18430	1.32519807240253E+17
18440	1.32232579370188E+17
18450	1.31946129262765E+17
18460	1.31660454392099E+17
18470	1.31375552241867E+17
18480	1.31091420305276E+17
18490	1.30808056085009E+17
18500	1.30525457093195E+17
18510	1.30243620851363E+17
18520	1.29962544890401E+17
18530	1.29682226750518E+17
18540	1.29402663981202E+17
18550	1.29123854141182E+17
18560	1.28845794798386E+17
18570	1.28568483529903E+17
18580	1.28291917921941E+17
18590	1.28016095569791E+17
18600	1.27741014077789E+17
18610	1.2746667105927E+17
18620	1.27193064136539E+17
18630	1.26920190940824E+17
18640	1.26648049112245E+17
18650	1.26376636299768E+17
18660	1.26105950161175E+17
18670	1.25835988363021E+17
18680	1.25566748580599E+17
18690	1.25298228497901E+17
18700	1.25030425807582E+17
18710	1.24763338210923E+17
18720	1.24496963417794E+17
18730	1.24231299146615E+17
18740	1.23966343124323E+17
18750	1.23702093086336E+17
18760	1.23438546776512E+17
18770	1.23175701947118E+17
18780	1.22913556358792E+17
18790	1.2265210778051E+17
18800	1.22391353989544E+17
18810	1.22131292771434E+17
18820	1.21871921919951E+17
18830	1.21613239237058E+17
18840	1.2135524253288E+17
18850	1.21097929625669E+17
18860	1.20841298341765E+17
18870	1.20585346515568E+17
18880	1.203300719895E+17
18890	1.20075472613971E+17
18900	1.19821546247346E+17
18910	1.19568290755913E+17
18920	1.19315704013847E+17
18930	1.19063783903179E+17
18940	1.18812528313759E+17
18950	1.18561935143227E+17
18960	1.18312002296981E+17
18970	1.18062727688138E+17
18980	1.17814109237507E+17
18990	1.17566144873557E+17
19000	1.17318832532382E+17
19010	1.17072170157667E+17
19020	1.16826155700663E+17
19030	1.1658078712015E+17
19040	1.16336062382404E+17
19050	1.16091979461173E+17
19060	1.15848536337636E+17
19070	1.15605731000379E+17
19080	1.15363561445361E+17
19090	1.15122025675885E+17
19100	1.14881121702564E+17
19110	1.14640847543294E+17
19120	1.14401201223221E+17
19130	1.14162180774712E+17
19140	1.13923784237325E+17
19150	1.13686009657777E+17
19160	1.13448855089918E+17
19170	1.13212318594696E+17
19180	1.12976398240132E+17
19190	1.1274109210129E+17
19200	1.12506398260244E+17
19210	1.12272314806053E+17
19220	1.12038839834729E+17
19230	1.11805971449211E+17
19240	1.11573707759334E+17
19250	1.113420468818E+17
19260	1.11110986940152E+17
19270	1.10880526064742E+17
19280	1.10650662392708E+17
19290	1.10421394067939E+17
19300	1.10192719241054E+17
19310	1.0996463606937E+17
19320	1.09737142716874E+17
19330	1.09510237354197E+17
19340	1.09283918158587E+17
19350	1.09058183313881E+17
19360	1.08833031010477E+17
19370	1.08608459445307E+17
19380	1.08384466821811E+17
19390	1.08161051349911E+17
19400	1.07938211245981E+17
19410	1.07715944732824E+17
19420	1.07494250039643E+17
19430	1.07273125402016E+17
19440	1.07052569061871E+17
19450	1.06832579267456E+17
19460	1.06613154273316E+17
19470	1.06394292340267E+17
19480	1.06175991735371E+17
19490	1.05958250731907E+17
19500	1.05741067609349E+17
19510	1.05524440653339E+17
19520	1.05308368155662E+17
19530	1.05092848414221E+17
19540	1.04877879733013E+17
19550	1.046634604221E+17
19560	1.04449588797591E+17
19570	1.04236263181611E+17
19580	1.04023481902279E+17
19590	1.03811243293685E+17
19600	1.03599545695862E+17
19610	1.03388387454766E+17
19620	1.03177766922249E+17
19630	1.02967682456035E+17
19640	1.02758132419698E+17
19650	1.02549115182636E+17
19660	1.02340629120049E+17
19670	1.02132672612915E+17
19680	1.01925244047966E+17
19690	1.01718341817665E+17
19700	1.01511964320182E+17
19710	1.01306109959373E+17
19720	1.01100777144755E+17
19730	1.00895964291482E+17
19740	1.00691669820327E+17
19750	1.00487892157653E+17
19760	1.00284629735394E+17
19770	1.00081880991034E+17
19780	9.98796443675795E+16
19790	9.96779183135419E+16
19800	9.9476701282913E+16
19810	9.92759917351434E+16
19820	9.90757881351207E+16
19830	9.8876088953147E+16
19840	9.86768926649177E+16
19850	9.84781977514995E+16
19860	9.82800026993085E+16
19870	9.80823060000895E+16
19880	9.78851061508936E+16
19890	9.76884016540574E+16
19900	9.74921910171821E+16
19910	9.72964727531113E+16
19920	9.71012453799111E+16
19930	9.69065074208485E+16
19940	9.67122574043708E+16
19950	9.65184938640846E+16
19960	9.63252153387355E+16
19970	9.61324203721872E+16
19980	9.59401075134011E+16
19990	9.57482753164161E+16
20000	9.55569223403281E+16
