2000	19391206959643
2010	20593132901134.5
2020	21858444654731.2
2030	23189493853219.5
2040	24589032998579.3
2050	26060347498561.1
2060	27607243216024
2070	29233845213416
2080	30944245914997.8
2090	32742159885398.3
2100	34630703221302.6
2110	36612382712740.9
2120	38689386796845.1
2130	40864096137886.4
2140	43139639414881.2
2150	45520316928571.1
2160	48011778440161
2170	50620790790322.5
2180	53354520070002
2190	56219730203079.1
2200	59221983820788.7
2210	62365004363795.7
2220	65650783598780
2230	69080151002527
2240	72653752254262.4
2250	76373557469759.3
2260	80243966526534.4
2270	84272511232310.8
2280	88470096171351.3
2290	92849840861823.9
2300	97425753749471.8
2310	102210594556447
2320	107213712994735
2330	112440275832921
2340	117890188176776
2350	123559605815571
2360	129442628658755
2370	135534120506798
2380	141833137663016
2390	148344493016450
2400	155081862914169
2410	162065994278958
2420	169324419231058
2430	176887042388521
2440	184783029245656
2450	193034950357344
2460	201655800491034
2470	210646876321334
2480	219996481492767
2490	229684117899303
2500	239683366471216
2510	249969395497729
2520	260524256698892
2530	271344968695262
2540	282444208296279
2550	293856694337057
2560	305632351129945
2570	317836331646001
2580	330538808092211
2590	343806426314018
2600	357694428407558
2610	372234672516809
2620	387434015889753
2630	403266588084373
2640	419682145464556
2650	436605312370476
2660	453955447001026
2670	471648948574428
2680	489625481142783
2690	507848249188447
2700	526324635374925
2710	545103997569368
2720	564278596125935
2730	583982732316577
2740	604369791798474
2750	625612124649563
2760	647868986079416
2770	671273749037939
2780	695925314258445
2790	721846590685900
2800	749021005571575
2810	777336450931494
2820	806641516666609
2830	836730004911613
2840	867363379260683
2850	898322900645470
2860	929400832664573
2870	960452012542393
2880	991426485498767
2890	1.02232986439546E+15
2900	1.05331938310743E+15
2910	1.08460527202191E+15
2920	1.11650013542419E+15
2930	1.14938352114062E+15
2940	1.18364538099015E+15
2950	1.21967951028054E+15
2960	1.25787205651845E+15
2970	1.29847430679225E+15
2980	1.34170314260894E+15
2990	1.38762484825655E+15
3000	1.43613700307886E+15
3010	1.48706938077376E+15
3020	1.54004424658132E+15
3030	1.59459202317719E+15
3040	1.6501810027295E+15
3050	1.70621362238423E+15
3060	1.76206897180946E+15
3070	1.81726894122732E+15
3080	1.87137826446312E+15
3090	1.92410057002044E+15
3100	1.97545329014266E+15
3110	2.02552325477281E+15
3120	2.07468057263794E+15
3130	2.12355128274059E+15
3140	2.17282867537431E+15
3150	2.22338287078093E+15
3160	2.27618635481475E+15
3170	2.332204415554E+15
3180	2.39225925706884E+15
3190	2.45718694685096E+15
3200	2.52765304888993E+15
3210	2.60391706689097E+15
3220	2.68620393742931E+15
3230	2.77444518182881E+15
3240	2.86812162703723E+15
3250	2.96661660492697E+15
3260	3.06906053249369E+15
3270	3.17427798365966E+15
3280	3.28096042128916E+15
3290	3.38776366886876E+15
3300	3.4933271978191E+15
3310	3.59620848648489E+15
3320	3.69524471504717E+15
3330	3.78965518237301E+15
3340	3.87868850370903E+15
3350	3.96207456763326E+15
3360	4.04027489677144E+15
3370	4.11386702016346E+15
3380	4.183802956268E+15
3390	4.25179294871206E+15
3400	4.31969887609522E+15
3410	4.38947441375179E+15
3420	4.46328311283624E+15
3430	4.54339953090679E+15
3440	4.63211580372988E+15
3450	4.7311204501923E+15
3460	4.84182599719056E+15
3470	4.96574634054652E+15
3480	5.10371008862299E+15
3490	5.25554619098714E+15
3500	5.42102249116328E+15
3510	5.59966525286442E+15
3520	5.79000446116253E+15
3530	5.99016187025764E+15
3540	6.19803569884983E+15
3550	6.41122916588178E+15
3560	6.62703532872709E+15
3570	6.84247478844957E+15
3580	7.05445036228172E+15
3590	7.26022019127949E+15
3600	7.45704006691999E+15
3610	7.64207935090472E+15
3620	7.81315800682124E+15
3630	7.96905833655381E+15
3640	8.10871235059961E+15
3650	8.23131416937106E+15
3660	8.33775855145964E+15
3670	8.42996950255963E+15
3680	8.50998834229212E+15
3690	8.58030659572608E+15
3700	8.64516179789665E+15
3710	8.70927327593318E+15
3720	8.77734557076847E+15
3730	8.85408287136403E+15
3740	8.94423273486213E+15
3750	9.05263436778673E+15
3760	9.18429001756948E+15
3770	9.34331773037298E+15
3780	9.53165752562233E+15
3790	9.75121155779082E+15
3800	1.00041817470753E+16
3810	1.02917225417158E+16
3820	1.06122011471746E+16
3830	1.0963520480336E+16
3840	1.13433954358679E+16
3850	1.17489537365019E+16
3860	1.21760609770596E+16
3870	1.26198890838883E+16
3880	1.30749936976538E+16
3890	1.35355292849798E+16
3900	1.39961796623121E+16
3910	1.44514662966102E+16
3920	1.48954780069158E+16
3930	1.53220481665861E+16
3940	1.57260419412563E+16
3950	1.6103012435893E+16
3960	1.64485274774619E+16
3970	1.67582429490915E+16
3980	1.70288733830937E+16
3990	1.72587875229894E+16
4000	1.74467840227683E+16
4010	1.75919816060531E+16
4020	1.76943922076416E+16
4030	1.77576098411199E+16
4040	1.77865980376288E+16
4050	1.77864083977993E+16
4060	1.7762127883116E+16
4070	1.77211650956896E+16
4080	1.76744962732311E+16
4090	1.76330076796073E+16
4100	1.76071618627282E+16
4110	1.76070542370916E+16
4120	1.76422688971675E+16
4130	1.77221785177702E+16
4140	1.78563671633502E+16
4150	1.80548938807434E+16
4160	1.83271986411242E+16
4170	1.867578564209E+16
4180	1.91012090609783E+16
4190	1.96047322226727E+16
4200	2.01882715664507E+16
4210	2.08528473729547E+16
4220	2.15937530443438E+16
4230	2.24042989707962E+16
4240	2.3276923161395E+16
4250	2.42029255299428E+16
4260	2.51727257443914E+16
4270	2.61772485238364E+16
4280	2.72065874755625E+16
4290	2.82494927838765E+16
4300	2.92933482508232E+16
4310	3.03249169385193E+16
4320	3.13339814576756E+16
4330	3.2311208201414E+16
4340	3.32468752495101E+16
4350	3.41309838258836E+16
4360	3.495356908451E+16
4370	3.57070433408699E+16
4380	3.63857734213481E+16
4390	3.6984615321155E+16
4400	3.74989452793905E+16
4410	3.79247234251344E+16
4420	3.82591155100654E+16
4430	3.85010427580596E+16
4440	3.86502322731617E+16
4450	3.87070833851698E+16
4460	3.86726447339954E+16
4470	3.85490244622856E+16
4480	3.83426342919763E+16
4490	3.80620566015078E+16
4500	3.77159334319443E+16
4510	3.73128191346421E+16
4520	3.68610733166792E+16
4530	3.63728871497379E+16
4540	3.58715689518491E+16
4550	3.53807469382101E+16
4560	3.49221430179106E+16
4570	3.45157882999209E+16
4580	3.41803559503943E+16
4590	3.3933606090262E+16
4600	3.37928998505962E+16
4610	3.37757315822673E+16
4620	3.39003553617539E+16
4630	3.41865103642675E+16
4640	3.46559838355299E+16
4650	3.53202643692307E+16
4660	3.61745774692056E+16
4670	3.72146047958627E+16
4680	3.8437334161316E+16
4690	3.98405343516113E+16
4700	4.14222430145782E+16
4710	4.31772789183355E+16
4720	4.50935768648689E+16
4730	4.71560340115182E+16
4740	4.9346409197937E+16
4750	5.16427173102179E+16
4760	5.40187270882267E+16
4770	5.64467853841294E+16
4780	5.89080112655349E+16
4790	6.13843713732047E+16
4800	6.38558058704202E+16
4810	6.63003087833475E+16
4820	6.86940690094936E+16
4830	7.10120566945197E+16
4840	7.32345200271208E+16
4850	7.5346924640626E+16
4860	7.73352473434538E+16
4870	7.91859689678139E+16
4880	8.08862230571494E+16
4890	8.24239408195346E+16
4900	8.37886291307079E+16
4910	8.49737735620633E+16
4920	8.5974944343803E+16
4930	8.67890225763809E+16
4940	8.74141933670289E+16
4950	8.78499245604785E+16
4960	8.80969338766217E+16
4970	8.8157734662758E+16
4980	8.80373973421207E+16
4990	8.77421924469104E+16
5000	8.72792572749086E+16
5010	8.66564779009823E+16
5020	8.58823713808467E+16
5030	8.49659661664558E+16
5040	8.39157885193012E+16
5050	8.27386916687502E+16
5060	8.14417288121098E+16
5070	8.00323947609503E+16
5080	7.85185574528691E+16
5090	7.69083888183126E+16
5100	7.52102957526135E+16
5110	7.34397365202011E+16
5120	7.16377591543655E+16
5130	6.98473735411068E+16
5140	6.81065092013886E+16
5150	6.64483845804715E+16
5160	6.49020531881642E+16
5170	6.34930766320679E+16
5180	6.22449072240374E+16
5190	6.11876737640642E+16
5200	6.03560199187783E+16
5210	5.97837165645772E+16
5220	5.950509058156E+16
5230	5.95568187357895E+16
5240	5.99799764846073E+16
5250	6.08224285685008E+16
5260	6.21267054236356E+16
5270	6.38862409271587E+16
5280	6.60859214127358E+16
5290	6.87139591794914E+16
5300	7.17596797107969E+16
5310	7.52114264997348E+16
5320	7.90545354000242E+16
5330	8.32693830890166E+16
5340	8.78339825792256E+16
5350	9.2730394662812E+16
5360	9.79361091531723E+16
5370	1.03421412373559E+17
5380	1.09148301577924E+17
5390	1.15069536918712E+17
5400	1.21127893343356E+17
5410	1.27255690187259E+17
5420	1.33386487559404E+17
5430	1.39482554056826E+17
5440	1.45511013256131E+17
5450	1.51437936765051E+17
5460	1.57228634537251E+17
5470	1.62847967609123E+17
5480	1.68260679865716E+17
5490	1.73431744974204E+17
5500	1.78327588838899E+17
5510	1.82922782755243E+17
5520	1.87197298217195E+17
5530	1.91133442972769E+17
5540	1.94715935253177E+17
5550	1.97931968955598E+17
5560	2.0077124910876E+17
5570	2.03225998813727E+17
5580	2.05290940937071E+17
5590	2.06963663775138E+17
5600	2.08245101997243E+17
5610	2.09138642970128E+17
5620	2.09649863766736E+17
5630	2.09786381634533E+17
5640	2.0955769225277E+17
5650	2.08974998724569E+17
5660	2.08051034137658E+17
5670	2.06799887319832E+17
5680	2.05237208793339E+17
5690	2.03380186173498E+17
5700	2.01246755901515E+17
5710	1.98855368753028E+17
5720	1.96224819093766E+17
5730	1.93374085001209E+17
5740	1.90322180054475E+17
5750	1.8708801734199E+17
5760	1.83690276670628E+17
5770	1.80145317513604E+17
5780	1.7646497957157E+17
5790	1.72660799665327E+17
5800	1.68744582972885E+17
5810	1.64728330348188E+17
5820	1.60624167767909E+17
5830	1.56444277991066E+17
5840	1.52200834527201E+17
5850	1.47905938022239E+17
5860	1.43572960694409E+17
5870	1.39226264525218E+17
5880	1.34893291781149E+17
5890	1.30598201626433E+17
5900	1.26361990137331E+17
5910	1.22202704213869E+17
5920	1.18135685696435E+17
5930	1.14173832559686E+17
5940	1.10327866896659E+17
5950	1.06606602044243E+17
5960	1.03034255223184E+17
5970	9.96959437866365E+16
5980	9.6679456140523E+16
5990	9.40603475240753E+16
6000	9.19055982216547E+16
6010	9.02776957951538E+16
6020	8.92391046405745E+16
6030	8.88571930773271E+16
6040	8.92098039681232E+16
6050	9.03917891660107E+16
6060	9.24992802331441E+16
6070	9.55359408673371E+16
6080	9.94861992146383E+16
6090	1.04346513252868E+17
6100	1.10119816630196E+17
6110	1.16810047872894E+17
6120	1.24416517059938E+17
6130	1.32927975070856E+17
6140	1.42316382957969E+17
6150	1.52530524065206E+17
6160	1.63491828673394E+17
6170	1.75141486329019E+17
6180	1.8745625309447E+17
6190	2.00404385833386E+17
6200	2.13941987564523E+17
6210	2.28011683401123E+17
6220	2.42541430224073E+17
6230	2.57443533107473E+17
6240	2.7261394898582E+17
6250	2.87931962157025E+17
6260	3.03260315941523E+17
6270	3.1845115778242E+17
6280	3.33402027631762E+17
6290	3.48044964666E+17
6300	3.62316178565624E+17
6310	3.76156172575412E+17
6320	3.89510242310265E+17
6330	4.02328878889419E+17
6340	4.14568076034646E+17
6350	4.26189542929674E+17
6360	4.37160826519377E+17
6370	4.4745534850423E+17
6380	4.57052074677564E+17
6390	4.65929064775917E+17
6400	4.74062950215939E+17
6410	4.8143485693589E+17
6420	4.88030619230158E+17
6430	4.93840679498792E+17
6440	4.98859948566885E+17
6450	5.03087631392916E+17
6460	5.06527023051936E+17
6470	5.09185279846836E+17
6480	5.11073170282643E+17
6490	5.12204810449265E+17
6500	5.12597791070263E+17
6510	5.12274574871727E+17
6520	5.11260760026295E+17
6530	5.09584077474339E+17
6540	5.07274071174891E+17
6550	5.04361787745669E+17
6560	5.00879477587592E+17
6570	4.9686030952263E+17
6580	4.92338100586142E+17
6590	4.87347062253061E+17
6600	4.81921564043592E+17
6610	4.76095915149768E+17
6620	4.69901837323643E+17
6630	4.63358177080561E+17
6640	4.56480102052456E+17
6650	4.4928360047603E+17
6660	4.41785418347693E+17
6670	4.34002989570844E+17
6680	4.25954363500495E+17
6690	4.17658130267724E+17
6700	4.09133344280211E+17
6710	4.00399446306878E+17
6720	3.91476184564245E+17
6730	3.82383535229388E+17
6740	3.73142108726055E+17
6750	3.63788901988681E+17
6760	3.54378440143522E+17
6770	3.44961859545544E+17
6780	3.35585613430223E+17
6790	3.26291561724451E+17
6800	3.17117110907703E+17
6810	3.08095394632674E+17
6820	2.9925548651877E+17
6830	2.90622637307312E+17
6840	2.82218529382156E+17
6850	2.74061542487353E+17
6860	2.66167025292561E+17
6870	2.58545967299791E+17
6880	2.51165082549294E+17
6890	2.4395014139363E+17
6900	2.36833758272192E+17
6910	2.29757316249864E+17
6920	2.2267058089725E+17
6930	2.15531446747136E+17
6940	2.08305776127482E+17
6950	2.00967293298918E+17
6960	1.93497499539899E+17
6970	1.85885577468526E+17
6980	1.7812825575263E+17
6990	1.70229608665526E+17
7000	1.6220076886121E+17
7010	1.54094880724453E+17
7020	1.4609461703469E+17
7030	1.38379840260679E+17
7040	1.31092234683082E+17
7050	1.24339986998868E+17
7060	1.18203455929541E+17
7070	1.12741274499295E+17
7080	1.07996512571317E+17
7090	1.0400269809416E+17
7100	1.00789646766036E+17
7110	9.8389183098555E+16
7120	9.68409592022778E+16
7130	9.61987046374863E+16
7140	9.6537391039214E+16
7150	9.79329873880591E+16
7160	1.0038242685304E+17
7170	1.03884234432554E+17
7180	1.08461453782071E+17
7190	1.14157795078171E+17
7200	1.21034220151048E+17
7210	1.29165503584721E+17
7220	1.38636358428057E+17
7230	1.4953675433787E+17
7240	1.61956105044498E+17
7250	1.75976081160885E+17
7260	1.91661932422602E+17
7270	2.09052395066498E+17
7280	2.28148520599958E+17
7290	2.48903946329556E+17
7300	2.71278594015288E+17
7310	2.95273490561661E+17
7320	3.20875023418649E+17
7330	3.48048589681801E+17
7340	3.7673601180285E+17
7350	4.06853044511129E+17
7360	4.38287104580144E+17
7370	4.70895379968705E+17
7380	5.0450349093515E+17
7390	5.38904879043451E+17
7400	5.73861087423395E+17
7410	6.09103065530468E+17
7420	6.44333584316068E+17
7430	6.79230785909101E+17
7440	7.1345337500224E+17
7450	7.46711855517063E+17
7460	7.78847573205381E+17
7470	8.09736320510574E+17
7480	8.39275404623955E+17
7490	8.67383527874059E+17
7500	8.94000249012442E+17
7510	9.19085103993118E+17
7520	9.42616463637361E+17
7530	9.645902009539E+17
7540	9.85018233882462E+17
7550	1.00392700079323E+18
7560	1.0213559170139E+18
7570	1.03735585161162E+18
7580	1.05198765509978E+18
7590	1.06532076098504E+18
7600	1.07743070659789E+18
7610	1.08836077734003E+18
7620	1.09811314586345E+18
7630	1.10669143002947E+18
7640	1.1141031027782E+18
7650	1.1203591955975E+18
7660	1.12547399989249E+18
7670	1.12946476997144E+18
7680	1.13235143090431E+18
7690	1.13415629405168E+18
7700	1.13490378261429E+18
7710	1.13462016912343E+18
7720	1.13333332638709E+18
7730	1.13107249302895E+18
7740	1.12786805441141E+18
7750	1.12375133942042E+18
7760	1.11875443331013E+18
7770	1.11291076974106E+18
7780	1.10625808115213E+18
7790	1.09883551849466E+18
7800	1.09068225282962E+18
7810	1.08183734788821E+18
7820	1.07233964632212E+18
7830	1.06222766799646E+18
7840	1.05153951925223E+18
7850	1.04031281211125E+18
7860	1.02858459245473E+18
7870	1.01639127627236E+18
7880	1.00376859315007E+18
7890	9.90751536238977E+17
7900	9.77374318023172E+17
7910	9.63670331278477E+17
7920	9.49672114686647E+17
7930	9.35411322638717E+17
7940	9.20918145008527E+17
7950	9.06215682474026E+17
7960	8.91322732559349E+17
7970	8.76257878791274E+17
7980	8.61039537306837E+17
7990	8.45685937475534E+17
8000	8.30215102196697E+17
8010	8.1464482790266E+17
8020	7.98992664314717E+17
8030	7.83275894013666E+17
8040	7.67511511899882E+17
8050	7.51716204629481E+17
8060	7.35906330122748E+17
8070	7.20097897249042E+17
8080	7.0430654579849E+17
8090	6.88547526855026E+17
8100	6.72835683687901E+17
8110	6.57185433279529E+17
8120	6.41611087939625E+17
8130	6.26130636593344E+17
8140	6.10763781062391E+17
8150	5.95528844227708E+17
8160	5.80442749791442E+17
8170	5.65521066425181E+17
8180	5.50778054570848E+17
8190	5.36226715223816E+17
8200	5.21878840105999E+17
8210	5.07745062711328E+17
8220	4.93834909776264E+17
8230	4.80156852793152E+17
8240	4.66718359243856E+17
8250	4.53525943285002E+17
8260	4.40585215664228E+17
8270	4.27900932689276E+17
8280	4.15477044108694E+17
8290	4.0331673979484E+17
8300	3.91422495146777E+17
8310	3.79794905246633E+17
8320	3.68424691295112E+17
8330	3.57299083203292E+17
8340	3.46406720786269E+17
8350	3.35737564123546E+17
8360	3.25282786831968E+17
8370	3.15034681316008E+17
8380	3.0498657367784E+17
8390	2.95132746297049E+17
8400	2.85468366371439E+17
8410	2.75989418956989E+17
8420	2.66692643265992E+17
8430	2.57575471184228E+17
8440	2.48635967156309E+17
8450	2.39872768766749E+17
8460	2.31285027515243E+17
8470	2.22872349449504E+17
8480	2.14634735477643E+17
8490	2.06572521334131E+17
8500	1.98686317317456E+17
8510	1.90980839667392E+17
8520	1.83474728330327E+17
8530	1.76186463149507E+17
8540	1.69130562156582E+17
8550	1.62317967504137E+17
8560	1.55756445984523E+17
8570	1.49450987762806E+17
8580	1.4340419120829E+17
8590	1.37616625510897E+17
8600	1.32087165996672E+17
8610	1.26813299676398E+17
8620	1.21791400598931E+17
8630	1.17016976101192E+17
8640	1.12484886136419E+17
8650	1.081895386159E+17
8660	1.04125064212155E+17
8670	1.00285474433653E+17
8680	9.66648070773962E+16
8690	9.32572634761711E+16
8700	9.005734236152E+16
8710	8.70600751555606E+16
8720	8.42702684317672E+16
8730	8.17081307715358E+16
8740	7.93927038010113E+16
8750	7.73406957685038E+16
8760	7.55672773339221E+16
8770	7.40869066344824E+16
8780	7.29141806275928E+16
8790	7.20647178150826E+16
8800	7.15560852840591E+16
8810	7.14087908475087E+16
8820	7.16473693162298E+16
8830	7.23016010648127E+16
8840	7.34079116576398E+16
8850	7.50110140895323E+16
8860	7.71658710278215E+16
8870	7.9940074342312E+16
8880	8.34167643769669E+16
8890	8.76982432051972E+16
8900	9.29104759259379E+16
8910	9.92087231015996E+16
8920	1.06784606134062E+17
8930	1.15872448895863E+17
8940	1.26700959770026E+17
8950	1.39480335988221E+17
8960	1.5444647529813E+17
8970	1.71860142743724E+17
8980	1.92001971073753E+17
8990	2.15164799353419E+17
9000	2.41642669230222E+17
9010	2.71715893268601E+17
9020	3.05631842753189E+17
9030	3.43581520242962E+17
9040	3.85672616972856E+17
9050	4.31900602293553E+17
9060	4.82120383425713E+17
9070	5.36022052593248E+17
9080	5.9311495309393E+17
9090	6.52724425621257E+17
9100	7.14004829541403E+17
9110	7.75970593810617E+17
9120	8.37544238798185E+17
9130	8.97616994153438E+17
9140	9.55114626099383E+17
9150	1.00905931471977E+18
9160	1.05863967523613E+18
9170	1.1035031545831E+18
9180	1.1436569612767E+18
9190	1.17922803688117E+18
9200	1.21042700481095E+18
9210	1.23751999212151E+18
9220	1.2608050718769E+18
9230	1.28059386380714E+18
9240	1.29719809969168E+18
9250	1.31092051996376E+18
9260	1.32204927215893E+18
9270	1.33085496027187E+18
9280	1.33758957786622E+18
9290	1.34248669122056E+18
9300	1.34576238340134E+18
9310	1.34761660324531E+18
9320	1.34823467418679E+18
9330	1.34778880400808E+18
9340	1.34643949974684E+18
9350	1.34433683600972E+18
9360	1.34162155415028E+18
9370	1.3384259881716E+18
9380	1.33487482412808E+18
9390	1.33108570580398E+18
9400	1.3271667973679E+18
9410	1.32316344605933E+18
9420	1.31906715451702E+18
9430	1.3148681717468E+18
9440	1.31055744958684E+18
9450	1.3061266057735E+18
9460	1.30156788718259E+18
9470	1.2968741336507E+18
9480	1.29203874274232E+18
9490	1.28705563578256E+18
9500	1.28191922542401E+18
9510	1.27662438496056E+18
9520	1.27116641954248E+18
9530	1.26554103938624E+18
9540	1.25974433501113E+18
9550	1.2537727544731E+18
9560	1.24762308250562E+18
9570	1.24129242141757E+18
9580	1.23477817354086E+18
9590	1.22807802496445E+18
9600	1.22118993023808E+18
9610	1.21411209767794E+18
9620	1.2068429748575E+18
9630	1.19938123382073E+18
9640	1.19172575551125E+18
9650	1.18387561958564E+18
9660	1.17583353157986E+18
9670	1.16761118014978E+18
9680	1.15922127383688E+18
9690	1.15067604250418E+18
9700	1.14198725035525E+18
9710	1.13316620619146E+18
9720	1.12422377143864E+18
9730	1.11517036644431E+18
9740	1.10601597551601E+18
9750	1.09677015113974E+18
9760	1.08744201778545E+18
9770	1.07804027567225E+18
9780	1.06857320483167E+18
9790	1.05904866977014E+18
9800	1.04947412499422E+18
9810	1.03985662162265E+18
9820	1.03020281526865E+18
9830	1.02051897533478E+18
9840	1.01081099582044E+18
9850	1.00108440770063E+18
9860	9.91344392892825E+17
9870	9.8159579978875E+17
9880	9.71843160289027E+17
9890	9.62090708242369E+17
9900	9.52342399157266E+17
9910	9.42601931023995E+17
9920	9.32872748286822E+17
9930	9.23157066025979E+17
9940	9.13455365417408E+17
9950	9.03767831549161E+17
9960	8.94094497293651E+17
9970	8.84435257680934E+17
9980	8.74789884958868E+17
9990	8.65158044240203E+17
10000	8.55539309629676E+17
10010	8.45933180718479E+17
10020	8.36339099328689E+17
10030	8.26756466386896E+17
10040	8.17184658803963E+17
10050	8.07623046236999E+17
10060	7.98071007610009E+17
10070	7.88527947271378E+17
10080	7.78993310669358E+17
10090	7.69466599430963E+17
10100	7.59947385735159E+17
10110	7.50435325877775E+17
10120	7.40930172933268E+17
10130	7.31431788426969E+17
10140	7.21940152940971E+17
10150	7.12455375586829E+17
10160	7.02977702289097E+17
10170	6.93507522834777E+17
10180	6.84045376655316E+17
10190	6.74591957319347E+17
10200	6.65148115725873E+17
10210	6.55714255224525E+17
10220	6.46288591216627E+17
10230	6.36868998795212E+17
10240	6.27453602380541E+17
10250	6.18040775707675E+17
10260	6.08629141954893E+17
10270	5.9921757394878E+17
10280	5.89805194381042E+17
10290	5.8039137597166E+17
10300	5.70975741512837E+17
10310	5.61558163728476E+17
10320	5.52138764884555E+17
10330	5.42717916086844E+17
10340	5.33296236203925E+17
10350	5.23874590355448E+17
10360	5.14454087908088E+17
10370	5.05036079924601E+17
10380	4.95622156014957E+17
10390	4.86214140542483E+17
10400	4.76814088142607E+17
10410	4.67424278516732E+17
10420	4.5804721046945E+17
10430	4.48685595163222E+17
10440	4.3934234857119E+17
10450	4.30020583115545E+17
10460	4.20723598486153E+17
10470	4.11454871641478E+17
10480	4.0221804600164E+17
10490	3.9301691985118E+17
10500	3.83855433977599E+17
10510	3.74739393599617E+17
10520	3.65681286900942E+17
10530	3.56694729939474E+17
10540	3.47792705692502E+17
10550	3.38987524917402E+17
10560	3.30290792100936E+17
10570	3.21713376953399E+17
10580	3.13265391770945E+17
10590	3.0495617485799E+17
10600	2.96794280075108E+17
10610	2.88787472459563E+17
10620	2.80942729758102E+17
10630	2.73266249616709E+17
10640	2.65763462091073E+17
10650	2.58439047075253E+17
10660	2.51296956194474E+17
10670	2.44340438671025E+17
10680	2.37572070649043E+17
10690	2.30993787453503E+17
10700	2.24606918259852E+17
10710	2.18412222661916E+17
10720	2.12409928645471E+17
10730	2.06599771501732E+17
10740	2.00981033247432E+17
10750	1.95552582154683E+17
10760	1.90312912033187E+17
10770	1.85260180948262E+17
10780	1.80392249099689E+17
10790	1.7570671562743E+17
10800	1.71200954150289E+17
10810	1.66872146881787E+17
10820	1.62717297174612E+17
10830	1.5872849370489E+17
10840	1.54887414868168E+17
10850	1.51175605211521E+17
10860	1.47575999775169E+17
10870	1.44072840679182E+17
10880	1.40651605116231E+17
10890	1.372989438379E+17
10900	1.34002629185935E+17
10910	1.30751511697394E+17
10920	1.27535484298946E+17
10930	1.24345453096966E+17
10940	1.21173313764452E+17
10950	1.18011932521835E+17
10960	1.14855130706179E+17
10970	1.11697671922241E+17
10980	1.08535250770298E+17
10990	1.05364482150861E+17
11000	1.02182890156978E+17
11010	9.89888955828502E+16
11020	9.57818011050835E+16
11030	9.25617732323303E+16
11040	8.93298201726613E+16
11050	8.60877648378648E+16
11060	8.28382122918279E+16
11070	7.95845110577141E+16
11080	7.63307078265024E+16
11090	7.3081495257803E+16
11100	6.9842152731709E+16
11110	6.66184800959432E+16
11120	6.34167246526741E+16
11130	6.02435018397489E+16
11140	5.71057102765149E+16
11150	5.40104420582272E+16
11160	5.09650676658127E+16
11170	4.79841762144268E+16
11180	4.50897358933963E+16
11190	4.23001508897381E+16
11200	3.96297457588443E+16
11210	3.70891107852886E+16
11220	3.46854900622084E+16
11230	3.24231919456857E+16
11240	3.03040045152153E+16
11250	2.83276018909125E+16
11260	2.6491930495021E+16
11270	2.47935674177218E+16
11280	2.32280458240068E+16
11290	2.17901447380269E+16
11300	2.04741425262719E+16
11310	1.92740349698593E+16
11320	1.8183719994486E+16
11330	1.71971519579741E+16
11340	1.63084689338308E+16
11350	1.55120967330801E+16
11360	1.48028335336163E+16
11370	1.41759189908679E+16
11380	1.36270916349909E+16
11390	1.3152638262019E+16
11400	1.27494389382015E+16
11410	1.24150111930747E+16
11420	1.21475570103375E+16
11430	1.19460163688996E+16
11440	1.18101313746139E+16
11450	1.17405254967645E+16
11460	1.1738803132243E+16
11470	1.1807675728237E+16
11480	1.19511220846734E+16
11490	1.21745923413169E+16
11500	1.248526767914E+16
11510	1.28923911290555E+16
11520	1.34076153634388E+16
11530	1.40425033830344E+16
11540	1.48073743302599E+16
11550	1.5714821006604E+16
11560	1.67801676111923E+16
11570	1.80217238589965E+16
11580	1.94610898721227E+16
11590	2.11235087276243E+16
11600	2.30382622460049E+16
11610	2.52391033079721E+16
11620	2.77647145052737E+16
11630	3.0659178039085E+16
11640	3.39724352314226E+16
11650	3.77607055781973E+16
11660	4.20868247763999E+16
11670	4.70204485728148E+16
11680	5.26380548310789E+16
11690	5.90226605278064E+16
11700	6.62631546961057E+16
11710	7.44531346876506E+16
11720	8.36891246172576E+16
11730	9.4068055781413E+16
11740	1.05683904693324E+17
11750	1.1862342151293E+17
11760	1.32960946486679E+17
11770	1.48752409515084E+17
11780	1.66028739354487E+17
11790	1.84789068709162E+17
11800	2.04994294104025E+17
11810	2.26561707115228E+17
11820	2.49361516119577E+17
11830	2.73216077143478E+17
11840	2.97902503098959E+17
11850	3.23158996062643E+17
11860	3.48694758965663E+17
11870	3.74202756556345E+17
11880	3.99374031613175E+17
11890	4.23911896189046E+17
11900	4.47544252438294E+17
11910	4.70046962186227E+17
11920	4.91291997953961E+17
11930	5.11207129807625E+17
11940	5.29757235816629E+17
11950	5.469369374225E+17
11960	5.62762720481062E+17
11970	5.77265700209547E+17
11980	5.90485851324191E+17
11990	6.02468084434524E+17
12000	6.13260119596171E+17
12010	6.22911782350903E+17
12020	6.31475178700448E+17
12030	6.39005195800983E+17
12040	6.45559886974271E+17
12050	6.51200474427348E+17
12060	6.55990882806068E+17
12070	6.59996859221937E+17
12080	6.63284820766615E+17
12090	6.65920599041527E+17
12100	6.67968236303908E+17
12110	6.69488947877466E+17
12120	6.70540317490125E+17
12130	6.71175748281454E+17
12140	6.7144415879797E+17
12150	6.71389892102247E+17
12160	6.71052795878626E+17
12170	6.70468429431337E+17
12180	6.69668356805631E+17
12190	6.68680491403879E+17
12200	6.67529464572327E+17
12210	6.66236997522764E+17
12220	6.64822261989961E+17
12230	6.63302219954704E+17
12240	6.61691936567066E+17
12250	6.60004863198194E+17
12260	6.58253089500406E+17
12270	6.56447564644554E+17
12280	6.54598288696418E+17
12290	6.5271447553189E+17
12300	6.50804688887353E+17
12310	6.48876953184697E+17
12320	6.4693776694098E+17
12330	6.44988698520562E+17
12340	6.43029997834612E+17
12350	6.41061884753958E+17
12360	6.39084548569879E+17
12370	6.3709814744816E+17
12380	6.35102807892931E+17
12390	6.33098624215785E+17
12400	6.31085658006103E+17
12410	6.29063937598925E+17
12420	6.27033457537231E+17
12430	6.24994178025974E+17
12440	6.22946024375842E+17
12450	6.20888886435289E+17
12460	6.18822618010074E+17
12470	6.16747036270257E+17
12480	6.14661921145353E+17
12490	6.12567014709167E+17
12500	6.10462020556704E+17
12510	6.08346603176481E+17
12520	6.06220387322515E+17
12530	6.04082957391337E+17
12540	6.0193385681044E+17
12550	5.99772587445754E+17
12560	5.97598609036879E+17
12570	5.95411338670139E+17
12580	5.93210150300736E+17
12590	5.9099437433667E+17
12600	5.88763297298415E+17
12610	5.86516161569762E+17
12620	5.84252165256579E+17
12630	5.81970462171653E+17
12640	5.79670161965117E+17
12650	5.77350330421233E+17
12660	5.7500998994359E+17
12670	5.72648120251808E+17
12680	5.70263659313927E+17
12690	5.67855504539389E+17
12700	5.65422514258217E+17
12710	5.62963509512321E+17
12720	5.60477276184994E+17
12730	5.57962567494418E+17
12740	5.55418106876434E+17
12750	5.5284259128085E+17
12760	5.50234806654771E+17
12770	5.47593968835065E+17
12780	5.44919421442486E+17
12790	5.42210539537341E+17
12800	5.39466736516006E+17
12810	5.36687470965588E+17
12820	5.33872253435911E+17
12830	5.31020653084795E+17
12840	5.28132304150004E+17
12850	5.25206912199215E+17
12860	5.22244260108122E+17
12870	5.19244213716206E+17
12880	5.16206727109935E+17
12890	5.1313184748416E+17
12900	5.10019719534276E+17
12910	5.0687058933427E+17
12920	5.0368480765913E+17
12930	5.00462832714104E+17
12940	4.97205232238024E+17
12950	4.93912684953158E+17
12960	4.9058598133991E+17
12970	4.87226023720845E+17
12980	4.83833825645121E+17
12990	4.80410510571127E+17
13000	4.76957309852028E+17
13010	4.73475560035782E+17
13020	4.69966699497959E+17
13030	4.66432264432232E+17
13040	4.62873884229671E+17
13050	4.5929327628374E+17
13060	4.5569224026328E+17
13070	4.52072651900474E+17
13080	4.48436456344951E+17
13090	4.44785661138585E+17
13100	4.41122328868345E+17
13110	4.37448569556477E+17
13120	4.33766532848583E+17
13130	4.30078400060699E+17
13140	4.26386376146186E+17
13150	4.22692681642422E+17
13160	4.18999544655675E+17
13170	4.15309192940379E+17
13180	4.11623846126349E+17
13190	4.07945708144211E+17
13200	4.04276959895777E+17
13210	4.00619752212044E+17
13220	3.96976199137307E+17
13230	3.93348337763396E+17
13240	3.89737898854059E+17
13250	3.86146451157899E+17
13260	3.82575521187795E+17
13270	3.79026591094798E+17
13280	3.75501096093038E+17
13290	3.72000422119511E+17
13300	3.68525903730026E+17
13310	3.65078822231245E+17
13320	3.61660404047409E+17
13330	3.58271819319117E+17
13340	3.54914180730331E+17
13350	3.51588542558729E+17
13360	3.48295899943501E+17
13370	3.45037188363771E+17
13380	3.41813283320013E+17
13390	3.38625000210068E+17
13400	3.35473094390672E+17
13410	3.32358261414854E+17
13420	3.2928113743501E+17
13430	3.26242299761003E+17
13440	3.2324226756226E+17
13450	3.20281502702491E+17
13460	3.17360410695364E+17
13470	3.14479341769257E+17
13480	3.11638592028976E+17
13490	3.08838404702204E+17
13500	3.06078971458308E+17
13510	3.03360433787042E+17
13520	3.0068288442462E+17
13530	2.98046368814603E+17
13540	2.95450886591054E+17
13550	2.92896393071436E+17
13560	2.90382800746811E+17
13570	2.87909980757014E+17
13580	2.85477764338643E+17
13590	2.8308594423396E+17
13600	2.80734276049074E+17
13610	2.784224795502E+17
13620	2.76150239887269E+17
13630	2.73917208734763E+17
13640	2.71723005340373E+17
13650	2.69567217472971E+17
13660	2.6744940226234E+17
13670	2.65369086924338E+17
13680	2.63325769366456E+17
13690	2.61318918670226E+17
13700	2.59347975448617E+17
13710	2.57412352078344E+17
13720	2.55511432808982E+17
13730	2.5364457375287E+17
13740	2.51811121633781E+17
13750	2.50010482190976E+17
13760	2.48242046015291E+17
13770	2.4650515909355E+17
13780	2.44799123374389E+17
13790	2.43123197297683E+17
13800	2.41476596296474E+17
13810	2.39858493290074E+17
13820	2.38268019188983E+17
13830	2.36704263433959E+17
13840	2.35166274592812E+17
13850	2.33653061039301E+17
13860	2.3216359173891E+17
13870	2.30696797166073E+17
13880	2.29251570376813E+17
13890	2.27826768259551E+17
13900	2.2642121298518E+17
13910	2.25033693675329E+17
13920	2.23662968305094E+17
13930	2.2230776585348E+17
13940	2.20966788711376E+17
13950	2.19638715353143E+17
13960	2.18322203273928E+17
13970	2.17015892190678E+17
13980	2.15718407500587E+17
13990	2.14428363986438E+17
14000	2.13144369754154E+17
14010	2.11865030383778E+17
14020	2.10588953271338E+17
14030	2.09314752135456E+17
14040	2.08041051659442E+17
14050	2.06766492236784E+17
14060	2.05489734785692E+17
14070	2.04209465596485E+17
14080	2.02924401174338E+17
14090	2.01633293039156E+17
14100	2.00334932444098E+17
14110	1.99028154974619E+17
14120	1.97711844990748E+17
14130	1.96384939876647E+17
14140	1.95046434063341E+17
14150	1.93695382792713E+17
14160	1.92330905593544E+17
14170	1.90952189443261E+17
14180	1.89558491592366E+17
14190	1.88149142031911E+17
14200	1.86723545588042E+17
14210	1.85281183631336E+17
14220	1.83821615392427E+17
14230	1.82344478879169E+17
14240	1.80849491394291E+17
14250	1.79336449656079E+17
14260	1.77805229528066E+17
14270	1.76255785366953E+17
14280	1.74688149000954E+17
14290	1.73102388599839E+17
14300	1.71498486697503E+17
14310	1.69876446009025E+17
14320	1.68236324046748E+17
14330	1.66578231490704E+17
14340	1.64902330529766E+17
14350	1.63208833177433E+17
14360	1.61497999565823E+17
14370	1.59770136221175E+17
14380	1.58025594323829E+17
14390	1.56264767955403E+17
14400	1.54488092335624E+17
14410	1.52696042051045E+17
14420	1.50889129277657E+17
14430	1.49067901999238E+17
14440	1.47232942223107E+17
14450	1.45384864194821E+17
14460	1.43524312613228E+17
14470	1.4165196084722E+17
14480	1.39768509155429E+17
14490	1.37874682910081E+17
14500	1.35971230826178E+17
14510	1.34058923197176E+17
14520	1.32138550138308E+17
14530	1.30210919838727E+17
14540	1.28276856823666E+17
14550	1.26337200227862E+17
14560	1.2439280208149E+17
14570	1.22444525609965E+17
14580	1.20493243548978E+17
14590	1.18539836476199E+17
14600	1.16585191161166E+17
14610	1.14630198934906E+17
14620	1.12675754080895E+17
14630	1.10722752249057E+17
14640	1.087720888945E+17
14650	1.0682465774276E+17
14660	1.04881349283384E+17
14670	1.02943049293659E+17
14680	1.01010637394373E+17
14690	9.90849856394835E+16
14700	9.71669571415671E+16
14710	9.52574047349387E+16
14720	9.33571696782986E+16
14730	9.14670803987431E+16
14740	8.95879512789429E+16
14750	8.77205814892386E+16
14760	8.58657538663427E+16
14770	8.40242338402763E+16
14780	8.2196768411082E+16
14790	8.03840851767657E+16
14800	7.85868914138183E+16
14810	7.68058732115643E+16
14820	7.50416946614683E+16
14830	7.32949971023867E+16
14840	7.15663984226541E+16
14850	6.98564924197164E+16
14860	6.81658482179111E+16
14870	6.6495009744821E+16
14880	6.48445105058182E+16
14890	6.32151850918926E+16
14900	6.16081284377807E+16
14910	6.00243690461025E+16
14920	5.84648545353306E+16
14930	5.69304514212997E+16
14940	5.54219453272926E+16
14950	5.39400415990251E+16
14960	5.24853662983817E+16
14970	5.10584675477534E+16
14980	4.96598171953814E+16
14990	4.82898127710981E+16
15000	4.6948779701313E+16
15010	4.56369737519448E+16
15020	4.4354583668261E+16
15030	4.31017339811318E+16
15040	4.18784879501004E+16
15050	4.06848506147712E+16
15060	3.9520771927368E+16
15070	3.83861499408149E+16
15080	3.72808340283276E+16
15090	3.62046281122613E+16
15100	3.51572938817535E+16
15110	3.41385539805489E+16
15120	3.3148095148251E+16
15130	3.2185571300084E+16
15140	3.1250606532046E+16
15150	3.03427980400919E+16
15160	2.94617189436641E+16
15170	2.86069210054935E+16
15180	2.77779372411059E+16
15190	2.69742844128822E+16
15200	2.61954654048451E+16
15210	2.54409714755476E+16
15220	2.471028438755E+16
15230	2.40028784129745E+16
15240	2.33182222155189E+16
15250	2.2655780610119E+16
15260	2.20150162021442E+16
15270	2.13953909086204E+16
15280	2.07963673645025E+16
15290	2.02174102174541E+16
15300	1.96579873149598E+16
15310	1.91175707878866E+16
15320	1.85956380348455E+16
15330	1.80916726118699E+16
15340	1.76051650320458E+16
15350	1.71356134798049E+16
15360	1.66825244446078E+16
15370	1.62454132787467E+16
15380	1.58238046839451E+16
15390	1.54172331313689E+16
15400	1.50252432195624E+16
15410	1.46473899747132E+16
15420	1.4283239097517E+16
15430	1.39323671607662E+16
15440	1.35943617616378E+16
15450	1.32688216324864E+16
15460	1.29553567137826E+16
15470	1.26535881926672E+16
15480	1.23631485104166E+16
15490	1.20836813419399E+16
15500	1.18148415502612E+16
15510	1.15562951187651E+16
15520	1.13077190638252E+16
15530	1.10687592839457E+16
15540	1.08388053949629E+16
15550	1.06171771862891E+16
15560	1.04032379819756E+16
15570	1.01963918345173E+16
15580	9.99608069210376E+15
15590	9.80178183482028E+15
15600	9.61300555602399E+15
15610	9.42929306713912E+15
15620	9.25021460593774E+15
15630	9.07536773000913E+15
15640	8.90437577859757E+15
15650	8.73688648730572E+15
15660	8.57257074135457E+15
15670	8.41112145414651E+15
15680	8.25225255883564E+15
15690	8.09569810146248E+15
15700	7.94121142497597E+15
15710	7.78856443415644E+15
15720	7.63754693207474E+15
15730	7.48796601928564E+15
15740	7.33964554746854E+15
15750	7.19242561969787E+15
15760	7.04616212996322E+15
15770	6.90072633496576E+15
15780	6.75600445160544E+15
15790	6.61189727394088E+15
15800	6.46831980376504E+15
15810	6.3252008892912E+15
15820	6.18248286679526E+15
15830	6.04012120041524E+15
15840	5.89808411566475E+15
15850	5.75635222258756E+15
15860	5.61491812485641E+15
15870	5.47378601151023E+15
15880	5.33297122842838E+15
15890	5.19249982705777E+15
15900	5.05240808834275E+15
15910	4.91274202025365E+15
15920	4.77355682776872E+15
15930	4.6349163546352E+15
15940	4.49689249671338E+15
15950	4.35956458719165E+15
15960	4.22301875444799E+15
15970	4.08734725381724E+15
15980	3.95264777500232E+15
15990	3.81902272733554E+15
16000	3.68657850554619E+15
16010	3.55542473912229E+15
16020	3.42567352875451E+15
16030	3.29743867372232E+15
16040	3.17083489441258E+15
16050	3.04597705444857E+15
16060	2.92297938714751E+15
16070	2.80195473120963E+15
16080	2.68301378067013E+15
16090	2.56626435421298E+15
16100	2.45181068894956E+15
16110	2.33975276370253E+15
16120	2.2301856567086E+15
16130	2.12319894245856E+15
16140	2.01887613213482E+15
16150	1.91729416178403E+15
16160	1.818522931982E+15
16170	1.72262490231117E+15
16180	1.6296547434858E+15
16190	1.53965904943104E+15
16200	1.45267611105718E+15
16210	1.36873575287748E+15
16220	1.28785923300603E+15
16230	1.21005973832419E+15
16240	1.13538596995966E+15
16250	1.06393994198714E+15
16260	995792886833254
16270	930980210724063
16280	869505579109216
16290	811344913386311
16300	756450238967038
16310	704753337541508
16320	656169168233180
16330	610599033031771
16340	567933471337519
16350	528054876612231
16360	490839835015039
16370	456161191554513
16380	423889853787926
16390	393896346544920
16400	366052133652094
16410	340230724309432
16420	316308582734275
16430	294165860058074
16440	273686967347384
16450	254761008119077
16460	237282087924234
16470	221149517563075
16480	206267925333287
16490	192547292465177
16500	179902924606088
16510	168255370922588
16520	157530301123563
16530	147658349491762
16540	138574933863945
16550	130220056432488
16560	122538092258312
16570	115477570493953
16580	108990952512966
16590	103034410429065
16600	97567608859840.5
16610	92553492242851
16620	87958079540113.3
16630	83750267764835.5
16640	79901645426773.4
16650	76386316712693.1
16660	73180736992303.5
16670	70263560061075.9
16680	67615497395393.2
16690	65219189599242.3
16700	63059090160230.9
16710	61121361604071
16720	59393784138673.7
16730	57865676909809.9
16740	56527832049420.4
16750	55372461785242.3
16760	54393158997975.7
16770	53584871760685
16780	52943892579646.6
16790	52467863278841.1
16800	52155796740143.1
16810	52008117034156.4
16820	52026719864048.4
16830	52215055709390.5
16840	52578238614909.5
16850	53123184241441.8
16860	53858781608026.5
16870	54796103938003.9
16880	55948665218195.8
16890	57332730537879.8
16900	58967690059093
16910	60876508658845.7
16920	63086265978761.8
16930	65628804945643.4
16940	68541510946613.6
16950	71868248960809
16960	75660492324666.4
16970	79978684771730.9
16980	84893887366792.1
16990	90489774491393.2
17000	96865058833288.6
17010	104133455871350
17020	112416895618936
17030	121854711990301
17040	132609312735065
17050	144869998351936
17060	158857468322868
17070	174829136296889
17080	193085397894263
17090	213977020561364
17100	237913854949307
17110	265375102231492
17120	296921412275217
17130	333209134313082
17140	375007095387090
17150	423216342955487
17160	478893357108110
17170	543277315008156
17180	617822075197747
17190	704233641308312
17200	804513961482723
17210	921012017877606
17220	1.05648325416789E+15
17230	1.21415846906506E+15
17240	1.39782335711205E+15
17250	1.61190988501272E+15
17260	1.8616006248712E+15
17270	2.15294698639127E+15
17280	2.49300194546039E+15
17290	2.88996728535581E+15
17300	3.35335445492182E+15
17310	3.89415678363647E+15
17320	4.52502882306387E+15
17330	5.26046582081195E+15
17340	6.11697255948503E+15
17350	7.11320577383089E+15
17360	8.27006786927321E+15
17370	9.61072154341593E+15
17380	1.11604851557587E+16
17390	1.29465576034295E+16
17400	1.499750987613E+16
17410	1.73424700564862E+16
17420	2.00099222127499E+16
17430	2.30260419792222E+16
17440	2.6412509240907E+16
17450	3.01837798920524E+16
17460	3.43438741135436E+16
17470	3.88828572222668E+16
17480	4.37733550519535E+16
17490	4.89676511159344E+16
17500	5.43961278971784E+16
17510	5.99679782998423E+16
17520	6.55751279816757E+16
17530	7.11000512365846E+16
17540	7.64275200131337E+16
17550	8.14592692143416E+16
17560	8.6129243625047E+16
17570	9.04159182755656E+16
17580	9.43477785356119E+16
17590	9.79990194304522E+16
17600	1.01475052094459E+17
17610	1.04890825665696E+17
17620	1.0834778308739E+17
17630	1.11915835555142E+17
17640	1.15624472177108E+17
17650	1.19463198340975E+17
17660	1.23388242060289E+17
17670	1.27331610208542E+17
17680	1.31209944050449E+17
17690	1.34932579983317E+17
17700	1.38409287520468E+17
17710	1.41558052254267E+17
17720	1.44312600306024E+17
17730	1.46628769475366E+17
17740	1.48488619052373E+17
17750	1.49901373451886E+17
17760	1.50900841682914E+17
17770	1.51539696399058E+17
17780	1.51881711637476E+17
17790	1.51993506091882E+17
17800	1.51937353329052E+17
17810	1.51766195195415E+17
17820	1.51521296151385E+17
17830	1.51232269444613E+17
17840	1.50918729241414E+17
17850	1.50592683869389E+17
17860	1.50260937541765E+17
17870	1.4992706169418E+17
17880	1.49592793531686E+17
17890	1.49258919406138E+17
17900	1.48925770692781E+17
17910	1.48593476884197E+17
17920	1.48262084168186E+17
17930	1.47931606673595E+17
17940	1.47602046989725E+17
17950	1.47273403811179E+17
17960	1.46945674599319E+17
17970	1.46618856451851E+17
17980	1.46292946370681E+17
17990	1.45967941340055E+17
18000	1.45643838348235E+17
18010	1.45320634393228E+17
18020	1.44998326484212E+17
18030	1.44676911641854E+17
18040	1.44356386898341E+17
18050	1.44036749297358E+17
18060	1.43717995894035E+17
18070	1.434001237549E+17
18080	1.4308312995783E+17
18090	1.42767011591999E+17
18100	1.4245176575783E+17
18110	1.42137389566944E+17
18120	1.41823880142111E+17
18130	1.415112346172E+17
18140	1.41199450137132E+17
18150	1.4088852385783E+17
18160	1.40578452946169E+17
18170	1.40269234579933E+17
18180	1.39960865947761E+17
18190	1.39653344249103E+17
18200	1.39346666694172E+17
18210	1.39040830503893E+17
18220	1.38735832909864E+17
18230	1.38431671154302E+17
18240	1.38128342489998E+17
18250	1.37825844180273E+17
18260	1.3752417349893E+17
18270	1.37223327730209E+17
18280	1.36923304168741E+17
18290	1.36624100119501E+17
18300	1.36325712897767E+17
18310	1.36028139829071E+17
18320	1.35731378249155E+17
18330	1.35435425503928E+17
18340	1.35140278949421E+17
18350	1.34845935951742E+17
18360	1.34552393887034E+17
18370	1.34259650141429E+17
18380	1.33967702111007E+17
18390	1.3367654720175E+17
18400	1.33386182829502E+17
18410	1.33096606419923E+17
18420	1.32807815408451E+17
18430	1.32519807240253E+17
18440	1.32232579370188E+17
18450	1.31946129262765E+17
18460	1.31660454392099E+17
18470	1.31375552241867E+17
18480	1.31091420305276E+17
18490	1.30808056085009E+17
18500	1.30525457093195E+17
18510	1.30243620851363E+17
18520	1.29962544890401E+17
18530	1.29682226750518E+17
18540	1.29402663981202E+17
18550	1.29123854141182E+17
18560	1.28845794798386E+17
18570	1.28568483529901E+17
18580	1.28291917921936E+17
18590	1.28016095569782E+17
18600	1.27741014077768E+17
18610	1.27466671059225E+17
18620	1.2719306413644E+17
18630	1.26920190940613E+17
18640	1.26648049111799E+17
18650	1.26376636298849E+17
18660	1.26105950159314E+17
18670	1.25835988359324E+17
18680	1.25566748573391E+17
18690	1.25298228484119E+17
18700	1.25030425781734E+17
18710	1.24763338163379E+17
18720	1.24496963332025E+17
18730	1.24231298994854E+17
18740	1.23966342860912E+17
18750	1.2370209263777E+17
18760	1.2343854602693E+17
18770	1.23175700717669E+17
18780	1.22913554379041E+17
18790	1.22652104649823E+17
18800	1.22391349125773E+17
18810	1.22131285342247E+17
18820	1.21871910754182E+17
18830	1.2161322271207E+17
18840	1.21355218433401E+17
18850	1.21097894969488E+17
18860	1.20841249167549E+17
18870	1.20585277628028E+17
18880	1.20329976657307E+17
18890	1.2007534221608E+17
18900	1.19821369863835E+17
18910	1.19568054700036E+17
18920	1.19315391302717E+17
18930	1.19063373665343E+17
18940	1.18811995132895E+17
18950	1.18561248338181E+17
18960	1.18311125139468E+17
18970	1.18061616560495E+17
18980	1.17812712733962E+17
18990	1.17564402849494E+17
19000	1.17316675107053E+17
19010	1.17069516676641E+17
19020	1.16822913665037E+17
19030	1.16576851090161E+17
19040	1.16331312863523E+17
19050	1.16086281781066E+17
19060	1.15841739522532E+17
19070	1.15597666659356E+17
19080	1.15354042670924E+17
19090	1.15110845968901E+17
19100	1.14868053929209E+17
19110	1.14625642931127E+17
19120	1.14383588402877E+17
19130	1.14141864873003E+17
19140	1.1390044602677E+17
19150	1.13659304766787E+17
19160	1.13418413277012E+17
19170	1.13177743089311E+17
19180	1.12937265151726E+17
19190	1.12696949897651E+17
19200	1.12456767315124E+17
19210	1.12216687015499E+17
19220	1.11976678300803E+17
19230	1.11736710229149E+17
19240	1.11496751677635E+17
19250	1.11256771402208E+17
19260	1.11016738094072E+17
19270	1.10776620432247E+17
19280	1.10536387131989E+17
19290	1.10296006988822E+17
19300	1.10055448918008E+17
19310	1.09814681989331E+17
19320	1.09573675457141E+17
19330	1.09332398785642E+17
19340	1.09090821669463E+17
19350	1.08848914049592E+17
19360	1.0860664612479E+17
19370	1.08363988358643E+17
19380	1.08120911482416E+17
19390	1.07877386493938E+17
19400	1.07633384652721E+17
19410	1.07388877471563E+17
19420	1.07143836704895E+17
19430	1.06898234334123E+17
19440	1.06652042550239E+17
19450	1.06405233733978E+17
19460	1.06157780433781E+17
19470	1.05909655341848E+17
19480	1.05660831268539E+17
19490	1.0541128111539E+17
19500	1.05160977846994E+17
19510	1.04909894462008E+17
19520	1.04658003963509E+17
19530	1.04405279328939E+17
19540	1.04151693479862E+17
19550	1.03897219251737E+17
19560	1.03641829363913E+17
19570	1.03385496390033E+17
19580	1.03128192729036E+17
19590	1.02869890576914E+17
19600	1.02610561899402E+17
19610	1.02350178405739E+17
19620	1.0208871152365E+17
19630	1.01826132375692E+17
19640	1.01562411757066E+17
19650	1.01297520115051E+17
19660	1.01031427530138E+17
19670	1.00764103698994E+17
19680	1.00495517919344E+17
19690	1.0022563907687E+17
19700	9.99544356342193E+16
19710	9.96818756221958E+16
19720	9.9407926633232E+16
19730	9.91325558172033E+16
19740	9.88557298796654E+16
19750	9.85774150825825E+16
19760	9.82975772476126E+16
19770	9.80161817620142E+16
19780	9.77331935872358E+16
19790	9.74485772702441E+16
19800	9.71622969576504E+16
19810	9.68743164126847E+16
19820	9.65845990350704E+16
19830	9.62931078838472E+16
19840	9.59998070466189E+16
19850	9.57046756449892E+16
19860	9.54077035885846E+16
19870	9.51088828791849E+16
19880	9.48082075056541E+16
19890	9.45056734723245E+16
19900	9.42012788235113E+16
19910	9.38950236640893E+16
19920	9.35869101760796E+16
19930	9.3276942631202E+16
19940	9.29651273993702E+16
19950	9.26514729531135E+16
19960	9.23359898679275E+16
19970	9.20186908185681E+16
19980	9.16995905713144E+16
19990	9.13787059722428E+16
20000	9.10560559315647E+16
