2000	2.11626544110579E+16
2010	2.23604570498569E+16
2020	2.36128580132491E+16
2030	2.49182275290028E+16
2040	2.62758893687234E+16
2050	2.76871775716528E+16
2060	2.91562324461628E+16
2070	3.06897400815355E+16
2080	3.22961266096411E+16
2090	3.39842271931919E+16
2100	3.57611669384653E+16
2110	3.76310366892916E+16
2120	3.95938989224149E+16
2130	4.1645545068807E+16
2140	4.37791978318525E+16
2150	4.59870572057118E+16
2160	4.82634095364793E+16
2170	5.0606871974309E+16
2180	5.30217655129158E+16
2190	5.55195648239361E+16
2200	5.81168067304091E+16
2210	6.0833881791057E+16
2220	6.36906268036428E+16
2230	6.67035353580271E+16
2240	6.98816196074003E+16
2250	7.32240102739151E+16
2260	7.6720521943652E+16
2270	8.03515332215516E+16
2280	8.40935379681112E+16
2290	8.79222664737011E+16
2300	9.18206417301918E+16
2310	9.57802381039456E+16
2320	9.98094525481147E+16
2330	1.03929178951397E+17
2340	1.08176513358756E+17
2350	1.12596081839807E+17
2360	1.17238299701297E+17
2370	1.22147442254251E+17
2380	1.27360340097817E+17
2390	1.32891956045124E+17
2400	1.38740745604628E+17
2410	1.44876854508669E+17
2420	1.51254079091434E+17
2430	1.57808735087267E+17
2440	1.64472075450573E+17
2450	1.71182528564979E+17
2460	1.77890694407121E+17
2470	1.84579389732375E+17
2480	1.91255690063819E+17
2490	1.97969984260644E+17
2500	2.04795267167119E+17
2510	2.11836951097408E+17
2520	2.19209382775384E+17
2530	2.27028262989262E+17
2540	2.35402103607675E+17
2550	2.44401117943376E+17
2560	2.54076180972626E+17
2570	2.64412753285775E+17
2580	2.75366793610028E+17
2590	2.86834168053445E+17
2600	2.98675269881005E+17
2610	3.10728690301896E+17
2620	3.22813261849218E+17
2630	3.34768946101409E+17
2640	3.46467320756679E+17
2650	3.57818427627289E+17
2660	3.68826411736018E+17
2670	3.79532597150679E+17
2680	3.90084971037633E+17
2690	4.00678214745129E+17
2700	4.11553355478029E+17
2710	4.22993878004202E+17
2720	4.35277262774037E+17
2730	4.4864433851446E+17
2740	4.63330861995155E+17
2750	4.79456037354308E+17
2760	4.97084810322092E+17
2770	5.16204730875218E+17
2780	5.36663687789349E+17
2790	5.58266078550142E+17
2800	5.80713630265895E+17
2810	6.03636745961554E+17
2820	6.2664113746077E+17
2830	6.49327948334461E+17
2840	6.71280428983483E+17
2850	6.92193929622243E+17
2860	7.11844652714259E+17
2870	7.30074727366168E+17
2880	7.46975825654829E+17
2890	7.62717545948523E+17
2900	7.77606341256132E+17
2910	7.92157987866647E+17
2920	8.06926605530595E+17
2930	8.2251961512602E+17
2940	8.39595996535925E+17
2950	8.58819816018267E+17
2960	8.80677368666418E+17
2970	9.05588558286159E+17
2980	9.33943281443434E+17
2990	9.65784858873558E+17
3000	1.00104161759574E+18
3010	1.03957124656412E+18
3020	1.08093537093448E+18
3030	1.12456575646069E+18
3040	1.16981132487781E+18
3050	1.21591567566393E+18
3060	1.26202738861899E+18
3070	1.30724896119075E+18
3080	1.35077838746998E+18
3090	1.39180955991919E+18
3100	1.42957021344521E+18
3110	1.46361432869014E+18
3120	1.49362876623755E+18
3130	1.51938981712952E+18
3140	1.54118760195641E+18
3150	1.55959514792802E+18
3160	1.57523788282961E+18
3170	1.58913363021005E+18
3180	1.60264295438021E+18
3190	1.6171329316821E+18
3200	1.6339693786741E+18
3210	1.65453288336409E+18
3220	1.68024098774344E+18
3230	1.71244415686948E+18
3240	1.75183556001416E+18
3250	1.79894620419392E+18
3260	1.85438389144815E+18
3270	1.91822837656407E+18
3280	1.98990192034452E+18
3290	2.06874477254257E+18
3300	2.15395713087059E+18
3310	2.24436044292892E+18
3320	2.33852779100371E+18
3330	2.43483350752109E+18
3340	2.53164447741213E+18
3350	2.62742033782795E+18
3360	2.72049778393639E+18
3370	2.80913577274246E+18
3380	2.89189888140226E+18
3390	2.96753809205412E+18
3400	3.03482161535694E+18
3410	3.09267630738008E+18
3420	3.14056810858925E+18
3430	3.17817900444851E+18
3440	3.20529763524252E+18
3450	3.22220432644563E+18
3460	3.23017140386157E+18
3470	3.23064141144964E+18
3480	3.22506707358516E+18
3490	3.21549619226026E+18
3500	3.20500905582769E+18
3510	3.19665673703639E+18
3520	3.19335279397052E+18
3530	3.19786054983026E+18
3540	3.21281508705381E+18
3550	3.24088996946546E+18
3560	3.28489772627812E+18
3570	3.34696349513652E+18
3580	3.42733297797897E+18
3590	3.52617871756258E+18
3600	3.6438713855368E+18
3610	3.78053653842315E+18
3620	3.93468752310355E+18
3630	4.1042390344908E+18
3640	4.28679712000799E+18
3650	4.47962419973871E+18
3660	4.68003219105751E+18
3670	4.88520877454021E+18
3680	5.09195589958558E+18
3690	5.29670324712522E+18
3700	5.4961585435323E+18
3710	5.68780573092242E+18
3720	5.869124383188E+18
3730	6.03754878723006E+18
3740	6.19062064020915E+18
3750	6.32665638027769E+18
3760	6.44440008076838E+18
3770	6.54276057483299E+18
3780	6.62082622900732E+18
3790	6.67801326215878E+18
3800	6.71422046599695E+18
3810	6.72957409157093E+18
3820	6.72438194725033E+18
3830	6.69915534736243E+18
3840	6.65532289427801E+18
3850	6.59514026748107E+18
3860	6.52088446763005E+18
3870	6.43478017018013E+18
3880	6.3392005808592E+18
3890	6.23908274815458E+18
3900	6.14066918260596E+18
3910	6.04965796908501E+18
3920	5.97124198734301E+18
3930	5.91022082114106E+18
3940	5.87112048893528E+18
3950	5.85837972858983E+18
3960	5.87655777910718E+18
3970	5.93054958378271E+18
3980	6.02551557472708E+18
3990	6.16262042360923E+18
4000	6.33997003434695E+18
4010	6.55593101553927E+18
4020	6.80901940849728E+18
4030	7.09769741904439E+18
4040	7.41935523638017E+18
4050	7.76969073830732E+18
4060	8.14357515781998E+18
4070	8.5350044488534E+18
4080	8.93701928385622E+18
4090	9.34244063174586E+18
4100	9.74632684975518E+18
4110	1.01441085971047E+19
4120	1.05309593831203E+19
4130	1.09018735027994E+19
4140	1.12518052629608E+19
4150	1.15769576274427E+19
4160	1.18749774667045E+19
4170	1.21438229349461E+19
4180	1.2381723614742E+19
4190	1.25871911002541E+19
4200	1.27590996167202E+19
4210	1.2897126095391E+19
4220	1.30014314512096E+19
4230	1.30724197298395E+19
4240	1.31107116088856E+19
4250	1.31171186570565E+19
4260	1.30926903197178E+19
4270	1.30388957216858E+19
4280	1.29573696209615E+19
4290	1.28498139258342E+19
4300	1.27179747197239E+19
4310	1.25636221884483E+19
4320	1.23884131049763E+19
4330	1.21935631586273E+19
4340	1.1980225534849E+19
4350	1.17495986703297E+19
4360	1.1502920477876E+19
4370	1.12414626895911E+19
4380	1.09673997657588E+19
4390	1.06879916596683E+19
4400	1.04116109686787E+19
4410	1.01456373729813E+19
4420	9.89654713193769E+18
4430	9.67004614503667E+18
4440	9.47129945721853E+18
4450	9.30638631824714E+18
4460	9.18228913603945E+18
4470	9.10586172494657E+18
4480	9.08408051724213E+18
4490	9.12438414901403E+18
4500	9.23505076011129E+18
4510	9.42262484087926E+18
4520	9.68311038384058E+18
4530	1.00101471174053E+19
4540	1.03972963215374E+19
4550	1.08375147744653E+19
4560	1.1322717403242E+19
4570	1.18434626794584E+19
4580	1.23901285785702E+19
4590	1.29543057813604E+19
4600	1.35270755666392E+19
4610	1.40989598410912E+19
4620	1.46601652563608E+19
4630	1.52008770695811E+19
4640	1.57116234867974E+19
4650	1.61859016380546E+19
4660	1.66212616697428E+19
4670	1.70161344781786E+19
4680	1.73695475819324E+19
4690	1.76810828079806E+19
4700	1.79508197008984E+19
4710	1.81792707482254E+19
4720	1.83675370972041E+19
4730	1.8517428821941E+19
4740	1.86309410068302E+19
4750	1.87101362034871E+19
4760	1.87570968524996E+19
4770	1.87738871923133E+19
4780	1.8762523824156E+19
4790	1.87249493038039E+19
4800	1.86629933929421E+19
4810	1.85783785095444E+19
4820	1.8472726505713E+19
4830	1.83475598018689E+19
4840	1.82043046086076E+19
4850	1.80442955680195E+19
4860	1.7868782127031E+19
4870	1.7679004638327E+19
4880	1.74762448721286E+19
4890	1.72617111530814E+19
4900	1.70365298062289E+19
4910	1.68017495106859E+19
4920	1.65583455155563E+19
4930	1.63072237038899E+19
4940	1.60492096401635E+19
4950	1.57846524538078E+19
4960	1.55134328970998E+19
4970	1.52354494450366E+19
4980	1.49506490351915E+19
4990	1.46590313441764E+19
5000	1.43606527497511E+19
5010	1.40556298585365E+19
5020	1.37441651241831E+19
5030	1.34275860444633E+19
5040	1.3108591510634E+19
5050	1.27896789274321E+19
5060	1.24730315020458E+19
5070	1.21605401509655E+19
5080	1.18538328356191E+19
5090	1.15543091255842E+19
5100	1.12631779218996E+19
5110	1.09829786730244E+19
5120	1.07218779584032E+19
5130	1.04890795055093E+19
5140	1.02934103787245E+19
5150	1.01434185377429E+19
5160	1.0047509687315E+19
5170	1.001412448731E+19
5180	1.00519430189823E+19
5190	1.01699325733339E+19
5200	1.03698929840331E+19
5210	1.06427195368652E+19
5220	1.09780869109876E+19
5230	1.13647866280561E+19
5240	1.17903582375827E+19
5250	1.22409478707741E+19
5260	1.27014468387439E+19
5270	1.31559320138732E+19
5280	1.35884944376607E+19
5290	1.39881982667821E+19
5300	1.43508069475505E+19
5310	1.46740697560118E+19
5320	1.49573057439442E+19
5330	1.52011874426574E+19
5340	1.54074419667012E+19
5350	1.55785197567332E+19
5360	1.57172790521869E+19
5370	1.58267221623324E+19
5380	1.59098316746019E+19
5390	1.59694368468562E+19
5400	1.60080637432939E+19
5410	1.60279599545323E+19
5420	1.60311340587431E+19
5430	1.60193870421857E+19
5440	1.59943364883406E+19
5450	1.59574351475641E+19
5460	1.59099855952795E+19
5470	1.58531514216227E+19
5480	1.57879532632625E+19
5490	1.57152843106877E+19
5500	1.56359330628235E+19
5510	1.55505920349585E+19
5520	1.54598660456732E+19
5530	1.5364280410631E+19
5540	1.52642889446469E+19
5550	1.5160281684989E+19
5560	1.50525922688827E+19
5570	1.49415042246726E+19
5580	1.48272494130832E+19
5590	1.47100171303645E+19
5600	1.4589965714056E+19
5610	1.44672277231666E+19
5620	1.43419146634382E+19
5630	1.42141213976854E+19
5640	1.40839302534029E+19
5650	1.3951414835597E+19
5660	1.3816643547793E+19
5670	1.36796816028039E+19
5680	1.35405237181694E+19
5690	1.33990562268518E+19
5700	1.32551573393598E+19
5710	1.31087082428657E+19
5720	1.29595952408747E+19
5730	1.28077121218648E+19
5740	1.26529627341005E+19
5750	1.24952637318668E+19
5760	1.23345474450301E+19
5770	1.21707648094127E+19
5780	1.20039151923549E+19
5790	1.18343614718158E+19
5800	1.16627257139962E+19
5810	1.14896581716325E+19
5820	1.13158248028458E+19
5830	1.11418979734528E+19
5840	1.09685465650753E+19
5850	1.07964261353241E+19
5860	1.0626169708396E+19
5870	1.04583796748843E+19
5880	1.02936211588822E+19
5890	1.0132362295222E+19
5900	9.9740026057269E+18
5910	9.81705340243544E+18
5920	9.66007408728246E+18
5930	9.50171583494292E+18
5940	9.34073058730636E+18
5950	9.17597932757652E+18
5960	9.0064395927396E+18
5970	8.8312114838101E+18
5980	8.64952069568832E+18
5990	8.46071635205662E+18
6000	8.26426081484919E+18
6010	8.06085687103426E+18
6020	7.85552773053676E+18
6030	7.65370279797418E+18
6040	7.46009544865603E+18
6050	7.27885394234586E+18
6060	7.11375556759718E+18
6070	6.96840089215408E+18
6080	6.84637921917103E+18
6090	6.75139740664E+18
6100	6.68738331647644E+18
6110	6.65858745442565E+18
6120	6.66971111350929E+18
6130	6.72454583564522E+18
6140	6.8214246730885E+18
6150	6.9573807152062E+18
6160	7.12925822086848E+18
6170	7.33329115863871E+18
6180	7.5646228336935E+18
6190	7.81682727937083E+18
6200	8.08157021375609E+18
6210	8.34861178823331E+18
6220	8.60635156445302E+18
6230	8.84299285784763E+18
6240	9.04815505156305E+18
6250	9.21458584500493E+18
6260	9.34091151328107E+18
6270	9.43026682075858E+18
6280	9.4871529176009E+18
6290	9.51666645152278E+18
6300	9.52393415727084E+18
6310	9.51370757773266E+18
6320	9.49012436343656E+18
6330	9.45661269841164E+18
6340	9.41590014627401E+18
6350	9.37008605103688E+18
6360	9.32074316354855E+18
6370	9.26902435009923E+18
6380	9.2157598133E+18
6390	9.16153326468617E+18
6400	9.10675512646381E+18
6410	9.05171762857685E+18
6420	8.99662666354673E+18
6430	8.94162584557895E+18
6440	8.8868144635722E+18
6450	8.83226058493551E+18
6460	8.77801045458894E+18
6470	8.72409514583027E+18
6480	8.67053521861357E+18
6490	8.6173439581639E+18
6500	8.56452961547867E+18
6510	8.51209695293399E+18
6520	8.46004829496049E+18
6530	8.40838422132061E+18
6540	8.35710413823971E+18
6550	8.30620663536991E+18
6560	8.25568971622738E+18
6570	8.20555095891257E+18
6580	8.15578762758803E+18
6590	8.10639674882743E+18
6600	8.05737516252503E+18
6610	8.0087195539738E+18
6620	7.96042647156622E+18
6630	7.91249233305927E+18
6640	7.86491342227338E+18
6650	7.8176858773337E+18
6660	7.77080566645966E+18
6670	7.72426852506283E+18
6680	7.67806992256386E+18
6690	7.6322050208105E+18
6700	7.58666860627797E+18
6710	7.54145500830377E+18
6720	7.49655800177711E+18
6730	7.45197069259725E+18
6740	7.4076853843034E+18
6750	7.3636934245042E+18
6760	7.31998503012875E+18
6770	7.27654909111069E+18
6780	7.23337295292578E+18
6790	7.19044217944789E+18
6800	7.14774029886764E+18
6810	7.1052483774631E+18
6820	7.06294407078023E+18
6830	7.02080136023744E+18
6840	6.97879013538857E+18
6850	6.93687561783899E+18
6860	6.89501774829928E+18
6870	6.85317054695244E+18
6880	6.81128146135591E+18
6890	6.76929072058886E+18
6900	6.7271307191438E+18
6910	6.68472545893351E+18
6920	6.64199008246091E+18
6930	6.59883053433375E+18
6940	6.5551433915004E+18
6950	6.51081590440649E+18
6960	6.46572686507935E+18
6970	6.41975873897513E+18
6980	6.37280399246365E+18
6990	6.32476147081268E+18
7000	6.27553950108214E+18
7010	6.22505927632694E+18
7020	6.17325807872022E+18
7030	6.12009217834574E+18
7040	6.065539257407E+18
7050	6.00960023393509E+18
7060	5.95230039253239E+18
7070	5.89368976918474E+18
7080	5.83384277917482E+18
7090	5.77285711807403E+18
7100	5.7108520024987E+18
7110	5.64796584728521E+18
7120	5.58435117532712E+18
7130	5.52006588195938E+18
7140	5.45501086006382E+18
7150	5.38905459401498E+18
7160	5.32204762055506E+18
7170	5.25382700522271E+18
7180	5.18422099169406E+18
7190	5.11305390774248E+18
7200	5.04015141972502E+18
7210	4.96534622010834E+18
7220	4.88848420939957E+18
7230	4.80943119455125E+18
7240	4.72808007033214E+18
7250	4.64435837903885E+18
7260	4.55823605953383E+18
7270	4.46973310334627E+18
7280	4.37892674046918E+18
7290	4.28597235264245E+18
7300	4.19155432976026E+18
7310	4.09691445555788E+18
7320	4.00326121151229E+18
7330	3.91169594618969E+18
7340	3.82318177214627E+18
7350	3.73852447103921E+18
7360	3.65836595381466E+18
7370	3.583189194574E+18
7380	3.51333250155197E+18
7390	3.44901052796388E+18
7400	3.39033946162128E+18
7410	3.33736420922572E+18
7420	3.29008594760517E+18
7430	3.24848901654013E+18
7440	3.21256668493646E+18
7450	3.18234578316468E+18
7460	3.15791053844655E+18
7470	3.1394001437644E+18
7480	3.12675659817696E+18
7490	3.11985753208382E+18
7500	3.11870904150291E+18
7510	3.12343698139029E+18
7520	3.13427194672591E+18
7530	3.15152988396693E+18
7540	3.17558704018597E+18
7550	3.20684816114376E+18
7560	3.24570698229202E+18
7570	3.29249811689227E+18
7580	3.34743950053059E+18
7590	3.41056473739712E+18
7600	3.48164521634619E+18
7610	3.56010301878465E+18
7620	3.64491787162509E+18
7630	3.73453541625224E+18
7640	3.82679092973385E+18
7650	3.91887350406032E+18
7660	4.00728834945295E+18
7670	4.08787392233545E+18
7680	4.15659483164962E+18
7690	4.21026230660361E+18
7700	4.24716469866036E+18
7710	4.2674621039601E+18
7720	4.27313085147486E+18
7730	4.26740914404163E+18
7740	4.25393241853526E+18
7750	4.23590845650336E+18
7760	4.21564125391122E+18
7770	4.19448880740741E+18
7780	4.1731067970292E+18
7790	4.15175303003691E+18
7800	4.13050927043879E+18
7810	4.10939591063747E+18
7820	4.08841640515125E+18
7830	4.06757049059415E+18
7840	4.04685725358404E+18
7850	4.02627569464471E+18
7860	4.00582481182045E+18
7870	3.9855036108699E+18
7880	3.96531110625709E+18
7890	3.94524632116341E+18
7900	3.92530828740831E+18
7910	3.9054960453629E+18
7920	3.88580864386379E+18
7930	3.86624514012785E+18
7940	3.84680459966795E+18
7950	3.82748609620962E+18
7960	3.80828871160867E+18
7970	3.78921153576976E+18
7980	3.7702536665658E+18
7990	3.7514142097584E+18
8000	3.73269227891907E+18
8010	3.71408699535136E+18
8020	3.69559748801392E+18
8030	3.67722289344438E+18
8040	3.658962355684E+18
8050	3.64081502620335E+18
8060	3.62278006382861E+18
8070	3.60485663466883E+18
8080	3.58704391204399E+18
8090	3.56934107641375E+18
8100	3.55174731530712E+18
8110	3.53426182325285E+18
8120	3.51688380171056E+18
8130	3.4996124590027E+18
8140	3.48244701024721E+18
8150	3.46538667729096E+18
8160	3.44843068864387E+18
8170	3.43157827941379E+18
8180	3.41482869124214E+18
8190	3.39818117224012E+18
8200	3.38163497692579E+18
8210	3.36518936616171E+18
8220	3.3488436070933E+18
8230	3.33259697308791E+18
8240	3.31644874367449E+18
8250	3.30039820448397E+18
8260	3.28444464719028E+18
8270	3.26858736945197E+18
8280	3.25282567485449E+18
8290	3.23715887285313E+18
8300	3.22158627871654E+18
8310	3.20610721347082E+18
8320	3.19072100384432E+18
8330	3.17542698221294E+18
8340	3.16022448654606E+18
8350	3.14511286035306E+18
8360	3.13009145263039E+18
8370	3.1151596178092E+18
8380	3.10031671570359E+18
8390	3.08556211145935E+18
8400	3.07089517550326E+18
8410	3.05631528349299E+18
8420	3.04182181626742E+18
8430	3.02741415979763E+18
8440	3.01309170513828E+18
8450	2.9988538483796E+18
8460	2.98469999059981E+18
8470	2.97062953781809E+18
8480	2.95664190094794E+18
8490	2.94273649575101E+18
8500	2.92891274279116E+18
8510	2.91517006738872E+18
8520	2.90150789957439E+18
8530	2.88792567404208E+18
8540	2.87442283009934E+18
8550	2.86099881161269E+18
8560	2.84765306694298E+18
8570	2.8343850488626E+18
8580	2.82119421443976E+18
8590	2.8080800248655E+18
8600	2.79504194518323E+18
8610	2.78207944385652E+18
8620	2.76919199207477E+18
8630	2.7563790626443E+18
8640	2.7436401282394E+18
8650	2.7309746586886E+18
8660	2.71838211684175E+18
8670	2.70586195239992E+18
8680	2.69341359289272E+18
8690	2.68103643076005E+18
8700	2.66872980524834E+18
8710	2.65649297758205E+18
8720	2.64432509764547E+18
8730	2.63222516024142E+18
8740	2.62019194892212E+18
8750	2.60822396486226E+18
8760	2.59631933159997E+18
8770	2.58447567816426E+18
8780	2.57268999974568E+18
8790	2.56095848854807E+18
8800	2.54927633385341E+18
8810	2.53763748978779E+18
8820	2.52603441039629E+18
8830	2.51445775313314E+18
8840	2.50289605372867E+18
8850	2.49133537758097E+18
8860	2.47975895528459E+18
8870	2.46814681256232E+18
8880	2.45647540758751E+18
8890	2.44471729131849E+18
8900	2.43284080883279E+18
8910	2.42080986154397E+18
8920	2.40858375140233E+18
8930	2.39611712852028E+18
8940	2.38336006294891E+18
8950	2.37025825943029E+18
8960	2.35675343078457E+18
8970	2.34278384116202E+18
8980	2.32828502477941E+18
8990	2.31319067913883E+18
9000	2.29743372435514E+18
9010	2.28094977925869E+18
9020	2.26368723366571E+18
9030	2.24560586786209E+18
9040	2.2266770722324E+18
9050	2.20688543100845E+18
9060	2.18622986295677E+18
9070	2.16472425592683E+18
9080	2.1423975653459E+18
9090	2.11929338084964E+18
9100	2.09546899711599E+18
9110	2.07099405198569E+18
9120	2.04594881525417E+18
9130	2.02042222414458E+18
9140	1.99450976633061E+18
9150	1.96831130912105E+18
9160	1.94192896524135E+18
9170	1.91546507306733E+18
9180	1.88902035380692E+18
9190	1.86269229153863E+18
9200	1.83657376554666E+18
9210	1.81075194910687E+18
9220	1.78530747552279E+18
9230	1.76031386123333E+18
9240	1.73583716738518E+18
9250	1.71193587534331E+18
9260	1.68866094799697E+18
9270	1.66605604710243E+18
9280	1.64415003369859E+18
9290	1.62289429921611E+18
9300	1.60220037245015E+18
9310	1.58198068221577E+18
9320	1.56215009331665E+18
9330	1.54262683058577E+18
9340	1.52333323917283E+18
9350	1.50419643428195E+18
9360	1.48514888115104E+18
9370	1.4661289354376E+18
9380	1.44708136494421E+18
9390	1.42795786540588E+18
9400	1.40871757555316E+18
9410	1.38932758961536E+18
9420	1.36976345869401E+18
9430	1.35000966597991E+18
9440	1.33006005469358E+18
9450	1.30991818210206E+18
9460	1.28959756832522E+18
9470	1.26912180529766E+18
9480	1.24852448964192E+18
9490	1.22784894373024E+18
9500	1.20714769207585E+18
9510	1.18648166522007E+18
9520	1.16591910959024E+18
9530	1.1455341873876E+18
9540	1.12540525172215E+18
9550	1.10561277292911E+18
9560	1.08623686358694E+18
9570	1.06736442673916E+18
9580	1.04915080470526E+18
9590	1.03174458450807E+18
9600	1.01523693678896E+18
9610	9.99663454118082E+17
9620	9.85007885346407E+17
9630	9.71207631758309E+17
9640	9.58161470024075E+17
9650	9.45739902882458E+17
9660	9.33798117339982E+17
9670	9.22190859804579E+17
9680	9.10787861100175E+17
9690	8.9948802941166E+17
9700	8.88230644562669E+17
9710	8.77002234069674E+17
9720	8.65838540242649E+17
9730	8.54821775315619E+17
9740	8.4407400412022E+17
9750	8.33747868530972E+17
9760	8.24015950324279E+17
9770	8.15059912163987E+17
9780	8.07060253025778E+17
9790	8.00187162035626E+17
9800	7.94592633344705E+17
9810	7.90403769223948E+17
9820	7.87717082990937E+17
9830	7.86593640727729E+17
9840	7.8705507425409E+17
9850	7.89080888704348E+17
9860	7.92608115148924E+17
9870	7.97535252828451E+17
9880	8.03716033753887E+17
9890	8.10916367836264E+17
9900	8.18930719469609E+17
9910	8.27659692718476E+17
9920	8.37154893879515E+17
9930	8.47656663789286E+17
9940	8.59615572943679E+17
9950	8.73689629027242E+17
9960	8.9071339776823E+17
9970	9.11641021833034E+17
9980	9.37468348460875E+17
9990	9.69135662889718E+17
10000	1.00740171578797E+18
10010	1.05266947375341E+18
10020	1.10474787491281E+18
10030	1.16256386628649E+18
10040	1.22389792649654E+18
10050	1.28529139851611E+18
10060	1.34232588136771E+18
10070	1.39042687006486E+18
10080	1.42611127123158E+18
10090	1.44820579451087E+18
10100	1.4582876337962E+18
10110	1.45987603537089E+18
10120	1.45678629152328E+18
10130	1.45176671402556E+18
10140	1.44618714984147E+18
10150	1.44051409476217E+18
10160	1.43485258083721E+18
10170	1.42921749622427E+18
10180	1.42360998152487E+18
10190	1.41802993933824E+18
10200	1.41247721006853E+18
10210	1.40695163346994E+18
10220	1.40145305036753E+18
10230	1.39598130267374E+18
10240	1.39053623338009E+18
10250	1.3851176865488E+18
10260	1.37972550730445E+18
10270	1.37435954182567E+18
10280	1.36901963733702E+18
10290	1.3637056421008E+18
10300	1.35841740540907E+18
10310	1.3531547775756E+18
10320	1.34791760992804E+18
10330	1.34270575479999E+18
10340	1.33751906552332E+18
10350	1.3323573964204E+18
10360	1.32722060279647E+18
10370	1.32210854093212E+18
10380	1.3170210680757E+18
10390	1.31195804243597E+18
10400	1.30691932317463E+18
10410	1.3019047703991E+18
10420	1.2969142451552E+18
10430	1.29194760942E+18
10440	1.28700472609466E+18
10450	1.28208545899741E+18
10460	1.27718967285651E+18
10470	1.27231723330334E+18
10480	1.26746800686546E+18
10490	1.26264186095987E+18
10500	1.25783866388614E+18
10510	1.25305828481979E+18
10520	1.24830059380561E+18
10530	1.24356546175103E+18
10540	1.23885276041964E+18
10550	1.23416236242466E+18
10560	1.22949414122253E+18
10570	1.22484797110655E+18
10580	1.22022372720054E+18
10590	1.21562128545258E+18
10600	1.21104052262882E+18
10610	1.20648131630729E+18
10620	1.2019435448718E+18
10630	1.19742708750589E+18
10640	1.19293182418684E+18
10650	1.18845763567968E+18
10660	1.18400440353132E+18
10670	1.17957201006468E+18
10680	1.17516033837289E+18
10690	1.17076927231353E+18
10700	1.16639869650294E+18
10710	1.16204849631051E+18
10720	1.15771855785314E+18
10730	1.15340876798963E+18
10740	1.14911901431514E+18
10750	1.1448491851558E+18
10760	1.14059916956319E+18
10770	1.136368857309E+18
10780	1.13215813887972E+18
10790	1.12796690547129E+18
10800	1.1237950489839E+18
10810	1.11964246201676E+18
10820	1.11550903786295E+18
10830	1.11139467050431E+18
10840	1.10729925460632E+18
10850	1.10322268551313E+18
10860	1.09916485924252E+18
10870	1.09512567248096E+18
10880	1.09110502257872E+18
10890	1.08710280754498E+18
10900	1.083118926043E+18
10910	1.07915327738534E+18
10920	1.0752057615291E+18
10930	1.07127627907123E+18
10940	1.06736473124382E+18
10950	1.06347101990951E+18
10960	1.05959504755686E+18
10970	1.05573671729581E+18
10980	1.05189593285314E+18
10990	1.04807259856802E+18
11000	1.04426661938751E+18
11010	1.04047790086221E+18
11020	1.03670634914183E+18
11030	1.0329518709709E+18
11040	1.02921437368443E+18
11050	1.02549376520363E+18
11060	1.02178995403173E+18
11070	1.01810284924973E+18
11080	1.01443236051225E+18
11090	1.0107783980434E+18
11100	1.00714087263268E+18
11110	1.00351969563091E+18
11120	9.99914778946214E+17
11130	9.96326035039988E+17
11140	9.92753376922961E+17
11150	9.89196718151247E+17
11160	9.85655972822443E+17
11170	9.82131055571752E+17
11180	9.78621881568145E+17
11190	9.75128366510553E+17
11200	9.7165042662408E+17
11210	9.68187978656256E+17
11220	9.64740939873319E+17
11230	9.61309228056522E+17
11240	9.57892761498473E+17
11250	9.54491458999503E+17
11260	9.51105239864067E+17
11270	9.47734023897165E+17
11280	9.443777314008E+17
11290	9.41036283170461E+17
11300	9.37709600491632E+17
11310	9.34397605136333E+17
11320	9.31100219359685E+17
11330	9.27817365896503E+17
11340	9.24548967957915E+17
11350	9.21294949228015E+17
11360	9.18055233860529E+17
11370	9.1482974647552E+17
11380	9.11618412156114E+17
11390	9.08421156445247E+17
11400	9.0523790534245E+17
11410	9.02068585300645E+17
11420	8.98913123222977E+17
11430	8.95771446459666E+17
11440	8.92643482804885E+17
11450	8.8952916049366E+17
11460	8.864284081988E+17
11470	8.83341155027845E+17
11480	8.80267330520042E+17
11490	8.77206864643343E+17
11500	8.74159687791424E+17
11510	8.71125730780734E+17
11520	8.6810492484756E+17
11530	8.65097201645119E+17
11540	8.62102493240671E+17
11550	8.59120732112654E+17
11560	8.56151851147845E+17
11570	8.53195783638536E+17
11580	8.50252463279741E+17
11590	8.47321824166416E+17
11600	8.44403800790705E+17
11610	8.41498328039208E+17
11620	8.38605341190268E+17
11630	8.3572477591128E+17
11640	8.32856568256017E+17
11650	8.3000065466198E+17
11660	8.27156971947758E+17
11670	8.24325457310399E+17
11680	8.21506048322772E+17
11690	8.18698682930873E+17
11700	8.1590329945101E+17
11710	8.13119836566675E+17
11720	8.10348233324761E+17
11730	8.07588429130464E+17
11740	8.04840363739586E+17
11750	8.02103977245964E+17
11760	7.99379210059998E+17
11770	7.96666002871428E+17
11780	7.9396429658511E+17
11790	7.9127403221214E+17
11800	7.88595150688751E+17
11810	7.85927592582174E+17
11820	7.83271297624635E+17
11830	7.80626203993333E+17
11840	7.77992247225619E+17
11850	7.75369358624886E+17
11860	7.72757462975347E+17
11870	7.70156475345214E+17
11880	7.67566296721432E+17
11890	7.6498680818977E+17
11900	7.62417863357357E+17
11910	7.59859278716734E+17
11920	7.57310821677201E+17
11930	7.54772196045492E+17
11940	7.52243024826962E+17
11950	7.4972283034102E+17
11960	7.47211011798136E+17
11970	7.44706820664288E+17
11980	7.42209334333065E+17
11990	7.39717428823491E+17
12000	7.3722975140883E+17
12010	7.34744694243176E+17
12020	7.32260370173884E+17
12030	7.297745919963E+17
12040	7.27284856413214E+17
12050	7.24788333899677E+17
12060	7.22281865543522E+17
12070	7.19761967737452E+17
12080	7.17224845348625E+17
12090	7.14666413699003E+17
12100	7.12082329370013E+17
12110	7.09468029515401E+17
12120	7.0681877904429E+17
12130	7.04129724738964E+17
12140	7.01395955113568E+17
12150	6.98612564612458E+17
12160	6.95774720598789E+17
12170	6.92877731499627E+17
12180	6.8991711445431E+17
12190	6.86888660855389E+17
12200	6.83788498270688E+17
12210	6.80613147382856E+17
12220	6.77359572769777E+17
12230	6.74025226564609E+17
12240	6.70608084267419E+17
12250	6.67106597348375E+17
12260	6.63519449906506E+17
12270	6.59845710830734E+17
12280	6.56084894117226E+17
12290	6.52236953591277E+17
12300	6.48302273265826E+17
12310	6.44281653821394E+17
12320	6.40176295710477E+17
12330	6.35987779393937E+17
12340	6.31718043209906E+17
12350	6.27369359359023E+17
12360	6.22944308465487E+17
12370	6.18445753143244E+17
12380	6.13876810962238E+17
12390	6.09240827172631E+17
12400	6.04541347506319E+17
12410	5.99782091336301E+17
12420	5.9496692543614E+17
12430	5.90099838544733E+17
12440	5.85184916906427E+17
12450	5.80226320923592E+17
12460	5.75228263028308E+17
12470	5.70194986852113E+17
12480	5.65130747747797E+17
12490	5.60039794695044E+17
12500	5.54926353602293E+17
12510	5.49794612000311E+17
12520	5.44648705108671E+17
12530	5.39492703244222E+17
12540	5.34330600530819E+17
12550	5.29166304861542E+17
12560	5.24003629058511E+17
12570	5.18846283170748E+17
12580	5.13697867847273E+17
12590	5.0856186872067E+17
12600	5.03441651735255E+17
12610	4.98340459353997E+17
12620	4.93261407578926E+17
12630	4.88207483721047E+17
12640	4.83181544857589E+17
12650	4.78186316916549E+17
12660	4.73224394331022E+17
12670	4.68298240208499E+17
12680	4.63410186963217E+17
12690	4.58562437362587E+17
12700	4.53757065941783E+17
12710	4.48996020743595E+17
12720	4.44281125343638E+17
12730	4.39614081123947E+17
12740	4.34996469760874E+17
12750	4.30429755896106E+17
12760	4.25915621289168E+17
12770	4.21456883803038E+17
12780	4.17056443491657E+17
12790	4.12716954545267E+17
12800	4.08440824286203E+17
12810	4.04230213930912E+17
12820	4.00087040987919E+17
12830	3.96012983152238E+17
12840	3.92009483550474E+17
12850	3.88077757187351E+17
12860	3.84218798443614E+17
12870	3.80433389476618E+17
12880	3.76722109378345E+17
12890	3.73085343950717E+17
12900	3.69523295964664E+17
12910	3.66035995776987E+17
12920	3.62623312187715E+17
12930	3.59284963429749E+17
12940	3.56020528192197E+17
12950	3.52829456588496E+17
12960	3.49711080990239E+17
12970	3.46664626657148E+17
12980	3.43689222102955E+17
12990	3.40783909145788E+17
13000	3.37947652599952E+17
13010	3.3517934957364E+17
13020	3.32477838344005E+17
13030	3.29841906787089E+17
13040	3.27270300345316E+17
13050	3.24761729519581E+17
13060	3.22314876876419E+17
13070	3.19928403563518E+17
13080	3.17600955328981E+17
13090	3.15331168041672E+17
13100	3.13117672711903E+17
13110	3.10959100014115E+17
13120	3.08854084316387E+17
13130	3.06801267226009E+17
13140	3.04799300666096E+17
13150	3.02846849505545E+17
13160	3.00942593773223E+17
13170	2.99085230496974E+17
13180	2.97273475218087E+17
13190	2.95506063241689E+17
13200	2.93781750692075E+17
13210	2.92099315448545E+17
13220	2.90457558040848E+17
13230	2.88855302583382E+17
13240	2.87291397823226E+17
13250	2.85764718368943E+17
13260	2.84274166154955E+17
13270	2.82818672180813E+17
13280	2.81397198546463E+17
13290	2.80008740784895E+17
13300	2.78652330473251E+17
13310	2.77326972200253E+17
13320	2.76030638797288E+17
13330	2.74760539375057E+17
13340	2.73514009165347E+17
13350	2.72288521089071E+17
13360	2.71081671136222E+17
13370	2.69891164740933E+17
13380	2.68714803996507E+17
13390	2.67550475556406E+17
13400	2.66396139065623E+17
13410	2.65249815962691E+17
13420	2.64109578486389E+17
13430	2.62973538713102E+17
13440	2.61839837441139E+17
13450	2.60706632727465E+17
13460	2.5957208787063E+17
13470	2.58434358621636E+17
13480	2.5729157939277E+17
13490	2.56141848223753E+17
13500	2.54983210256089E+17
13510	2.53813639461447E+17
13520	2.52631018370099E+17
13530	2.51433115552857E+17
13540	2.50217560627231E+17
13550	2.48981816588665E+17
13560	2.47723149314212E+17
13570	2.4643859415291E+17
13580	2.45124919608723E+17
13590	2.43778588242893E+17
13600	2.42395715077333E+17
13610	2.40972023973668E+17
13620	2.3950280269684E+17
13630	2.37982857649853E+17
13640	2.36406469586728E+17
13650	2.3476735197062E+17
13660	2.33058614035627E+17
13670	2.31272731021342E+17
13680	2.29401524459885E+17
13690	2.27436155780447E+17
13700	2.25367136823901E+17
13710	2.23184361090381E+17
13720	2.20877159631333E+17
13730	2.18434385396012E+17
13740	2.15844529502312E+17
13750	2.1309587227889E+17
13760	2.10176670985027E+17
13770	2.07075384837618E+17
13780	2.03780936364264E+17
13790	2.00283006188861E+17
13800	1.96572356205024E+17
13810	1.92641173801496E+17
13820	1.8848342750428E+17
13830	1.84095222252937E+17
13840	1.79475140712584E+17
13850	1.74624555723422E+17
13860	1.69547898379579E+17
13870	1.64252866451769E+17
13880	1.58750559018701E+17
13890	1.53055525280036E+17
13900	1.47185718543543E+17
13910	1.41162352687844E+17
13920	1.35012935288706E+17
13930	1.28777131662031E+17
13940	1.22497675964533E+17
13950	1.16217399367349E+17
13960	1.09978109126552E+17
13970	1.03819562117609E+17
13980	9.77785806131212E+16
13990	9.18883433372672E+16
14000	8.61778693639184E+16
14010	8.06716978438234E+16
14020	7.53897540612592E+16
14030	7.0347382677388E+16
14040	6.55555225071073E+16
14050	6.10209937055238E+16
14060	5.67468674383093E+16
14070	5.27328894399631E+16
14080	4.89759317254625E+16
14090	4.54704505306957E+16
14100	4.22089328045351E+16
14110	3.91823178512824E+16
14120	3.63803847280048E+16
14130	3.37920995442763E+16
14140	3.14059197897155E+16
14150	2.92100551965702E+16
14160	2.71926864514128E+16
14170	2.53421443563016E+16
14180	2.36470528786881E+16
14190	2.20964400011461E+16
14200	2.06798204657552E+16
14210	1.93872544762358E+16
14220	1.82093862369638E+16
14230	1.71374659244455E+16
14240	1.61633583458336E+16
14250	1.52795411730226E+16
14260	1.44790952737276E+16
14270	1.37556893095134E+16
14280	1.31035604461448E+16
14290	1.25174927305682E+16
14300	1.19927944347372E+16
14310	1.15252754504593E+16
14320	1.11112256410499E+16
14330	1.07473949134566E+16
14340	1.04309756669256E+16
14350	1.01595881993569E+16
14360	9.93126960866065E+15
14370	9.74446671253046E+15
14380	9.59803352558235E+15
14390	9.49123387800477E+15
14400	9.42374983591198E+15
14410	9.39569669264607E+15
14420	9.40764544569241E+15
14430	9.46065386026304E+15
14440	9.55630745399207E+15
14450	9.69677202509611E+15
14460	9.88485969786161E+15
14470	1.01241108849738E+16
14480	1.04188950777576E+16
14490	1.07745339850914E+16
14500	1.11974512610267E+16
14510	1.16953538981162E+16
14520	1.22774513187237E+16
14530	1.29547192560509E+16
14540	1.37402166396283E+16
14550	1.46494648004395E+16
14560	1.57008992266906E+16
14570	1.6916404547094E+16
14580	1.8321443692242E+16
14590	1.99428939637578E+16
14600	2.18106527239964E+16
14610	2.39589522091717E+16
14620	2.64266622350272E+16
14630	2.92574783966287E+16
14640	3.24999144477986E+16
14650	3.62069835665457E+16
14660	4.04354136394514E+16
14670	4.52441965796285E+16
14680	5.06922261802053E+16
14690	5.6834744127177E+16
14700	6.37183098182157E+16
14710	7.13740699595802E+16
14720	7.98092781371204E+16
14730	8.89973673692407E+16
14740	9.88674781473185E+16
14750	1.09295229707282E+17
14760	1.20097638085473E+17
14770	1.3103617869538E+17
14780	1.41832497661088E+17
14790	1.52200271697145E+17
14800	1.61893131919912E+17
14810	1.7076188592846E+17
14820	1.78805760823439E+17
14830	1.86196230939096E+17
14840	1.93254641620583E+17
14850	2.00380681441049E+17
14860	2.07953100977238E+17
14870	2.16240716277295E+17
14880	2.25354152321126E+17
14890	2.35240158859913E+17
14900	2.45696795761698E+17
14910	2.56390682149229E+17
14920	2.6687785348973E+17
14930	2.76643186383995E+17
14940	2.85169877432791E+17
14950	2.92035529643325E+17
14960	2.97011930551879E+17
14970	3.00129563309355E+17
14980	3.0166849379349E+17
14990	3.020654135412E+17
15000	3.01773807596586E+17
15010	3.01146292825669E+17
15020	3.00391455452964E+17
15030	2.99601740580909E+17
15040	2.98806909238624E+17
15050	2.98013630941625E+17
15060	2.97222887292022E+17
15070	2.96434759563173E+17
15080	2.95649242250157E+17
15090	2.94866325123226E+17
15100	2.94085997862682E+17
15110	2.93308250194693E+17
15120	2.92533071892934E+17
15130	2.91760452778346E+17
15140	2.90990382718886E+17
15150	2.90222851629278E+17
15160	2.8945784947077E+17
15170	2.88695366250886E+17
15180	2.87935392023183E+17
15190	2.87177916887008E+17
15200	2.8642293098726E+17
15210	2.85670424514146E+17
15220	2.8492038770295E+17
15230	2.84172810833787E+17
15240	2.83427684231379E+17
15250	2.8268499826481E+17
15260	2.81944743347303E+17
15270	2.81206909935984E+17
15280	2.80471488531651E+17
15290	2.79738469678553E+17
15300	2.79007843964153E+17
15310	2.78279602018912E+17
15320	2.77553734516058E+17
15330	2.76830232171364E+17
15340	2.76109085742932E+17
15350	2.75390286030964E+17
15360	2.74673823877548E+17
15370	2.73959690166443E+17
15380	2.73247875822854E+17
15390	2.72538371813225E+17
15400	2.7183116914502E+17
15410	2.71126258866512E+17
15420	2.70423632066572E+17
15430	2.69723279874458E+17
15440	2.69025193459606E+17
15450	2.68329364031421E+17
15460	2.67635782839074E+17
15470	2.66944441171291E+17
15480	2.66255330356156E+17
15490	2.65568441760899E+17
15500	2.64883766791702E+17
15510	2.64201296893496E+17
15520	2.63521023549758E+17
15530	2.62842938282317E+17
15540	2.62167032651156E+17
15550	2.61493298254212E+17
15560	2.60821726727186E+17
15570	2.60152309743349E+17
15580	2.59485039013344E+17
15590	2.58819906284999E+17
15600	2.58156903343137E+17
15610	2.57496022009384E+17
15620	2.5683725414198E+17
15630	2.56180591635596E+17
15640	2.55526026421143E+17
15650	2.54873550465592E+17
15660	2.54223155771784E+17
15670	2.53574834378253E+17
15680	2.52928578359038E+17
15690	2.52284379823509E+17
15700	2.5164223091618E+17
15710	2.51002123816538E+17
15720	2.50364050738857E+17
15730	2.49728003932027E+17
15740	2.49093975679376E+17
15750	2.48461958298496E+17
15760	2.47831944141069E+17
15770	2.47203925592693E+17
15780	2.46577895072713E+17
15790	2.45953845034047E+17
15800	2.45331767963019E+17
15810	2.44711656379188E+17
15820	2.44093502835181E+17
15830	2.43477299916526E+17
15840	2.42863040241487E+17
15850	2.42250716460895E+17
15860	2.41640321257991E+17
15870	2.41031847348254E+17
15880	2.40425287479247E+17
15890	2.3982063443045E+17
15900	2.39217881013101E+17
15910	2.38617020070039E+17
15920	2.38018044475542E+17
15930	2.3742094713517E+17
15940	2.3682572098561E+17
15950	2.36232358994517E+17
15960	2.35640854160363E+17
15970	2.35051199512278E+17
15980	2.344633881099E+17
15990	2.33877413043223E+17
16000	2.33293267432442E+17
16010	2.32710944427804E+17
16020	2.3213043720946E+17
16030	2.31551738987312E+17
16040	2.3097484300087E+17
16050	2.30399742519098E+17
16060	2.29826430840274E+17
16070	2.29254901291837E+17
16080	2.2868514723025E+17
16090	2.28117162040851E+17
16100	2.27550939137709E+17
16110	2.26986471963485E+17
16120	2.26423753989288E+17
16130	2.25862778714532E+17
16140	2.25303539666802E+17
16150	2.24746030401708E+17
16160	2.24190244502749E+17
16170	2.23636175581178E+17
16180	2.2308381727586E+17
16190	2.22533163253137E+17
16200	2.21984207206695E+17
16210	2.21436942857429E+17
16220	2.20891363953303E+17
16230	2.20347464269226E+17
16240	2.1980523760691E+17
16250	2.19264677794746E+17
16260	2.18725778687668E+17
16270	2.18188534167026E+17
16280	2.17652938140451E+17
16290	2.17118984541732E+17
16300	2.16586667330685E+17
16310	2.16055980493025E+17
16320	2.15526918040242E+17
16330	2.14999474009468E+17
16340	2.14473642463362E+17
16350	2.13949417489975E+17
16360	2.13426793202633E+17
16370	2.12905763739811E+17
16380	2.12386323265008E+17
16390	2.11868465966629E+17
16400	2.11352186057862E+17
16410	2.10837477776557E+17
16420	2.10324335385107E+17
16430	2.09812753170325E+17
16440	2.09302725443331E+17
16450	2.0879424653943E+17
16460	2.08287310817994E+17
16470	2.07781912662349E+17
16480	2.07278046479655E+17
16490	2.06775706700793E+17
16500	2.06274887780248E+17
16510	2.05775584195997E+17
16520	2.05277790449393E+17
16530	2.04781501065053E+17
16540	2.04286710590748E+17
16550	2.03793413597286E+17
16560	2.03301604678406E+17
16570	2.02811278450663E+17
16580	2.02322429553321E+17
16590	2.01835052648244E+17
16600	2.01349142419784E+17
16610	2.00864693574675E+17
16620	2.00381700841926E+17
16630	1.99900158972712E+17
16640	1.9942006274027E+17
16650	1.98941406939789E+17
16660	1.98464186388308E+17
16670	1.97988395924614E+17
16680	1.97514030409129E+17
16690	1.97041084723815E+17
16700	1.96569553772066E+17
16710	1.9609943247861E+17
16720	1.95630715789399E+17
16730	1.95163398671518E+17
16740	1.94697476113075E+17
16750	1.94232943123107E+17
16760	1.93769794731475E+17
16770	1.9330802598877E+17
16780	1.92847631966209E+17
16790	1.92388607755544E+17
16800	1.91930948468954E+17
16810	1.91474649238958E+17
16820	1.91019705218312E+17
16830	1.90566111579915E+17
16840	1.90113863516714E+17
16850	1.89662956241608E+17
16860	1.89213384987353E+17
16870	1.88765145006468E+17
16880	1.88318231571145E+17
16890	1.87872639973149E+17
16900	1.87428365523731E+17
16910	1.86985403553535E+17
16920	1.86543749412504E+17
16930	1.8610339846979E+17
16940	1.85664346113667E+17
16950	1.85226587751433E+17
16960	1.8479011880933E+17
16970	1.84354934732445E+17
16980	1.83921030984629E+17
16990	1.83488403048405E+17
17000	1.83057046424881E+17
17010	1.82626956633662E+17
17020	1.82198129212765E+17
17030	1.8177055971853E+17
17040	1.81344243725537E+17
17050	1.80919176826516E+17
17060	1.80495354632269E+17
17070	1.80072772771578E+17
17080	1.79651426891125E+17
17090	1.79231312655408E+17
17100	1.78812425746657E+17
17110	1.7839476186475E+17
17120	1.77978316727133E+17
17130	1.77563086068736E+17
17140	1.77149065641895E+17
17150	1.76736251216264E+17
17160	1.76324638578743E+17
17170	1.75914223533389E+17
17180	1.75505001901344E+17
17190	1.7509696952075E+17
17200	1.74690122246674E+17
17210	1.74284455951024E+17
17220	1.73879966522477E+17
17230	1.73476649866399E+17
17240	1.73074501904764E+17
17250	1.72673518576084E+17
17260	1.72273695835324E+17
17270	1.71875029653835E+17
17280	1.71477516019271E+17
17290	1.71081150935516E+17
17300	1.70685930422611E+17
17310	1.70291850516676E+17
17320	1.69898907269838E+17
17330	1.69507096750156E+17
17340	1.6911641504155E+17
17350	1.68726858243724E+17
17360	1.68338422472096E+17
17370	1.67951103857727E+17
17380	1.67564898547244E+17
17390	1.67179802702773E+17
17400	1.66795812501868E+17
17410	1.66412924137435E+17
17420	1.6603113381767E+17
17430	1.65650437765979E+17
17440	1.65270832220917E+17
17450	1.64892313436112E+17
17460	1.64514877680203E+17
17470	1.64138521236762E+17
17480	1.63763240404235E+17
17490	1.63389031495868E+17
17500	1.63015890839643E+17
17510	1.62643814778208E+17
17520	1.6227279966881E+17
17530	1.61902841883232E+17
17540	1.61533937807723E+17
17550	1.61166083842934E+17
17560	1.60799276403852E+17
17570	1.60433511919733E+17
17580	1.60068786834043E+17
17590	1.59705097604384E+17
17600	1.59342440702439E+17
17610	1.58980812613903E+17
17620	1.58620209838421E+17
17630	1.58260628889522E+17
17640	1.57902066294562E+17
17650	1.57544518594655E+17
17660	1.57187982344615E+17
17670	1.56832454112892E+17
17680	1.56477930481511E+17
17690	1.56124408046012E+17
17700	1.55771883415385E+17
17710	1.55420353212014E+17
17720	1.55069814071612E+17
17730	1.54720262643167E+17
17740	1.54371695588875E+17
17750	1.54024109584086E+17
17760	1.53677501317242E+17
17770	1.5333186748982E+17
17780	1.52987204816271E+17
17790	1.52643510023964E+17
17800	1.52300779853127E+17
17810	1.51959011056788E+17
17820	1.51618200400721E+17
17830	1.51278344663386E+17
17840	1.50939440635872E+17
17850	1.50601485121842E+17
17860	1.50264474937477E+17
17870	1.49928406911419E+17
17880	1.49593277884713E+17
17890	1.49259084710757E+17
17900	1.48925824255243E+17
17910	1.48593493396101E+17
17920	1.4826208902345E+17
17930	1.47931608039536E+17
17940	1.47602047358686E+17
17950	1.47273403907246E+17
17960	1.46945674623536E+17
17970	1.4661885645779E+17
17980	1.46292946372105E+17
17990	1.4596794134039E+17
18000	1.45643838348313E+17
18010	1.45320634393246E+17
18020	1.44998326484216E+17
18030	1.44676911641855E+17
18040	1.44356386898342E+17
18050	1.44036749297358E+17
18060	1.43717995894035E+17
18070	1.434001237549E+17
18080	1.4308312995783E+17
18090	1.42767011591999E+17
18100	1.4245176575783E+17
18110	1.42137389566944E+17
18120	1.41823880142111E+17
18130	1.415112346172E+17
18140	1.41199450137132E+17
18150	1.4088852385783E+17
18160	1.40578452946169E+17
18170	1.40269234579933E+17
18180	1.39960865947761E+17
18190	1.39653344249103E+17
18200	1.39346666694172E+17
18210	1.39040830503893E+17
18220	1.38735832909864E+17
18230	1.38431671154302E+17
18240	1.38128342489998E+17
18250	1.37825844180273E+17
18260	1.3752417349893E+17
18270	1.37223327730209E+17
18280	1.36923304168741E+17
18290	1.36624100119501E+17
18300	1.36325712897767E+17
18310	1.36028139829071E+17
18320	1.35731378249155E+17
18330	1.35435425503928E+17
18340	1.35140278949421E+17
18350	1.34845935951742E+17
18360	1.34552393887034E+17
18370	1.34259650141429E+17
18380	1.33967702111007E+17
18390	1.3367654720175E+17
18400	1.33386182829502E+17
18410	1.33096606419923E+17
18420	1.32807815408451E+17
18430	1.32519807240253E+17
18440	1.32232579370188E+17
18450	1.31946129262765E+17
18460	1.31660454392098E+17
18470	1.31375552241867E+17
18480	1.31091420305275E+17
18490	1.30808056085008E+17
18500	1.30525457093194E+17
18510	1.30243620851361E+17
18520	1.29962544890397E+17
18530	1.29682226750512E+17
18540	1.29402663981194E+17
18550	1.2912385414117E+17
18560	1.28845794798368E+17
18570	1.28568483529875E+17
18580	1.282919179219E+17
18590	1.28016095569732E+17
18600	1.27741014077702E+17
18610	1.27466671059144E+17
18620	1.27193064136357E+17
18630	1.26920190940562E+17
18640	1.26648049111867E+17
18650	1.26376636299229E+17
18660	1.26105950160408E+17
18670	1.25835988361934E+17
18680	1.25566748579066E+17
18690	1.25298228495747E+17
18700	1.25030425804569E+17
18710	1.24763338206724E+17
18720	1.24496963411965E+17
18730	1.24231299138557E+17
18740	1.23966343113226E+17
18750	1.23702093071111E+17
18760	1.23438546755702E+17
18770	1.23175701918782E+17
18780	1.22913556320348E+17
18790	1.22652107728541E+17
18800	1.22391353919543E+17
18810	1.22131292677478E+17
18820	1.2187192179428E+17
18830	1.21613239069546E+17
18840	1.21355242310357E+17
18850	1.2109792933106E+17
18860	1.20841297953015E+17
18870	1.20585346004276E+17
18880	1.20330071319217E+17
18890	1.20075471738074E+17
18900	1.19821545106389E+17
18910	1.1956828927434E+17
18920	1.1931570209593E+17
18930	1.19063781428013E+17
18940	1.18812525129114E+17
18950	1.18561931058017E+17
18960	1.18311997072075E+17
18970	1.18062721025182E+17
18980	1.17814100765364E+17
18990	1.17566134131914E+17
19000	1.17318818951992E+17
19010	1.17072153036614E+17
19020	1.16826134175923E+17
19030	1.16580760133635E+17
19040	1.16336028640537E+17
19050	1.16091937386896E+17
19060	1.15848484013625E+17
19070	1.1560566610204E+17
19080	1.15363481162007E+17
19090	1.15121926618281E+17
19100	1.14880999794814E+17
19110	1.14640697896765E+17
19120	1.14401017989968E+17
19130	1.14161956977654E+17
19140	1.13923511576304E+17
19150	1.13685678287922E+17
19160	1.13448453366553E+17
19170	1.13211832782274E+17
19180	1.1297581218131E+17
19190	1.12740386841918E+17
19200	1.12505551625818E+17
19210	1.12271300924922E+17
19220	1.12037628603139E+17
19230	1.11804527933079E+17
19240	1.11571991527482E+17
19250	1.11340011265258E+17
19260	1.11108578212055E+17
19270	1.10877682535321E+17
19280	1.10647313413899E+17
19290	1.10417458942227E+17
19300	1.1018810602931E+17
19310	1.0995924029269E+17
19320	1.09730845947724E+17
19330	1.09502905692549E+17
19340	1.09275400589221E+17
19350	1.0904830994158E+17
19360	1.08821611170496E+17
19370	1.08595279687223E+17
19380	1.08369288765695E+17
19390	1.08143609414673E+17
19400	1.07918210250713E+17
19410	1.0769305737304E+17
19420	1.07468114241437E+17
19430	1.07243341558349E+17
19440	1.07018697156436E+17
19450	1.0679413589284E+17
19460	1.06569609551483E+17
19470	1.06345066754704E+17
19480	1.06120452885541E+17
19490	1.05895710021973E+17
19500	1.05670776884371E+17
19510	1.05445588797405E+17
19520	1.05220077667546E+17
19530	1.04994171977263E+17
19540	1.0476779679691E+17
19550	1.04540873815192E+17
19560	1.04313321388986E+17
19570	1.04085054613158E+17
19580	1.0385598541088E+17
19590	1.03626022644803E+17
19600	1.03395072249275E+17
19610	1.03163037383639E+17
19620	1.02929818606469E+17
19630	1.02695314070437E+17
19640	1.02459419737323E+17
19650	1.02222029612524E+17
19660	1.01983035998244E+17
19670	1.01742329764369E+17
19680	1.01499800635911E+17
19690	1.01255337495727E+17
19700	1.010088287011E+17
19710	1.00760162412641E+17
19720	1.00509226933858E+17
19730	1.00255911059645E+17
19740	1.00000104431869E+17
19750	9.97416979001428E+16
19760	9.94805838858606E+16
19770	9.92166567475034E+16
19780	9.89498131452353E+16
19790	9.86799524027925E+16
19800	9.84069768646989E+16
19810	9.81307922468668E+16
19820	9.78513079786971E+16
19830	9.75684375348529E+16
19840	9.72820987549608E+16
19850	9.69922141495846E+16
19860	9.66987111909161E+16
19870	9.64015225867417E+16
19880	9.61005865363645E+16
19890	9.57958469672897E+16
19900	9.54872537516161E+16
19910	9.51747629012163E+16
19920	9.48583367409326E+16
19930	9.45379440591585E+16
19940	9.42135602353229E+16
19950	9.38851673439405E+16
19960	9.35527542350327E+16
19970	9.32163165908669E+16
19980	9.28758569590955E+16
19990	9.25313847625103E+16
20000	9.21829162857538E+16
