2000	1.4717651812878E+17
2010	1.54730856250151E+17
2020	1.62425167599233E+17
2030	1.70270519632269E+17
2040	1.78318732131598E+17
2050	1.86664892985191E+17
2060	1.95426472133864E+17
2070	2.04728937303418E+17
2080	2.14675113029262E+17
2090	2.2532615779967E+17
2100	2.36685586837383E+17
2110	2.48684758888794E+17
2120	2.61202006480676E+17
2130	2.74069899928613E+17
2140	2.87120687376058E+17
2150	3.00206466198803E+17
2160	3.13256894728492E+17
2170	3.26273763640734E+17
2180	3.39376008710548E+17
2190	3.52757759306304E+17
2200	3.66694296633682E+17
2210	3.81477141524762E+17
2220	3.97400034694461E+17
2230	4.14674808755667E+17
2240	4.33442747715067E+17
2250	4.53684286949734E+17
2260	4.75273443842467E+17
2270	4.97920769325296E+17
2280	5.21251767185144E+17
2290	5.44827635687075E+17
2300	5.68209068206033E+17
2310	5.91057953277532E+17
2320	6.13140234200878E+17
2330	6.3446494517563E+17
2340	6.55194436300075E+17
2350	6.75762341516395E+17
2360	6.96714471055976E+17
2370	7.18742628932371E+17
2380	7.42563793553708E+17
2390	7.68800745404455E+17
2400	7.9802649425034E+17
2410	8.304992241159E+17
2420	8.66346729060059E+17
2430	9.05337073173061E+17
2440	9.47010551247634E+17
2450	9.90671815730596E+17
2460	1.03539094910241E+18
2470	1.08016628540221E+18
2480	1.1239665282088E+18
2490	1.16580355678481E+18
2500	1.20503941683617E+18
2510	1.24117749810028E+18
2520	1.27430778087554E+18
2530	1.30486102844819E+18
2540	1.33367287347484E+18
2550	1.36208184563223E+18
2560	1.39153852175061E+18
2570	1.42366464540849E+18
2580	1.46016454614162E+18
2590	1.50239671056129E+18
2600	1.55143548561832E+18
2610	1.60818450236588E+18
2620	1.67265713705679E+18
2630	1.74464833556526E+18
2640	1.82342725327694E+18
2650	1.90762998487806E+18
2660	1.9956464750935E+18
2670	2.08557128746559E+18
2680	2.1752218307172E+18
2690	2.26236662335458E+18
2700	2.34497925185971E+18
2710	2.42100080394184E+18
2720	2.48897362127564E+18
2730	2.5480647340729E+18
2740	2.59771625251101E+18
2750	2.63871586530016E+18
2760	2.67254309869838E+18
2770	2.70104943008336E+18
2780	2.72738453720561E+18
2790	2.75503547304353E+18
2800	2.78747962309418E+18
2810	2.82823038554449E+18
2820	2.88090873185531E+18
2830	2.94860342494954E+18
2840	3.03280167200914E+18
2850	3.13497822172726E+18
2860	3.2560108754543E+18
2870	3.39468482537741E+18
2880	3.54932848784121E+18
2890	3.71781639274073E+18
2900	3.89699552099353E+18
2910	4.08304994943579E+18
2920	4.27174836333507E+18
2930	4.45913499997478E+18
2940	4.64104911412058E+18
2950	4.81309508347327E+18
2960	4.97165244887045E+18
2970	5.11354753289169E+18
2980	5.23571354089233E+18
2990	5.33609660686854E+18
3000	5.41375650874369E+18
3010	5.46809625737332E+18
3020	5.49975669436239E+18
3030	5.51195573083406E+18
3040	5.50837245050807E+18
3050	5.49299610272136E+18
3060	5.47256678280763E+18
3070	5.45497720500829E+18
3080	5.44771888550739E+18
3090	5.45785752515858E+18
3100	5.49211687597758E+18
3110	5.55737078239438E+18
3120	5.66057472300794E+18
3130	5.80450868634411E+18
3140	5.98946536719166E+18
3150	6.21628371310235E+18
3160	6.48524821845152E+18
3170	6.7925318043058E+18
3180	7.13266669336385E+18
3190	7.4992191493108E+18
3200	7.88519420054731E+18
3210	8.28364884883262E+18
3220	8.68665196364125E+18
3230	9.08520691478823E+18
3240	9.47116077193846E+18
3250	9.83812372410192E+18
3260	1.0179627726309E+19
3270	1.04891810191132E+19
3280	1.07617069752871E+19
3290	1.09938620286661E+19
3300	1.11828378394468E+19
3310	1.13263629945415E+19
3320	1.14232450462298E+19
3330	1.14734602387059E+19
3340	1.1477563735051E+19
3350	1.14366405596301E+19
3360	1.13536870366359E+19
3370	1.1234301525444E+19
3380	1.10842721739233E+19
3390	1.09092224124684E+19
3400	1.07170430788442E+19
3410	1.05227978727673E+19
3420	1.03415124047343E+19
3430	1.01866752103944E+19
3440	1.00705807200728E+19
3450	1.00047403634458E+19
3460	1.00004995105955E+19
3470	1.00697285579838E+19
3480	1.02254999355998E+19
3490	1.04754705867156E+19
3500	1.08157089798772E+19
3510	1.12419891301905E+19
3520	1.1750522881559E+19
3530	1.23370337904184E+19
3540	1.29931492939686E+19
3550	1.37068106014761E+19
3560	1.44635457415087E+19
3570	1.52461603443045E+19
3580	1.60365582212641E+19
3590	1.68221040553973E+19
3600	1.75910132233279E+19
3610	1.83308157352294E+19
3620	1.90286348928638E+19
3630	1.96732834457146E+19
3640	2.02581872984681E+19
3650	2.07781006505098E+19
3660	2.12285667070586E+19
3670	2.16059552554139E+19
3680	2.19080833982751E+19
3690	2.21348651599708E+19
3700	2.22871139665274E+19
3710	2.23662951895025E+19
3720	2.23744408392056E+19
3730	2.23143239322446E+19
3740	2.21898005477337E+19
3750	2.20050994356588E+19
3760	2.17646154991808E+19
3770	2.14728382353641E+19
3780	2.11340858300636E+19
3790	2.07515724167388E+19
3800	2.03282431287564E+19
3810	1.98671719911089E+19
3820	1.93715432033961E+19
3830	1.88450807606955E+19
3840	1.83013340301171E+19
3850	1.77617486579375E+19
3860	1.72453006904184E+19
3870	1.67683428185925E+19
3880	1.63450529104524E+19
3890	1.59890172678369E+19
3900	1.57172791970463E+19
3910	1.55473997659072E+19
3920	1.54970403159616E+19
3930	1.55850650393824E+19
3940	1.58326662868667E+19
3950	1.62504396988178E+19
3960	1.6824552833891E+19
3970	1.75388346474587E+19
3980	1.83759936855752E+19
3990	1.93160560115283E+19
4000	2.03352781977934E+19
4010	2.14095969706122E+19
4020	2.2517369601102E+19
4030	2.36353346184028E+19
4040	2.47388942251121E+19
4050	2.58030142563336E+19
4060	2.68033360274562E+19
4070	2.77226729655842E+19
4080	2.8554744934797E+19
4090	2.92958858729259E+19
4100	2.99441332697886E+19
4110	3.04990697294037E+19
4120	3.0961617636476E+19
4130	3.13342073928147E+19
4140	3.16212983559515E+19
4150	3.18279822983794E+19
4160	3.19595272826918E+19
4170	3.20212262352548E+19
4180	3.20182807011387E+19
4190	3.19557112621575E+19
4200	3.18382427894589E+19
4210	3.167028015291E+19
4220	3.1455935276379E+19
4230	3.11990320196052E+19
4240	3.09031179424717E+19
4250	3.057148086348E+19
4260	3.02072575394969E+19
4270	2.9813702205847E+19
4280	2.93939076402225E+19
4290	2.89507279655446E+19
4300	2.84867930908307E+19
4310	2.80045226238905E+19
4320	2.75061379063719E+19
4330	2.6993085764887E+19
4340	2.6465231631204E+19
4350	2.59223090279695E+19
4360	2.53641924870385E+19
4370	2.47909116879886E+19
4380	2.42026643356218E+19
4390	2.35998276329212E+19
4400	2.29843803966322E+19
4410	2.2362678395484E+19
4420	2.17411410872246E+19
4430	2.11252749476804E+19
4440	2.05197478828957E+19
4450	1.99284906701185E+19
4460	1.93548159960895E+19
4470	1.88031440113093E+19
4480	1.82910504446562E+19
4490	1.78419980659266E+19
4500	1.74784145728496E+19
4510	1.72219709174677E+19
4520	1.70940660925899E+19
4530	1.71164526585482E+19
4540	1.73118630315202E+19
4550	1.76905796179091E+19
4560	1.82316352327279E+19
4570	1.89085652479065E+19
4580	1.9692173610832E+19
4590	2.05494642759801E+19
4600	2.14434966888402E+19
4610	2.2334348983127E+19
4620	2.31813716021067E+19
4630	2.39556138307125E+19
4640	2.46463542995354E+19
4650	2.52487378828984E+19
4660	2.57623133641599E+19
4670	2.61902077126528E+19
4680	2.65380676907884E+19
4690	2.68129841723272E+19
4700	2.70225764890648E+19
4710	2.71744163969024E+19
4720	2.72755438501959E+19
4730	2.73321297571431E+19
4740	2.73495854609043E+19
4750	2.73326805998812E+19
4760	2.72856319267985E+19
4770	2.72121689576964E+19
4780	2.7115583794698E+19
4790	2.69987625412146E+19
4800	2.68641816493336E+19
4810	2.67139799938904E+19
4820	2.65500067406143E+19
4830	2.63738489475542E+19
4840	2.61868588910735E+19
4850	2.59901807180328E+19
4860	2.5784776044262E+19
4870	2.55714481726369E+19
4880	2.53508538798729E+19
4890	2.51235104783813E+19
4900	2.48898373864112E+19
4910	2.46501769081601E+19
4920	2.44048100300828E+19
4930	2.41539710192882E+19
4940	2.38978608753092E+19
4950	2.36366596650877E+19
4960	2.33705373492986E+19
4970	2.30995356724789E+19
4980	2.28233878195722E+19
4990	2.25417842141238E+19
5000	2.22544248255003E+19
5010	2.19610264502258E+19
5020	2.1661330840063E+19
5030	2.13551135594118E+19
5040	2.10421933922712E+19
5050	2.07224420496745E+19
5060	2.03959318132299E+19
5070	2.00637822213735E+19
5080	1.97276100695454E+19
5090	1.93890931630944E+19
5100	1.90499397471076E+19
5110	1.87118561976462E+19
5120	1.83765142124653E+19
5130	1.80455200767545E+19
5140	1.772038810987E+19
5150	1.74025189370178E+19
5160	1.70920385030573E+19
5170	1.67856569169572E+19
5180	1.64796599173298E+19
5190	1.61705961184339E+19
5200	1.58553072965923E+19
5210	1.55309557419528E+19
5220	1.51950482744383E+19
5230	1.4845453017463E+19
5240	1.44804013572985E+19
5250	1.4098464097302E+19
5260	1.37013963347666E+19
5270	1.33018280293429E+19
5280	1.29131803132757E+19
5290	1.25469065988168E+19
5300	1.22130536833415E+19
5310	1.19209154225733E+19
5320	1.16796206920968E+19
5330	1.14985884081094E+19
5340	1.13878803503203E+19
5350	1.13585484683355E+19
5360	1.14226054509913E+19
5370	1.15828048296605E+19
5380	1.18319656695555E+19
5390	1.21621997803738E+19
5400	1.25640202677467E+19
5410	1.30247654350766E+19
5420	1.35270523381585E+19
5430	1.40478771711031E+19
5440	1.4559241982431E+19
5450	1.50310032668986E+19
5460	1.54357530575603E+19
5470	1.57545644023086E+19
5480	1.5984866069643E+19
5490	1.61354966069872E+19
5500	1.62185833641812E+19
5510	1.62472514620986E+19
5520	1.62340042820098E+19
5530	1.61897331914353E+19
5540	1.6123299510172E+19
5550	1.6041534906766E+19
5560	1.59494853789277E+19
5570	1.58507538163952E+19
5580	1.57478456255812E+19
5590	1.56424581929656E+19
5600	1.5535722198249E+19
5610	1.54284034315917E+19
5620	1.53210153287686E+19
5630	1.52138976635244E+19
5640	1.51072727244531E+19
5650	1.50012843208911E+19
5660	1.48960243001097E+19
5670	1.47915502938114E+19
5680	1.46878974634295E+19
5690	1.45850862171846E+19
5700	1.44831272583844E+19
5710	1.43820247977842E+19
5720	1.42817787136827E+19
5730	1.41823861039177E+19
5740	1.40838421814525E+19
5750	1.39861408566761E+19
5760	1.38892751211624E+19
5770	1.37932372966215E+19
5780	1.36980191905157E+19
5790	1.3603612185081E+19
5800	1.35100072767067E+19
5810	1.34171950760649E+19
5820	1.33251657749569E+19
5830	1.3233909062655E+19
5840	1.31434139363456E+19
5850	1.3053668591028E+19
5860	1.29646602448685E+19
5870	1.28763748906675E+19
5880	1.27887969909534E+19
5890	1.27019091094101E+19
5900	1.2615691471621E+19
5910	1.25301214491412E+19
5920	1.24451729628798E+19
5930	1.23608158048608E+19
5940	1.22770148817836E+19
5950	1.21937293894885E+19
5960	1.21109115202407E+19
5970	1.20285037155649E+19
5980	1.1946437551565E+19
5990	1.18646322228204E+19
6000	1.17829925810661E+19
6010	1.17014070496622E+19
6020	1.16197454667696E+19
6030	1.15378569315006E+19
6040	1.14555677506599E+19
6050	1.13726796077593E+19
6060	1.12889680990341E+19
6070	1.12041818009664E+19
6080	1.11180420477398E+19
6090	1.10302445811599E+19
6100	1.09404889538759E+19
6110	1.08485021202593E+19
6120	1.07540312646414E+19
6130	1.065685399342E+19
6140	1.05567894278577E+19
6150	1.0453708417313E+19
6160	1.03475421900621E+19
6170	1.02382888557104E+19
6180	1.01260173262946E+19
6190	1.00108684142434E+19
6200	9.89305307207416E+18
6210	9.77284793830286E+18
6220	9.65058852667499E+18
6230	9.52665656565592E+18
6240	9.40121951555783E+18
6250	9.2740270887085E+18
6260	9.1447340703164E+18
6270	9.01294671405226E+18
6280	8.87823782326889E+18
6290	8.74016262320769E+18
6300	8.59827580807734E+18
6310	8.45215014333965E+18
6320	8.30139691094823E+18
6330	8.14568830162244E+18
6340	7.98478158266648E+18
6350	7.81854450771028E+18
6360	7.64698100301815E+18
6370	7.47025569719357E+18
6380	7.28877404628017E+18
6390	7.10442334222688E+18
6400	6.92036253949208E+18
6410	6.73957871079597E+18
6420	6.56470603380822E+18
6430	6.39794200316178E+18
6440	6.24101080667426E+18
6450	6.09517164235048E+18
6460	5.96126368934376E+18
6470	5.83977671198999E+18
6480	5.73093637505353E+18
6490	5.63479531308203E+18
6500	5.55132382120808E+18
6510	5.48049693523521E+18
6520	5.42237716624465E+18
6530	5.37719402995991E+18
6540	5.3452256790559E+18
6550	5.32618756737975E+18
6560	5.31992976194452E+18
6570	5.32666642790957E+18
6580	5.34692956842537E+18
6590	5.38150775508087E+18
6600	5.43136404751631E+18
6610	5.49752828962244E+18
6620	5.58095962788255E+18
6630	5.68237540331157E+18
6640	5.80204302293602E+18
6650	5.93953303046816E+18
6660	6.09343594987115E+18
6670	6.26105504616287E+18
6680	6.43810606147114E+18
6690	6.6184896867367E+18
6700	6.79420649462125E+18
6710	6.95518205324672E+18
6720	7.09096727631689E+18
6730	7.19329580834949E+18
6740	7.25816488177379E+18
6750	7.28701438158928E+18
6760	7.28617352370115E+18
6770	7.26459561468044E+18
6780	7.23097276513582E+18
6790	7.1916978658977E+18
6800	7.15041032215349E+18
6810	7.10871345442064E+18
6820	7.06714937875432E+18
6830	7.02585660423388E+18
6840	6.98486032399522E+18
6850	6.94416209948226E+18
6860	6.90375981286139E+18
6870	6.86365092971793E+18
6880	6.8238329002596E+18
6890	6.78430319738839E+18
6900	6.74505931937826E+18
6910	6.70609878977829E+18
6920	6.66741915713325E+18
6930	6.6290179946964E+18
6940	6.59089290014546E+18
6950	6.55304149530191E+18
6960	6.5154614258542E+18
6970	6.47815036108436E+18
6980	6.44110599359814E+18
6990	6.40432603905869E+18
7000	6.36780823592357E+18
7010	6.33155034518521E+18
7020	6.29555015011461E+18
7030	6.25980545600839E+18
7040	6.22431408993904E+18
7050	6.18907390050828E+18
7060	6.1540827576037E+18
7070	6.11933855215835E+18
7080	6.08483919591348E+18
7090	6.05058262118425E+18
7100	6.01656678062836E+18
7110	5.98278964701769E+18
7120	5.94924921301275E+18
7130	5.91594349094E+18
7140	5.88287051257196E+18
7150	5.85002832891009E+18
7160	5.81741500997042E+18
7170	5.78502864457179E+18
7180	5.75286734012681E+18
7190	5.72092922243542E+18
7200	5.68921243548097E+18
7210	5.65771514122894E+18
7220	5.62643551942806E+18
7230	5.59537176741396E+18
7240	5.56452209991524E+18
7250	5.53388474886196E+18
7260	5.50345796319647E+18
7270	5.47324000868658E+18
7280	5.44322916774107E+18
7290	5.41342373922744E+18
7300	5.38382203829191E+18
7310	5.35442239618161E+18
7320	5.32522316006903E+18
7330	5.29622269287851E+18
7340	5.26741937311491E+18
7350	5.23881159469445E+18
7360	5.21039776677741E+18
7370	5.18217631360312E+18
7380	5.15414567432672E+18
7390	5.1263043028581E+18
7400	5.09865066770261E+18
7410	5.07118325180376E+18
7420	5.04390055238766E+18
7430	5.01680108080909E+18
7440	4.9898833623987E+18
7450	4.96314593631065E+18
7460	4.93658735536867E+18
7470	4.91020618590668E+18
7480	4.8840010075961E+18
7490	4.85797041324383E+18
7500	4.83211300853018E+18
7510	4.80642741162922E+18
7520	4.78091225260671E+18
7530	4.75556617241187E+18
7540	4.73038782114988E+18
7550	4.70537585512072E+18
7560	4.68052893180699E+18
7570	4.65584570155696E+18
7580	4.63132479410872E+18
7590	4.60696479731316E+18
7600	4.58276422443502E+18
7610	4.55872146526998E+18
7620	4.53483471508523E+18
7630	4.51110187420068E+18
7640	4.48752041006551E+18
7650	4.4640871731938E+18
7660	4.44079815375689E+18
7670	4.41764814796397E+18
7680	4.39463034519504E+18
7690	4.37173581508245E+18
7700	4.34895287941006E+18
7710	4.32626636282409E+18
7720	4.30365671959581E+18
7730	4.28109904086511E+18
7740	4.25856195599067E+18
7750	4.23600645267638E+18
7760	4.21338465304966E+18
7770	4.19063859620092E+18
7780	4.16769909097483E+18
7790	4.14448471492846E+18
7800	4.1209010450744E+18
7810	4.0968402119717E+18
7820	4.07218086962935E+18
7830	4.04678866845198E+18
7840	4.02051730632802E+18
7850	3.99321021365889E+18
7860	3.96470290195308E+18
7870	3.93482597351036E+18
7880	3.90340944921823E+18
7890	3.8703044051734E+18
7900	3.83539864934334E+18
7910	3.79861278128443E+18
7920	3.75990514909035E+18
7930	3.71927574290344E+18
7940	3.67676817420596E+18
7950	3.63246962182389E+18
7960	3.58650879264876E+18
7970	3.53905209640043E+18
7980	3.49029835371973E+18
7990	3.44047243596474E+18
8000	3.38981827027564E+18
8010	3.33859163758258E+18
8020	3.28705315140943E+18
8030	3.23546174122997E+18
8040	3.18406888614926E+18
8050	3.13311376246527E+18
8060	3.08281939015796E+18
8070	3.03338979428898E+18
8080	2.98500814112792E+18
8090	2.93783576695506E+18
8100	2.89201198969498E+18
8110	2.84765457842555E+18
8120	2.80484737110763E+18
8130	2.76348759090602E+18
8140	2.72335159176879E+18
8150	2.68421758478219E+18
8160	2.64587166699379E+18
8170	2.60811069027674E+18
8180	2.57074459673182E+18
8190	2.53359842448757E+18
8200	2.49651413123962E+18
8210	2.45935233505933E+18
8220	2.42199403045119E+18
8230	2.38434230023532E+18
8240	2.34632400902303E+18
8250	2.30789143100297E+18
8260	2.26902373345477E+18
8270	2.2297282087368E+18
8280	2.19004112320662E+18
8290	2.15002803409028E+18
8300	2.109783417525E+18
8310	2.06942945531013E+18
8320	2.02911384522968E+18
8330	1.98900652764748E+18
8340	1.94929525057963E+18
8350	1.91017990729696E+18
8360	1.87186553994526E+18
8370	1.83455521645243E+18
8380	1.79855125960224E+18
8390	1.76426147136146E+18
8400	1.73194939320599E+18
8410	1.701715854003E+18
8420	1.67351106127E+18
8430	1.64715346006446E+18
8440	1.62235728831948E+18
8450	1.59877016516005E+18
8460	1.57601959277926E+18
8470	1.55376388132708E+18
8480	1.5317403626672E+18
8490	1.50980321177245E+18
8500	1.48794507015467E+18
8510	1.46630016875451E+18
8520	1.44513041012001E+18
8530	1.42479867243523E+18
8540	1.40573483237328E+18
8550	1.38839972634276E+18
8560	1.37325097094129E+18
8570	1.3607128641888E+18
8580	1.35115102136031E+18
8590	1.34485132267394E+18
8600	1.3420023791624E+18
8610	1.34268120955633E+18
8620	1.34684333818618E+18
8630	1.35432130141507E+18
8640	1.36483820715204E+18
8650	1.37793597492968E+18
8660	1.39302570808615E+18
8670	1.4097488325897E+18
8680	1.42814929001686E+18
8690	1.44880464797558E+18
8700	1.47290064512297E+18
8710	1.50221468058924E+18
8720	1.53899404501708E+18
8730	1.5857407914527E+18
8740	1.64492108910887E+18
8750	1.71858285208978E+18
8760	1.80781225577869E+18
8770	1.91195861030772E+18
8780	2.02768760070563E+18
8790	2.14820930140819E+18
8800	2.2633777823623E+18
8810	2.36147717148571E+18
8820	2.43288286837342E+18
8830	2.47417121393471E+18
8840	2.48972632804498E+18
8850	2.48887202594272E+18
8860	2.48052556468626E+18
8870	2.46988419467583E+18
8880	2.45883619875717E+18
8890	2.44779515664691E+18
8900	2.43681247585748E+18
8910	2.42589120639991E+18
8920	2.41503105017391E+18
8930	2.40423159899964E+18
8940	2.39349244615541E+18
8950	2.38281318808388E+18
8960	2.3721934243752E+18
8970	2.36163275773897E+18
8980	2.35113079397658E+18
8990	2.34068714195368E+18
9000	2.33030141357301E+18
9010	2.31997322374746E+18
9020	2.30970219037347E+18
9030	2.29948793430456E+18
9040	2.28933007932527E+18
9050	2.27922825212528E+18
9060	2.26918208227378E+18
9070	2.25919120219411E+18
9080	2.24925524713871E+18
9090	2.23937385516418E+18
9100	2.22954666710674E+18
9110	2.21977332655783E+18
9120	2.21005347983997E+18
9130	2.20038677598288E+18
9140	2.19077286669985E+18
9150	2.18121140636428E+18
9160	2.17170205198647E+18
9170	2.16224446319073E+18
9180	2.15283830219254E+18
9190	2.14348323377611E+18
9200	2.13417892527203E+18
9210	2.12492504653521E+18
9220	2.11572126992301E+18
9230	2.10656727027358E+18
9240	2.09746272488441E+18
9250	2.08840731349112E+18
9260	2.07940071824641E+18
9270	2.07044262369924E+18
9280	2.06153271677418E+18
9290	2.05267068675105E+18
9300	2.04385622524462E+18
9310	2.03508902618462E+18
9320	2.02636878579591E+18
9330	2.01769520257879E+18
9340	2.00906797728958E+18
9350	2.00048681292131E+18
9360	1.9919514146847E+18
9370	1.98346148998917E+18
9380	1.97501674842419E+18
9390	1.96661690174068E+18
9400	1.9582616638327E+18
9410	1.94995075071921E+18
9420	1.94168388052608E+18
9430	1.93346077346825E+18
9440	1.925281151832E+18
9450	1.91714473995753E+18
9460	1.90905126422156E+18
9470	1.90100045302014E+18
9480	1.89299203675169E+18
9490	1.88502574780012E+18
9500	1.8771013205181E+18
9510	1.86921849121061E+18
9520	1.86137699811847E+18
9530	1.85357658140217E+18
9540	1.84581698312578E+18
9550	1.83809794724103E+18
9560	1.83041921957154E+18
9570	1.8227805477972E+18
9580	1.81518168143868E+18
9590	1.80762237184211E+18
9600	1.8001023721639E+18
9610	1.79262143735566E+18
9620	1.78517932414934E+18
9630	1.77777579104243E+18
9640	1.77041059828332E+18
9650	1.76308350785687E+18
9660	1.75579428346998E+18
9670	1.7485426905374E+18
9680	1.74132849616763E+18
9690	1.73415146914898E+18
9700	1.72701137993569E+18
9710	1.71990800063429E+18
9720	1.71284110498993E+18
9730	1.70581046837305E+18
9740	1.69881586776594E+18
9750	1.69185708174958E+18
9760	1.68493389049059E+18
9770	1.6780460757282E+18
9780	1.67119342076146E+18
9790	1.66437571043646E+18
9800	1.65759273113379E+18
9810	1.65084427075598E+18
9820	1.64413011871517E+18
9830	1.63745006592078E+18
9840	1.63080390476745E+18
9850	1.62419142912291E+18
9860	1.61761243431607E+18
9870	1.61106671712523E+18
9880	1.60455407576631E+18
9890	1.59807430988127E+18
9900	1.59162722052661E+18
9910	1.58521261016193E+18
9920	1.57883028263868E+18
9930	1.57248004318894E+18
9940	1.5661616984143E+18
9950	1.55987505627491E+18
9960	1.55361992607858E+18
9970	1.54739611846993E+18
9980	1.54120344541977E+18
9990	1.53504172021442E+18
10000	1.52891075744525E+18
10010	1.52281037299825E+18
10020	1.51674038404372E+18
10030	1.51070060902602E+18
10040	1.50469086765344E+18
10050	1.49871098088817E+18
10060	1.49276077093633E+18
10070	1.48684006123811E+18
10080	1.48094867645798E+18
10090	1.475086442475E+18
10100	1.46925318637322E+18
10110	1.46344873643216E+18
10120	1.45767292211736E+18
10130	1.45192557407106E+18
10140	1.44620652410287E+18
10150	1.44051560518064E+18
10160	1.43485265142135E+18
10170	1.42921749808205E+18
10180	1.42360998155091E+18
10190	1.4180299393384E+18
10200	1.41247721006843E+18
10210	1.40695163346963E+18
10220	1.40145305036654E+18
10230	1.39598130267078E+18
10240	1.39053623337158E+18
10250	1.3851176865253E+18
10260	1.37972550724191E+18
10270	1.3743595416653E+18
10280	1.36901963694014E+18
10290	1.36370564115192E+18
10300	1.35841740321478E+18
10310	1.3531547726624E+18
10320	1.34791759926622E+18
10330	1.34270573235643E+18
10340	1.33751901965154E+18
10350	1.33235730530549E+18
10360	1.32722042675391E+18
10370	1.32210820978478E+18
10380	1.31702046107847E+18
10390	1.31195695727194E+18
10400	1.30691742942384E+18
10410	1.30190154162136E+18
10420	1.29690886241354E+18
10430	1.2919388278175E+18
10440	1.28699069485981E+18
10450	1.28206348501145E+18
10460	1.27715591745836E+18
10470	1.27226633290959E+18
10480	1.26739260954058E+18
10490	1.26253207363932E+18
10500	1.2576814084842E+18
10510	1.25283656584069E+18
10520	1.24799268512299E+18
10530	1.24314402564235E+18
10540	1.23828391739069E+18
10550	1.23340473545208E+18
10560	1.22849790239676E+18
10570	1.22355392192752E+18
10580	1.21856244568453E+18
10590	1.21351237356621E+18
10600	1.20839198629739E+18
10610	1.20318910738644E+18
10620	1.19789129016719E+18
10630	1.19248602441101E+18
10640	1.18696095609023E+18
10650	1.18130411331929E+18
10660	1.17550413131086E+18
10670	1.16955046935017E+18
10680	1.16343361327967E+18
10690	1.15714525774543E+18
10700	1.15067846342601E+18
10710	1.14402778557241E+18
10720	1.13718917923764E+18
10730	1.13015937331982E+18
10740	1.12293624001142E+18
10750	1.11551894318299E+18
10760	1.1079079155644E+18
10770	1.10010482012568E+18
10780	1.09211249780513E+18
10790	1.08393490378421E+18
10800	1.07557703448996E+18
10810	1.06704484743011E+18
10820	1.05834517584616E+18
10830	1.04948564001736E+18
10840	1.04047455687384E+18
10850	1.03132084939021E+18
10860	1.0220339570384E+18
10870	1.01262374838806E+18
10880	1.00310043675771E+18
10890	9.93474499645918E+17
10900	9.83756602509593E+17
10910	9.7395752730962E+17
10920	9.64088106112026E+17
10930	9.54159159917014E+17
10940	9.44181442787684E+17
10950	9.34165591264791E+17
10960	9.24122078982545E+17
10970	9.14061176342162E+17
10980	9.03992915053486E+17
10990	8.93927057319311E+17
11000	8.83873069410672E+17
11010	8.73840099363461E+17
11020	8.6383695851558E+17
11030	8.53872106599035E+17
11040	8.43953640101264E+17
11050	8.34089283614209E+17
11060	8.24286383896995E+17
11070	8.14551906388092E+17
11080	8.048924339147E+17
11090	7.95314167360524E+17
11100	7.85822928067202E+17
11110	7.76424161759608E+17
11120	7.67122943800194E+17
11130	7.57923985592478E+17
11140	7.48831641968623E+17
11150	7.3984991941022E+17
11160	7.30982531415784E+17
11170	7.22234827938922E+17
11180	7.13614304989403E+17
11190	7.05127945441508E+17
11200	6.96782014275838E+17
11210	6.88582059863018E+17
11220	6.80532921536344E+17
11230	6.72638742850885E+17
11240	6.64902989895392E+17
11250	6.57328474008034E+17
11260	6.49917378245887E+17
11270	6.42671286969469E+17
11280	6.35591217925423E+17
11290	6.28677656240981E+17
11300	6.21930589781085E+17
11310	6.15349545361355E+17
11320	6.08933625355915E+17
11330	6.02681544286726E+17
11340	5.9659166502958E+17
11350	5.90662034319822E+17
11360	5.84890417287421E+17
11370	5.79274330795186E+17
11380	5.73811075395085E+17
11390	5.68497765755E+17
11400	5.63331359441313E+17
11410	5.58308683971019E+17
11420	5.53426462070403E+17
11430	5.48681335095772E+17
11440	5.44069884585894E+17
11450	5.39588651926774E+17
11460	5.35234156118937E+17
11470	5.31002909647611E+17
11480	5.26891432469772E+17
11490	5.22896264151161E+17
11500	5.19013974213104E+17
11510	5.15241170783961E+17
11520	5.11574507692783E+17
11530	5.08010690190836E+17
11540	5.04546479536377E+17
11550	5.01178696724174E+17
11560	4.97904225678102E+17
11570	4.94720016247117E+17
11580	4.91623087347328E+17
11590	4.88610530572847E+17
11600	4.8567951455478E+17
11610	4.82827290282719E+17
11620	4.8005119752033E+17
11630	4.7734867235179E+17
11640	4.74717255795879E+17
11650	4.72154008561984E+17
11660	4.69652767225756E+17
11670	4.67206555837198E+17
11680	4.64808816922892E+17
11690	4.62453363171164E+17
11700	4.60134331416517E+17
11710	4.57846139901085E+17
11720	4.55583448143131E+17
11730	4.53341118734692E+17
11740	4.5111418036867E+17
11750	4.48897791362033E+17
11760	4.46687202898336E+17
11770	4.44477721161353E+17
11780	4.42264667474858E+17
11790	4.40043335504252E+17
11800	4.37808944517839E+17
11810	4.3555658765448E+17
11820	4.33281174106987E+17
11830	4.30977364116587E+17
11840	4.28639495694991E+17
11850	4.26261502062444E+17
11860	4.23836818931328E+17
11870	4.21358280997874E+17
11880	4.18818007355027E+17
11890	4.16207276035985E+17
11900	4.13516388570078E+17
11910	4.10734526309039E+17
11920	4.07849601386304E+17
11930	4.04848106519548E+17
11940	4.01714969456157E+17
11950	3.98433419669206E+17
11960	3.94984876882965E+17
11970	3.91348873047767E+17
11980	3.87503021353935E+17
11990	3.83423047581836E+17
12000	3.79082900288579E+17
12010	3.74454956747046E+17
12020	3.69510340869728E+17
12030	3.64219367259513E+17
12040	3.58552121763713E+17
12050	3.52479183284687E+17
12060	3.45972484080107E+17
12070	3.3900629651886E+17
12080	3.31558323628849E+17
12090	3.23610859417288E+17
12100	3.15151973742125E+17
12110	3.06176666538418E+17
12120	2.96687928633548E+17
12130	2.86697642375434E+17
12140	2.76227255830474E+17
12150	2.65308170034666E+17
12160	2.53981789887912E+17
12170	2.42299205395479E+17
12180	2.30326107014799E+17
12190	2.18160595633519E+17
12200	2.05911495460064E+17
12210	1.93687443390083E+17
12220	1.81593224446801E+17
12230	1.69726519955222E+17
12240	1.58175252925346E+17
12250	1.47015640530864E+17
12260	1.36310989137749E+17
12270	1.2611120234273E+17
12280	1.16452922628146E+17
12290	1.07360194866354E+17
12300	9.88455245003687E+16
12310	9.09112022757026E+16
12320	8.35507773209039E+16
12330	7.67505773296734E+16
12340	7.04911950726495E+16
12350	6.47488816199144E+16
12360	5.94968064461905E+16
12370	5.47061617564588E+16
12380	5.03471023047656E+16
12390	4.63895225760035E+16
12400	4.28036806877577E+16
12410	3.95606831693587E+16
12420	3.66328473940831E+16
12430	3.39939593895213E+16
12440	3.16194444989102E+16
12450	2.94864673124008E+16
12460	2.75739757536586E+16
12470	2.58627024401526E+16
12480	2.43351346137795E+16
12490	2.29754621845331E+16
12500	2.17695118217249E+16
12510	2.0704673609205E+16
12520	1.97698255736005E+16
12530	1.8955260402224E+16
12540	1.82526178847027E+16
12550	1.76548260291956E+16
12560	1.71560534086137E+16
12570	1.67516750740402E+16
12580	1.64382543242864E+16
12590	1.62135427396514E+16
12600	1.6076501177799E+16
12610	1.60273449006212E+16
12620	1.60676166714338E+16
12630	1.62002925594755E+16
12640	1.64299263512217E+16
12650	1.67628399443223E+16
12660	1.72073689502362E+16
12670	1.77741750264453E+16
12680	1.84766392760727E+16
12690	1.93313544680592E+16
12700	2.03587379028141E+16
12710	2.15837914841658E+16
12720	2.30370408572519E+16
12730	2.47556910203639E+16
12740	2.67850409131715E+16
12750	2.91802027287181E+16
12760	3.20061246231118E+16
12770	3.53325784338229E+16
12780	3.92395717697641E+16
12790	4.38201250613454E+16
12800	4.91810992470063E+16
12810	5.54434192328996E+16
12820	6.27412432046011E+16
12830	7.12194418606713E+16
12840	8.10285327435048E+16
12850	9.2315994379942E+16
12860	1.05212737217861E+17
12870	1.19813578654832E+17
12880	1.36151105060239E+17
12890	1.54163668229726E+17
12900	1.73660887556177E+17
12910	1.94294206971084E+17
12920	2.15545471036374E+17
12930	2.36751402740589E+17
12940	2.57182256173155E+17
12950	2.76182535753425E+17
12960	2.93355129887271E+17
12970	3.0873077759551E+17
12980	3.22833993586107E+17
12990	3.36572151111227E+17
13000	3.50958770637219E+17
13010	3.66792398539735E+17
13020	3.84444234863529E+17
13030	4.03809058567693E+17
13040	4.24348945909318E+17
13050	4.45151302879879E+17
13060	4.65010437616241E+17
13070	4.8259365905138E+17
13080	4.96719244065957E+17
13090	5.0668924095814E+17
13100	5.12532206571564E+17
13110	5.14990007806095E+17
13120	5.15200346651134E+17
13130	5.14242926755508E+17
13140	5.12832676129904E+17
13150	5.11300874402446E+17
13160	5.09751395352522E+17
13170	5.08205114818359E+17
13180	5.06664522438796E+17
13190	5.05129757931287E+17
13200	5.03600800244746E+17
13210	5.02077623111195E+17
13220	5.00560200325307E+17
13230	4.99048505819849E+17
13240	4.97542513665249E+17
13250	4.96042198068766E+17
13260	4.94547533373666E+17
13270	4.93058494058401E+17
13280	4.915750547358E+17
13290	4.90097190152256E+17
13300	4.88624875186928E+17
13310	4.8715808485094E+17
13320	4.85696794286593E+17
13330	4.84240978766574E+17
13340	4.82790613693179E+17
13350	4.81345674597535E+17
13360	4.79906137138834E+17
13370	4.78471977103558E+17
13380	4.7704317040473E+17
13390	4.75619693081149E+17
13400	4.74201521296647E+17
13410	4.7278863133934E+17
13420	4.71380999620891E+17
13430	4.69978602675771E+17
13440	4.68581417160532E+17
13450	4.67189419853081E+17
13460	4.65802587651957E+17
13470	4.64420897575621E+17
13480	4.63044326761738E+17
13490	4.61672852466476E+17
13500	4.60306452063804E+17
13510	4.58945103044792E+17
13520	4.57588783016922E+17
13530	4.56237469703401E+17
13540	4.54891140942474E+17
13550	4.53549774686749E+17
13560	4.52213349002523E+17
13570	4.50881842069111E+17
13580	4.4955523217818E+17
13590	4.48233497733092E+17
13600	4.46916617248245E+17
13610	4.45604569348421E+17
13620	4.4429733276814E+17
13630	4.42994886351014E+17
13640	4.41697209049112E+17
13650	4.40404279922319E+17
13660	4.39116078137713E+17
13670	4.3783258296893E+17
13680	4.36553773795549E+17
13690	4.35279630102467E+17
13700	4.34010131479292E+17
13710	4.32745257619724E+17
13720	4.31484988320957E+17
13730	4.30229303483072E+17
13740	4.28978183108439E+17
13750	4.27731607301123E+17
13760	4.26489556266293E+17
13770	4.25252010309638E+17
13780	4.24018949836779E+17
13790	4.22790355352694E+17
13800	4.21566207461142E+17
13810	4.20346486864089E+17
13820	4.19131174361144E+17
13830	4.1792025084899E+17
13840	4.16713697320828E+17
13850	4.15511494865818E+17
13860	4.14313624668525E+17
13870	4.13120068008372E+17
13880	4.11930806259091E+17
13890	4.10745820888181E+17
13900	4.09565093456369E+17
13910	4.08388605617078E+17
13920	4.07216339115888E+17
13930	4.06048275790012E+17
13940	4.04884397567772E+17
13950	4.03724686468073E+17
13960	4.02569124599884E+17
13970	4.01417694161729E+17
13980	4.00270377441168E+17
13990	3.99127156814294E+17
14000	3.97988014745223E+17
14010	3.96852933785596E+17
14020	3.95721896574075E+17
14030	3.94594885835855E+17
14040	3.93471884382163E+17
14050	3.92352875109774E+17
14060	3.91237841000525E+17
14070	3.90126765120827E+17
14080	3.8901963062119E+17
14090	3.87916420735745E+17
14100	3.86817118781767E+17
14110	3.8572170815921E+17
14120	3.84630172350231E+17
14130	3.83542494918733E+17
14140	3.82458659509897E+17
14150	3.81378649849727E+17
14160	3.80302449744593E+17
14170	3.79230043080774E+17
14180	3.78161413824015E+17
14190	3.77096546019073E+17
14200	3.76035423789272E+17
14210	3.7497803133607E+17
14220	3.73924352938606E+17
14230	3.72874372953277E+17
14240	3.71828075813297E+17
14250	3.70785446028268E+17
14260	3.6974646818375E+17
14270	3.6871112694084E+17
14280	3.67679407035747E+17
14290	3.66651293279369E+17
14300	3.65626770556881E+17
14310	3.64605823827315E+17
14320	3.63588438123151E+17
14330	3.62574598549909E+17
14340	3.61564290285737E+17
14350	3.60557498581009E+17
14360	3.59554208757926E+17
14370	3.5855440621011E+17
14380	3.57558076402213E+17
14390	3.56565204869522E+17
14400	3.55575777217561E+17
14410	3.54589779121709E+17
14420	3.53607196326809E+17
14430	3.52628014646784E+17
14440	3.51652219964254E+17
14450	3.50679798230157E+17
14460	3.49710735463372E+17
14470	3.48745017750342E+17
14480	3.47782631244703E+17
14490	3.46823562166909E+17
14500	3.45867796803873E+17
14510	3.44915321508589E+17
14520	3.43966122699779E+17
14530	3.43020186861525E+17
14540	3.42077500542911E+17
14550	3.41138050357668E+17
14560	3.40201822983817E+17
14570	3.39268805163317E+17
14580	3.38338983701715E+17
14590	3.37412345467798E+17
14600	3.36488877393244E+17
14610	3.35568566472283E+17
14620	3.34651399761351E+17
14630	3.3373736437875E+17
14640	3.32826447504315E+17
14650	3.31918636379071E+17
14660	3.31013918304907E+17
14670	3.30112280644239E+17
14680	3.29213710819682E+17
14690	3.28318196313726E+17
14700	3.27425724668403E+17
14710	3.26536283484971E+17
14720	3.25649860423589E+17
14730	3.24766443202995E+17
14740	3.23886019600196E+17
14750	3.23008577450143E+17
14760	3.22134104645423E+17
14770	3.21262589135948E+17
14780	3.20394018928639E+17
14790	3.19528382087126E+17
14800	3.18665666731434E+17
14810	3.17805861037684E+17
14820	3.16948953237789E+17
14830	3.16094931619153E+17
14840	3.15243784524371E+17
14850	3.14395500350935E+17
14860	3.13550067550935E+17
14870	3.1270747463077E+17
14880	3.11867710150851E+17
14890	3.11030762725317E+17
14900	3.10196621021741E+17
14910	3.09365273760849E+17
14920	3.0853670971623E+17
14930	3.07710917714057E+17
14940	3.06887886632805E+17
14950	3.0606760540297E+17
14960	3.05250063006792E+17
14970	3.04435248477979E+17
14980	3.03623150901431E+17
14990	3.02813759412968E+17
15000	3.02007063199062E+17
15010	3.01203051496559E+17
15020	3.00401713592421E+17
15030	2.99603038823451E+17
15040	2.98807016576034E+17
15050	2.98013636285871E+17
15060	2.97222887437716E+17
15070	2.9643475956512E+17
15080	2.95649242250168E+17
15090	2.94866325123226E+17
15100	2.94085997862682E+17
15110	2.93308250194693E+17
15120	2.92533071892934E+17
15130	2.91760452778346E+17
15140	2.90990382718886E+17
15150	2.90222851629278E+17
15160	2.8945784947077E+17
15170	2.88695366250886E+17
15180	2.87935392023183E+17
15190	2.87177916887008E+17
15200	2.8642293098726E+17
15210	2.85670424514146E+17
15220	2.8492038770295E+17
15230	2.84172810833787E+17
15240	2.83427684231379E+17
15250	2.8268499826481E+17
15260	2.81944743347303E+17
15270	2.81206909935984E+17
15280	2.80471488531651E+17
15290	2.79738469678553E+17
15300	2.79007843964153E+17
15310	2.78279602018912E+17
15320	2.77553734516058E+17
15330	2.76830232171364E+17
15340	2.76109085742932E+17
15350	2.75390286030964E+17
15360	2.74673823877548E+17
15370	2.73959690166443E+17
15380	2.73247875822854E+17
15390	2.72538371813225E+17
15400	2.7183116914502E+17
15410	2.71126258866512E+17
15420	2.70423632066572E+17
15430	2.69723279874458E+17
15440	2.69025193459606E+17
15450	2.68329364031421E+17
15460	2.67635782839074E+17
15470	2.66944441171291E+17
15480	2.66255330356156E+17
15490	2.65568441760899E+17
15500	2.64883766791702E+17
15510	2.64201296893496E+17
15520	2.63521023549758E+17
15530	2.62842938282317E+17
15540	2.62167032651156E+17
15550	2.61493298254212E+17
15560	2.60821726727186E+17
15570	2.60152309743349E+17
15580	2.59485039013344E+17
15590	2.58819906284999E+17
15600	2.58156903343137E+17
15610	2.57496022009384E+17
15620	2.5683725414198E+17
15630	2.56180591635596E+17
15640	2.55526026421143E+17
15650	2.54873550465592E+17
15660	2.54223155771784E+17
15670	2.53574834378253E+17
15680	2.52928578359038E+17
15690	2.52284379823509E+17
15700	2.5164223091618E+17
15710	2.51002123816538E+17
15720	2.50364050738857E+17
15730	2.49728003932027E+17
15740	2.49093975679376E+17
15750	2.48461958298496E+17
15760	2.47831944141069E+17
15770	2.47203925592693E+17
15780	2.46577895072713E+17
15790	2.45953845034047E+17
15800	2.45331767963019E+17
15810	2.44711656379188E+17
15820	2.44093502835181E+17
15830	2.43477299916526E+17
15840	2.42863040241487E+17
15850	2.42250716460895E+17
15860	2.41640321257991E+17
15870	2.41031847348254E+17
15880	2.40425287479247E+17
15890	2.3982063443045E+17
15900	2.39217881013101E+17
15910	2.38617020070039E+17
15920	2.38018044475542E+17
15930	2.3742094713517E+17
15940	2.3682572098561E+17
15950	2.36232358994517E+17
15960	2.35640854160363E+17
15970	2.35051199512278E+17
15980	2.344633881099E+17
15990	2.33877413043223E+17
16000	2.33293267432442E+17
16010	2.32710944427804E+17
16020	2.3213043720946E+17
16030	2.31551738987312E+17
16040	2.3097484300087E+17
16050	2.30399742519098E+17
16060	2.29826430840274E+17
16070	2.29254901291837E+17
16080	2.2868514723025E+17
16090	2.28117162040851E+17
16100	2.27550939137709E+17
16110	2.26986471963485E+17
16120	2.26423753989288E+17
16130	2.25862778714532E+17
16140	2.25303539666802E+17
16150	2.24746030401707E+17
16160	2.24190244502749E+17
16170	2.23636175581177E+17
16180	2.23083817275858E+17
16190	2.22533163253134E+17
16200	2.21984207206691E+17
16210	2.21436942857421E+17
16220	2.20891363953291E+17
16230	2.20347464269206E+17
16240	2.19805237606878E+17
16250	2.19264677794697E+17
16260	2.18725778687592E+17
16270	2.18188534166907E+17
16280	2.17652938140268E+17
16290	2.17118984541452E+17
16300	2.16586667330259E+17
16310	2.16055980492382E+17
16320	2.15526918039274E+17
16330	2.14999474008022E+17
16340	2.14473642461213E+17
16350	2.13949417486798E+17
16360	2.13426793197961E+17
16370	2.12905763732977E+17
16380	2.12386323255065E+17
16390	2.11868465952236E+17
16400	2.11352186037132E+17
16410	2.10837477746849E+17
16420	2.10324335342739E+17
16430	2.09812753110193E+17
16440	2.09302725358393E+17
16450	2.08794246420012E+17
16460	2.08287310650873E+17
16470	2.07781912429533E+17
16480	2.0727804615677E+17
16490	2.06775706254972E+17
16500	2.06274887167365E+17
16510	2.05775583357069E+17
16520	2.05277789305919E+17
16530	2.04781499512999E+17
16540	2.04286708492819E+17
16550	2.03793410773052E+17
16560	2.03301600891718E+17
16570	2.02811273393708E+17
16580	2.02322422826483E+17
16590	2.01835043734785E+17
16600	2.01349130654147E+17
16610	2.00864678102953E+17
16620	2.00381680572779E+17
16630	1.99900132516654E+17
16640	1.99420028334886E+17
16650	1.98941362357982E+17
16660	1.98464128826172E+17
16670	1.9798832186495E+17
16680	1.97513935455965E+17
16690	1.97040963402549E+17
16700	1.96569399289024E+17
16710	1.96099236432892E+17
16720	1.95630467828871E+17
16730	1.95163086083678E+17
16740	1.94697083340664E+17
16750	1.94232451199203E+17
16760	1.93769180620369E+17
16770	1.93307261814212E+17
16780	1.92846684115456E+17
16790	1.92387435843858E+17
16800	1.91929504148001E+17
16810	1.91472874831474E+17
16820	1.9101753216047E+17
16830	1.90563458651986E+17
16840	1.90110634841919E+17
16850	1.89659039032582E+17
16860	1.89208647019355E+17
16870	1.88759431796472E+17
16880	1.88311363242237E+17
16890	1.87864407784258E+17
16900	1.87418528045712E+17
16910	1.86973682473959E+17
16920	1.86529824953309E+17
16930	1.86086904404115E+17
16940	1.85644864370826E+17
16950	1.8520364260206E+17
16960	1.84763170626206E+17
16970	1.84323373326457E+17
16980	1.83884168519595E+17
16990	1.83445466543189E+17
17000	1.83007169856218E+17
17010	1.82569172658377E+17
17020	1.82131360533537E+17
17030	1.81693610123014E+17
17040	1.81255788834317E+17
17050	1.80817754591109E+17
17060	1.80379355629966E+17
17070	1.79940430349391E+17
17080	1.79500807216272E+17
17090	1.79060304734608E+17
17100	1.78618731480929E+17
17110	1.7817588621031E+17
17120	1.77731558036291E+17
17130	1.77285526687374E+17
17140	1.76837562842048E+17
17150	1.76387428543536E+17
17160	1.75934877694635E+17
17170	1.75479656632232E+17
17180	1.75021504780168E+17
17190	1.74560155378336E+17
17200	1.74095336285003E+17
17210	1.73626770848562E+17
17220	1.73154178844103E+17
17230	1.72677277469466E+17
17240	1.72195782394755E+17
17250	1.71709408858638E+17
17260	1.7121787280426E+17
17270	1.70720892047073E+17
17280	1.70218187466553E+17
17290	1.69709484213446E+17
17300	1.69194512924031E+17
17310	1.68673010932735E+17
17320	1.68144723474484E+17
17330	1.67609404868232E+17
17340	1.67066819673288E+17
17350	1.66516743810344E+17
17360	1.6595896563945E+17
17370	1.65393286987587E+17
17380	1.64819524119005E+17
17390	1.64237508642022E+17
17400	1.63647088346593E+17
17410	1.63048127967596E+17
17420	1.62440509869452E+17
17430	1.61824134648422E+17
17440	1.61198921649603E+17
17450	1.60564809396409E+17
17460	1.59921755931E+17
17470	1.59269739064891E+17
17480	1.58608756539601E+17
17490	1.57938826097932E+17
17500	1.57259985467075E+17
17510	1.56572292255353E+17
17520	1.5587582376498E+17
17530	1.55170676723743E+17
17540	1.54456966938956E+17
17550	1.53734828877519E+17
17560	1.53004415176218E+17
17570	1.52265896086786E+17
17580	1.51519458860471E+17
17590	1.507653070771E+17
17600	1.50003659923787E+17
17610	1.4923475142854E+17
17620	1.48458829654108E+17
17630	1.47676155857432E+17
17640	1.46887003620015E+17
17650	1.46091657954529E+17
17660	1.45290414392802E+17
17670	1.44483578060282E+17
17680	1.43671462741842E+17
17690	1.42854389943663E+17
17700	1.42032687955681E+17
17710	1.41206690918887E+17
17720	1.40376737901497E+17
17730	1.39543171987769E+17
17740	1.38706339382967E+17
17750	1.378665885377E+17
17760	1.37024269294569E+17
17770	1.36179732059798E+17
17780	1.3533332700221E+17
17790	1.34485403281648E+17
17800	1.33636308308657E+17
17810	1.32786387036961E+17
17820	1.3193598129001E+17
17830	1.31085429122592E+17
17840	1.30235064218277E+17
17850	1.29385215323148E+17
17860	1.28536205716103E+17
17870	1.27688352715679E+17
17880	1.26841967223173E+17
17890	1.25997353301545E+17
17900	1.25154807789343E+17
17910	1.24314619948658E+17
17920	1.23477071145827E+17
17930	1.22642434563348E+17
17940	1.21810974941203E+17
17950	1.20982948345509E+17
17960	1.20158601962102E+17
17970	1.1933817391244E+17
17980	1.18521893088889E+17
17990	1.17709979006213E+17
18000	1.16902641665883E+17
18010	1.16100081429579E+17
18020	1.15302488898148E+17
18030	1.14510044792166E+17
18040	1.13722919830231E+17
18050	1.12941274601208E+17
18060	1.12165259426752E+17
18070	1.11395014210747E+17
18080	1.10630668272639E+17
18090	1.09872340162138E+17
18100	1.09120137453344E+17
18110	1.08374156517088E+17
18120	1.07634482271034E+17
18130	1.06901187908012E+17
18140	1.06174334603978E+17
18150	1.05453971208021E+17
18160	1.04740133917805E+17
18170	1.0403284594491E+17
18180	1.03332117175434E+17
18190	1.0263794383219E+17
18200	1.01950308145589E+17
18210	1.01269178041034E+17
18220	1.00594506851161E+17
18230	9.99262330616591E+16
18240	9.92642800995807E+16
18250	9.86085561730647E+16
18260	9.79589541711781E+16
18270	9.73153516321847E+16
18280	9.66776107879447E+16
18290	9.60455786913588E+16
18300	9.54190874328156E+16
18310	9.47979544504876E+16
18320	9.41819829380912E+16
18330	9.3570962352388E+16
18340	9.29646690213006E+16
18350	9.23628668520734E+16
18360	9.17653081374592E+16
18370	9.11717344564719E+16
18380	9.0581877664879E+16
18390	8.99954609692923E+16
18400	8.94122000775205E+16
18410	8.8831804416771E+16
18420	8.82539784103457E+16
18430	8.76784228026962E+16
18440	8.71048360220893E+16
18450	8.6532915569677E+16
18460	8.59623594235001E+16
18470	8.53928674458446E+16
18480	8.48241427824349E+16
18490	8.42558932421689E+16
18500	8.36878326464706E+16
18510	8.31196821378375E+16
18520	8.25511714377874E+16
18530	8.19820400451414E+16
18540	8.14120383663941E+16
18550	8.0840928770818E+16
18560	8.02684865638877E+16
18570	7.96945008735925E+16
18580	7.91187754452113E+16
18590	7.85411293411229E+16
18600	7.79613975432278E+16
18610	7.73794314565317E+16
18620	7.67950993133788E+16
18630	7.62082864787193E+16
18640	7.56188956576412E+16
18650	7.50268470071714E+16
18660	7.44320781550728E+16
18670	7.38345441290042E+16
18680	7.32342171999816E+16
18690	7.26310866445764E+16
18700	7.20251584307042E+16
18710	7.1416454832207E+16
18720	7.08050139776995E+16
18730	7.01908893393595E+16
18740	6.95741491674712E+16
18750	6.8954875876607E+16
18760	6.83331653893455E+16
18770	6.77091264433852E+16
18780	6.70828798678181E+16
18790	6.64545578342011E+16
18800	6.5824303087887E+16
18810	6.51922681648646E+16
18820	6.45586145991381E+16
18830	6.3923512125396E+16
18840	6.32871378814597E+16
18850	6.26496756146953E+16
18860	6.20113148962782E+16
18870	6.13722503468789E+16
18880	6.0732680877036E+16
18890	6.00928089451559E+16
18900	5.9452839835779E+16
18910	5.88129809604324E+16
18920	5.81734411831073E+16
18930	5.75344301720935E+16
18940	5.68961577796364E+16
18950	5.62588334506144E+16
18960	5.56226656611767E+16
18970	5.49878613880539E+16
18980	5.4354625609022E+16
18990	5.37231608348003E+16
19000	5.30936666724658E+16
19010	5.24663394202972E+16
19020	5.18413716937969E+16
19030	5.12189520824942E+16
19040	5.05992648370072E+16
19050	4.99824895857167E+16
19060	4.93688010803173E+16
19070	4.87583689694023E+16
19080	4.81513575991872E+16
19090	4.75479258403915E+16
19100	4.69482269402573E+16
19110	4.63524083986444E+16
19120	4.57606118670941E+16
19130	4.51729730697503E+16
19140	4.45896217449962E+16
19150	4.40106816066668E+16
19160	4.34362703236946E+16
19170	4.28664995170485E+16
19180	4.23014747728473E+16
19190	4.17412956705314E+16
19200	4.11860558250138E+16
19210	4.06358429417404E+16
19220	4.00907388836324E+16
19230	3.95508197489004E+16
19240	3.90161559587676E+16
19250	3.848681235416E+16
19260	3.79628483004707E+16
19270	3.74443177995354E+16
19280	3.69312696079972E+16
19290	3.64237473612788E+16
19300	3.59217897024176E+16
19310	3.54254304150608E+16
19320	3.49346985599546E+16
19330	3.44496186143006E+16
19340	3.39702106133933E+16
19350	3.34964902939846E+16
19360	3.30284692388645E+16
19370	3.25661550221756E+16
19380	3.210955135502E+16
19390	3.16586582309456E+16
19400	3.12134720709332E+16
19410	3.0773985867538E+16
19420	3.03401893278645E+16
19430	2.99120690150863E+16
19440	2.94896084882491E+16
19450	2.90727884401168E+16
19460	2.86615868328505E+16
19470	2.82559790313284E+16
19480	2.78559379339416E+16
19490	2.74614341007167E+16
19500	2.70724358786367E+16
19510	2.66889095240538E+16
19520	2.63108193220981E+16
19530	2.59381277030068E+16
19540	2.55707953553131E+16
19550	2.52087813358446E+16
19560	2.48520431764976E+16
19570	2.45005369877625E+16
19580	2.41542175589886E+16
19590	2.38130384553832E+16
19600	2.34769521117551E+16
19610	2.31459099230141E+16
19620	2.28198623314491E+16
19630	2.24987589108154E+16
19640	2.2182548447265E+16
19650	2.18711790171618E+16
19660	2.15645980618259E+16
19670	2.126275245926E+16
19680	2.09655885929086E+16
19690	2.06730524175093E+16
19700	2.03850895220976E+16
19710	2.01016451902241E+16
19720	1.98226644574544E+16
19730	1.95480921662132E+16
19740	1.92778730180441E+16
19750	1.9011951623353E+16
19760	1.87502725487046E+16
19770	1.84927803617426E+16
19780	1.82394196738057E+16
19790	1.79901351803066E+16
19800	1.77448716989494E+16
19810	1.75035742058519E+16
19820	1.7266187869643E+16
19830	1.70326580836067E+16
19840	1.68029304959388E+16
19850	1.65769510381836E+16
19860	1.63546659519189E+16
19870	1.61360218137535E+16
19880	1.59209655587005E+16
19890	1.57094445019918E+16
19900	1.55014063593923E+16
19910	1.52967992660775E+16
19920	1.50955717941296E+16
19930	1.48976729687139E+16
19940	1.47030522829872E+16
19950	1.45116597117958E+16
19960	1.43234457242144E+16
19970	1.41383612949791E+16
19980	1.39563579148623E+16
19990	1.37773876000398E+16
20000	1.36014029004971E+16
