2000	193912049386381
2010	205931305976681
2020	218584420091308
2030	231894907845749
2040	245890294849103
2050	260603434714747
2060	276072386067519
2070	292338399067362
2080	309442398435872
2090	327421530041451
2100	346306953399104
2110	366123737593699
2120	386893765910595
2130	408640845308230
2140	431396262224488
2150	455203019899035
2160	480117614836392
2170	506207715682530
2180	533544982896561
2190	562197055709337
2200	592219559705753
2210	623649729191090
2220	656507480835093
2230	690801109720810
2240	726537071187436
2250	763735066704675
2260	802439094175144
2270	842724470393319
2280	884700241682388
2290	928497600812133
2300	974256631976496
2310	1.02210493106234E+15
2320	1.07213599363789E+15
2330	1.12440148601644E+15
2340	1.17890045836187E+15
2350	1.23559446655619E+15
2360	1.29442450904281E+15
2370	1.35533922173539E+15
2380	1.41832916626835E+15
2390	1.4834424697063E+15
2400	1.55081589317771E+15
2410	1.62065690274635E+15
2420	1.69324081671585E+15
2430	1.76886667635469E+15
2440	1.84782613305945E+15
2450	1.93034488703523E+15
2460	2.01655288167984E+15
2470	2.10646307872199E+15
2480	2.19995851044286E+15
2490	2.29683419172931E+15
2500	2.39682592846383E+15
2510	2.49968539976858E+15
2520	2.6052331187171E+15
2530	2.71343926675636E+15
2540	2.82443060528249E+15
2550	2.93855431378842E+15
2560	3.05630962442211E+15
2570	3.17834805271784E+15
2580	3.30537130486194E+15
2590	3.43804582091386E+15
2600	3.57692400232038E+15
2610	3.72232441161578E+15
2620	3.87431560340555E+15
2630	4.03263885771362E+15
2640	4.19679172565604E+15
2650	4.36602044232308E+15
2660	4.53951858276979E+15
2670	4.7164501354736E+15
2680	4.89621173466117E+15
2690	5.07843541757494E+15
2700	5.26319499463241E+15
2710	5.45098402058371E+15
2720	5.64272506302273E+15
2730	5.83976108492361E+15
2740	6.04362588198872E+15
2750	6.25604288024037E+15
2760	6.47860454983202E+15
2770	6.71264453343042E+15
2780	6.95915174982848E+15
2790	7.21835521098349E+15
2800	7.4900891177368E+15
2810	7.77323234463941E+15
2820	8.06627076076231E+15
2830	8.36714238402982E+15
2840	8.67346187051307E+15
2850	8.98304185835706E+15
2860	9.29380502402887E+15
2870	9.60429976972592E+15
2880	9.91402654713718E+15
2890	1.02230414625176E+16
2900	1.05329167563995E+16
2910	1.08457545929137E+16
2920	1.11646807973515E+16
2930	1.14934905598566E+16
2940	1.18360830605221E+16
2950	1.2196395860455E+16
2960	1.25782899929851E+16
2970	1.29842779140876E+16
2980	1.34165279956032E+16
2990	1.38757026958952E+16
3000	1.43607775187357E+16
3010	1.48700499533167E+16
3020	1.539974258817E+16
3030	1.59451597076836E+16
3040	1.65009844182538E+16
3050	1.70612414318566E+16
3060	1.76197221165826E+16
3070	1.81716458165616E+16
3080	1.87126603641931E+16
3090	1.92398024689466E+16
3100	1.97532465594174E+16
3110	2.02538609607839E+16
3120	2.07453463944927E+16
3130	2.1233962458063E+16
3140	2.17266410418924E+16
3150	2.22320819055882E+16
3160	2.27600081008583E+16
3170	2.33200704628432E+16
3180	2.39204889214739E+16
3190	2.45696217346197E+16
3200	2.52741221064588E+16
3210	2.60365830713076E+16
3220	2.68592518273342E+16
3230	2.77414417969781E+16
3240	2.86779603018888E+16
3250	2.966263996107E+16
3260	3.06867849793841E+16
3270	3.17386421864658E+16
3280	3.28051280876283E+16
3290	3.38728034902298E+16
3300	3.49280664085859E+16
3310	3.59564958567451E+16
3320	3.69464677768027E+16
3330	3.78901787265651E+16
3340	3.87801187729607E+16
3350	3.96135894704416E+16
3360	4.03952062765418E+16
3370	4.11307441136059E+16
3380	4.18297211274258E+16
3390	4.25092343003262E+16
3400	4.31878956075679E+16
3410	4.38852337406788E+16
3420	4.46228741410226E+16
3430	4.54235506443265E+16
3440	4.63101714237225E+16
3450	4.72996094970582E+16
3460	4.84059776778044E+16
3470	4.96444003935398E+16
3480	5.10231508433777E+16
3490	5.25405093888585E+16
3500	5.41941447103757E+16
3510	5.59793102478061E+16
3520	5.78813024934625E+16
3530	5.98813388857805E+16
3540	6.19584042492639E+16
3550	6.40885376355611E+16
3560	6.62446816540818E+16
3570	6.83970597561892E+16
3580	7.05147224773876E+16
3590	7.25702751427759E+16
3600	7.45363036342283E+16
3610	7.63845343012967E+16
3620	7.80931974052094E+16
3630	7.9650140226437E+16
3640	8.10447071713903E+16
3650	8.22688622027109E+16
3660	8.33315583690231E+16
3670	8.42520287619118E+16
3680	8.5050676033599E+16
3690	8.5752397515728E+16
3700	8.6399527770709E+16
3710	8.70392096212241E+16
3720	8.77184339315284E+16
3730	8.84841830818028E+16
3740	8.93838661325418E+16
3750	9.04658014388487E+16
3760	9.17799286290004E+16
3770	9.33673475118041E+16
3780	9.52473962005738E+16
3790	9.74390263895496E+16
3800	9.99641735670356E+16
3810	1.02834303472172E+17
3820	1.06033044386192E+17
3830	1.09539385237173E+17
3840	1.13330435303583E+17
3850	1.1737744278406E+17
3860	1.21639064593152E+17
3870	1.26067043926744E+17
3880	1.30606986925998E+17
3890	1.35200514519683E+17
3900	1.39794552429049E+17
3910	1.44334428571941E+17
3920	1.48761178211564E+17
3930	1.53013314233272E+17
3940	1.57039665807962E+17
3950	1.60795943913252E+17
3960	1.6423802451196E+17
3970	1.67322678211429E+17
3980	1.70017243569238E+17
3990	1.72305556881085E+17
4000	1.7417574078351E+17
4010	1.75619106431551E+17
4020	1.76635863569255E+17
4030	1.7726191556513E+17
4040	1.77546799494029E+17
4050	1.77540914208836E+17
4060	1.77294997066297E+17
4070	1.76882908396783E+17
4080	1.76414045447909E+17
4090	1.75996893452731E+17
4100	1.75735701316141E+17
4110	1.75731043985391E+17
4120	1.76078371513759E+17
4130	1.76870997026067E+17
4140	1.78204310102506E+17
4150	1.80178391801361E+17
4160	1.82887100295694E+17
4170	1.86355137198173E+17
4180	1.90587726177308E+17
4190	1.95597097908457E+17
4200	2.01401920169642E+17
4210	2.08011870678148E+17
4220	2.15379590423963E+17
4230	2.23437971951427E+17
4240	2.32111229361886E+17
4250	2.41312276496747E+17
4260	2.50945323673186E+17
4270	2.60919696882628E+17
4280	2.71136554410693E+17
4290	2.81483818004314E+17
4300	2.91835978722939E+17
4310	3.02061530355565E+17
4320	3.12059103432379E+17
4330	3.21736238598242E+17
4340	3.30996761607243E+17
4350	3.39741893079228E+17
4360	3.47873326807741E+17
4370	3.55316419751266E+17
4380	3.62015961787292E+17
4390	3.6792163826675E+17
4400	3.72988320625239E+17
4410	3.77176678095325E+17
4420	3.80459303630598E+17
4430	3.82826122051379E+17
4440	3.84274982846946E+17
4450	3.84810326792518E+17
4460	3.84442949800476E+17
4470	3.83194052294793E+17
4480	3.8112731139952E+17
4490	3.78327780736915E+17
4500	3.74881025538705E+17
4510	3.70871680823771E+17
4520	3.66382407531418E+17
4530	3.61533725333278E+17
4540	3.5655608499347E+17
4550	3.51683113272729E+17
4560	3.47129608338242E+17
4570	3.43093668639705E+17
4580	3.39759970024741E+17
4590	3.37304061915174E+17
4600	3.35897369549219E+17
4610	3.35712532304642E+17
4620	3.36929540729018E+17
4630	3.3974281622871E+17
4640	3.44366654641372E+17
4650	3.50913075801536E+17
4660	3.59332926931884E+17
4670	3.69581171605974E+17
4680	3.81625255868317E+17
4690	3.95439875664674E+17
4700	4.11001875553016E+17
4710	4.28256035430713E+17
4720	4.47079335141878E+17
4730	4.67318848423433E+17
4740	4.88790932337211E+17
4750	5.11275525989536E+17
4760	5.34511522123278E+17
4770	5.58224768536764E+17
4780	5.82228003503215E+17
4790	6.06343048870905E+17
4800	6.30372782801854E+17
4810	6.54102098961761E+17
4820	6.77299440893766E+17
4830	6.99722629810427E+17
4840	7.21181876758541E+17
4850	7.41538856560636E+17
4860	7.6066089236345E+17
4870	7.78420823144792E+17
4880	7.9469836375075E+17
4890	8.09381409438349E+17
4900	8.22373399684971E+17
4910	8.33616213142673E+17
4920	8.43071768198009E+17
4930	8.507144739356E+17
4940	8.56531067785906E+17
4950	8.60520325405773E+17
4960	8.62692671718475E+17
4970	8.63075358947104E+17
4980	8.61719714858155E+17
4990	8.58688080960049E+17
5000	8.54050614546518E+17
5010	8.47884173219847E+17
5020	8.40271212758675E+17
5030	8.3129867695538E+17
5040	8.21048249760413E+17
5050	8.09585086805168E+17
5060	7.96975973479211E+17
5070	7.83291710207594E+17
5080	7.68606501766518E+17
5090	7.52997341824657E+17
5100	7.36543398586897E+17
5110	7.19391823143583E+17
5120	7.01936881707245E+17
5130	6.84592483429505E+17
5140	6.67724297665848E+17
5150	6.5165324592373E+17
5160	6.36660659185801E+17
5170	6.22994639824875E+17
5180	6.10883190943103E+17
5190	6.0061794990626E+17
5200	5.9253367429388E+17
5210	5.86956736529795E+17
5220	5.8421845531442E+17
5230	5.84671851385691E+17
5240	5.88710728236878E+17
5250	5.96791821448176E+17
5260	6.09316656407074E+17
5270	6.26209111951708E+17
5280	6.47307275223199E+17
5290	6.72478001973204E+17
5300	7.01595491355021E+17
5310	7.34521088226595E+17
5320	7.71083939933854E+17
5330	8.11062644447988E+17
5340	8.54211777814689E+17
5350	9.00325777450192E+17
5360	9.49155742736204E+17
5370	1.00038561926154E+18
5380	1.05362401534468E+18
5390	1.10839777517578E+18
5400	1.16414782635364E+18
5410	1.2202278951861E+18
5420	1.27601424273945E+18
5430	1.33115507772847E+18
5440	1.38534916851667E+18
5450	1.43829189643339E+18
5460	1.48967820036744E+18
5470	1.53920556537163E+18
5480	1.58657700727526E+18
5490	1.63150400617239E+18
5500	1.67371685361245E+18
5510	1.71302186316612E+18
5520	1.7492756657905E+18
5530	1.78235755453562E+18
5540	1.8121693575539E+18
5550	1.83863523343627E+18
5560	1.86170122850387E+18
5570	1.88133462464514E+18
5580	1.89752312035603E+18
5590	1.91027699653724E+18
5600	1.91963215169433E+18
5610	1.9256426806566E+18
5620	1.92837846100621E+18
5630	1.92792369621677E+18
5640	1.92437544247366E+18
5650	1.91784213818366E+18
5660	1.90844215257983E+18
5670	1.89630243489871E+18
5680	1.88156092374001E+18
5690	1.86436677184639E+18
5700	1.84487316161461E+18
5710	1.82323551704646E+18
5720	1.79961034111143E+18
5730	1.77415415423734E+18
5740	1.74702253291007E+18
5750	1.71836924615905E+18
5760	1.68834540195801E+18
5770	1.65708080413776E+18
5780	1.62466415237524E+18
5790	1.59118151021352E+18
5800	1.55672172018807E+18
5810	1.52137595758645E+18
5820	1.48523728351259E+18
5830	1.44840019624905E+18
5840	1.41096018047058E+18
5850	1.37301325443341E+18
5860	1.33466843470272E+18
5870	1.29613738545198E+18
5880	1.25766237252589E+18
5890	1.21945781354213E+18
5900	1.18171120842841E+18
5910	1.14458491447406E+18
5920	1.10821819191147E+18
5930	1.07272940737476E+18
5940	1.03821830640322E+18
5950	1.00476828863092E+18
5960	9.72599981877162E+17
5970	9.42478633136581E+17
5980	9.15202170462874E+17
5990	8.9146670200118E+17
6000	8.71895803512734E+17
6010	8.57073851607334E+17
6020	8.47583058809525E+17
6030	8.44044611005596E+17
6040	8.47165126694918E+17
6050	8.57790588133812E+17
6060	8.76756651573106E+17
6070	9.04035888024808E+17
6080	9.39403139790234E+17
6090	9.82717999137713E+17
6100	1.03387280994429E+18
6110	1.09274169657458E+18
6120	1.15912928862258E+18
6130	1.23271892122069E+18
6140	1.31302137982412E+18
6150	1.3993265662433E+18
6160	1.49067975221742E+18
6170	1.5863056986718E+18
6180	1.68574239446204E+18
6190	1.78845862075353E+18
6200	1.89383354619429E+18
6210	2.00115912489707E+18
6220	2.10964567636827E+18
6230	2.21843075407813E+18
6240	2.32659119920776E+18
6250	2.4331580379693E+18
6260	2.53713363828837E+18
6270	2.63754320388907E+18
6280	2.73378144703014E+18
6290	2.82550820233088E+18
6300	2.91244439533686E+18
6310	2.99436791194915E+18
6320	3.07111148052142E+18
6330	3.14255976248233E+18
6340	3.20864584257228E+18
6350	3.26934729900647E+18
6360	3.32468201727502E+18
6370	3.37470389089552E+18
6380	3.41949710868503E+18
6390	3.45914155284297E+18
6400	3.49371020022504E+18
6410	3.52329653573728E+18
6420	3.54801282778661E+18
6430	3.56798719909678E+18
6440	3.58336088266087E+18
6450	3.59428568538459E+18
6460	3.60092167283455E+18
6470	3.6034350807661E+18
6480	3.6019964527558E+18
6490	3.59677899823492E+18
6500	3.58795849893587E+18
6510	3.57571755773277E+18
6520	3.56023961661639E+18
6530	3.54170583874706E+18
6540	3.52029443697771E+18
6550	3.4961801370637E+18
6560	3.46953375671671E+18
6570	3.44052188409874E+18
6580	3.4093066407587E+18
6590	3.37604551546731E+18
6600	3.34089125685201E+18
6610	3.30399181413384E+18
6620	3.2654790018137E+18
6630	3.22541904036417E+18
6640	3.18385721002804E+18
6650	3.14083998732663E+18
6660	3.09641512020547E+18
6670	3.0506316895718E+18
6680	3.00354017515405E+18
6690	2.95519252394088E+18
6700	2.90564221936901E+18
6710	2.85494434934549E+18
6720	2.80315567111027E+18
6730	2.75033467087623E+18
6740	2.69654420894989E+18
6750	2.64193695139414E+18
6760	2.58676633907584E+18
6770	2.53127735324946E+18
6780	2.47569955083063E+18
6790	2.42024717711437E+18
6800	2.3651193491062E+18
6810	2.31050030682437E+18
6820	2.25655973024092E+18
6830	2.20345311951441E+18
6840	2.15132223590154E+18
6850	2.1002956002951E+18
6860	2.05048904579043E+18
6870	2.00199658110161E+18
6880	1.9546437215109E+18
6890	1.90799493259284E+18
6900	1.86164064103552E+18
6910	1.8152110789758E+18
6920	1.7683758029199E+18
6930	1.72084377866843E+18
6940	1.67236393786041E+18
6950	1.62272610672553E+18
6960	1.57176220067308E+18
6970	1.51934756956701E+18
6980	1.46540236832052E+18
6990	1.40989281647387E+18
7000	1.35283219975863E+18
7010	1.29453461169608E+18
7020	1.23627213462573E+18
7030	1.1793681129698E+18
7040	1.12493352466415E+18
7050	1.07388143881067E+18
7060	1.02694988318297E+18
7070	9.84730802649673E+17
7080	9.47703142688114E+17
7090	9.1626859500336E+17
7100	8.90789151085878E+17
7110	8.71626289283433E+17
7120	8.5918235572509E+17
7130	8.53945499832275E+17
7140	8.5654043343807E+17
7150	8.67555993305409E+17
7160	8.86895171106702E+17
7170	9.14422323522733E+17
7180	9.50144005264651E+17
7190	9.94170356305406E+17
7200	1.04667652551781E+18
7210	1.10786121854891E+18
7220	1.17790007386898E+18
7230	1.25689238401535E+18
7240	1.34480084050933E+18
7250	1.44138559445995E+18
7260	1.54613599252551E+18
7270	1.65820570323246E+18
7280	1.77635920281919E+18
7290	1.89895271027533E+18
7300	2.02438895515416E+18
7310	2.15138863820307E+18
7320	2.27861497694221E+18
7330	2.40468742907393E+18
7340	2.52822976635224E+18
7350	2.6479216393213E+18
7360	2.76255017011152E+18
7370	2.87105760571664E+18
7380	2.97258100263801E+18
7390	3.06648039994167E+18
7400	3.1523529770596E+18
7410	3.23003216839666E+18
7420	3.29957239022098E+18
7430	3.36122163181372E+18
7440	3.41538561154237E+18
7450	3.46260540888905E+18
7460	3.503493363601E+18
7470	3.53863436308632E+18
7480	3.56856889467619E+18
7490	3.59378864815157E+18
7500	3.61473586522588E+18
7510	3.63180523883553E+18
7520	3.64534737995202E+18
7530	3.65567309846791E+18
7540	3.66305795712861E+18
7550	3.66774673736802E+18
7560	3.66995759766589E+18
7570	3.66988580986049E+18
7580	3.66770703159089E+18
7590	3.6635801200331E+18
7600	3.6576491578073E+18
7610	3.65003453534595E+18
7620	3.64083460191221E+18
7630	3.63014086037686E+18
7640	3.61803923586633E+18
7650	3.60461047049714E+18
7660	3.58993051258256E+18
7670	3.57407089589034E+18
7680	3.55709910564692E+18
7690	3.53907892881085E+18
7700	3.52007078674377E+18
7710	3.50013204884993E+18
7720	3.47931732608068E+18
7730	3.45767874344527E+18
7740	3.43526619086306E+18
7750	3.41212755185381E+18
7760	3.3883089097086E+18
7770	3.36385368910369E+18
7780	3.3387986168583E+18
7790	3.31317768364113E+18
7800	3.28702401670784E+18
7810	3.26037000264065E+18
7820	3.23324738990875E+18
7830	3.20568737288912E+18
7840	3.1777206582015E+18
7850	3.14937751420784E+18
7860	3.12068780455445E+18
7870	3.09168100668866E+18
7880	3.06238621635262E+18
7890	3.03283213914013E+18
7900	3.00304707029113E+18
7910	2.97305886398846E+18
7920	2.94289489350676E+18
7930	2.91258200364066E+18
7940	2.88214559390886E+18
7950	2.85160076067355E+18
7960	2.82095639236196E+18
7970	2.79022145741517E+18
7980	2.75940505861482E+18
7990	2.72851638137342E+18
8000	2.69756463819327E+18
8010	2.66655900984108E+18
8020	2.63550858388139E+18
8030	2.60442229130484E+18
8040	2.57330884207773E+18
8050	2.54217666052239E+18
8060	2.51103382151147E+18
8070	2.47988798852113E+18
8080	2.44874635463423E+18
8090	2.41761558761324E+18
8100	2.38650178017108E+18
8110	2.35541040655399E+18
8120	2.3243476645887E+18
8130	2.29333602725349E+18
8140	2.26240677491802E+18
8150	2.23158751175687E+18
8160	2.20090199445228E+18
8170	2.17037024842765E+18
8180	2.14000872331769E+18
8190	2.10983048445456E+18
8200	2.07984543644223E+18
8210	2.05006057432823E+18
8220	2.0204802574676E+18
8230	1.9911065009084E+18
8240	1.9619392790057E+18
8250	1.93297683598312E+18
8260	1.90421599829538E+18
8270	1.87565248388809E+18
8280	1.84728120378587E+18
8290	1.819096551852E+18
8300	1.79109267903277E+18
8310	1.76325855161928E+18
8320	1.73554313535431E+18
8330	1.70788148771434E+18
8340	1.68021560407719E+18
8350	1.65249417778717E+18
8360	1.62467228829098E+18
8370	1.59671114244179E+18
8380	1.56857785896299E+18
8390	1.54024528637136E+18
8400	1.51169184503107E+18
8410	1.48290138444065E+18
8420	1.4538630473488E+18
8430	1.42457113286305E+18
8440	1.39502495136808E+18
8450	1.36522866482252E+18
8460	1.33519110686083E+18
8470	1.30492557809948E+18
8480	1.27444961312869E+18
8490	1.24378471685871E+18
8500	1.21295606916602E+18
8510	1.18201304043515E+18
8520	1.15108331338586E+18
8530	1.1202996369519E+18
8540	1.08977884095083E+18
8550	1.05962297511885E+18
8560	1.02992064421137E+18
8570	1.00074842945977E+18
8580	9.72172311785512E+17
8590	9.44249036731044E+17
8600	9.17027383361309E+17
8610	8.90549318372808E+17
8620	8.64851031870291E+17
8630	8.39963862775827E+17
8640	8.1591513001484E+17
8650	7.92728891093248E+17
8660	7.70426653168796E+17
8670	7.49028063991798E+17
8680	7.28551611899256E+17
8690	7.09015366118181E+17
8700	6.90437791679637E+17
8710	6.72839198690864E+17
8720	6.56291398574867E+17
8730	6.40952644469314E+17
8740	6.26982057017769E+17
8750	6.14530781440758E+17
8760	6.0374377541659E+17
8770	5.94762269506366E+17
8780	5.87726808514287E+17
8790	5.82780786301871E+17
8800	5.80074393445557E+17
8810	5.79768903084336E+17
8820	5.8204122086105E+17
8830	5.87088614518665E+17
8840	5.95133510519096E+17
8850	6.06428189905156E+17
8860	6.21259121345634E+17
8870	6.39950519580268E+17
8880	6.62866490991208E+17
8890	6.90410798395472E+17
8900	7.23022815249549E+17
8910	7.61167621012704E+17
8920	8.05317413582558E+17
8930	8.55908120895233E+17
8940	9.13021514912999E+17
8950	9.76309648748423E+17
8960	1.04519574246511E+18
8970	1.11884773744141E+18
8980	1.19616446678048E+18
8990	1.27579769311243E+18
9000	1.3562190669642E+18
9010	1.43583310969351E+18
9020	1.51312415891236E+18
9030	1.5868096153957E+18
9040	1.65596014531885E+18
9050	1.72004803555006E+18
9060	1.77890328764329E+18
9070	1.83259017492102E+18
9080	1.88125062557094E+18
9090	1.9249755726915E+18
9100	1.9637501755622E+18
9110	1.9974810990517E+18
9120	2.02607647905704E+18
9130	2.04953276785397E+18
9140	2.06799166624675E+18
9150	2.08175282282499E+18
9160	2.09125457410753E+18
9170	2.09709183067487E+18
9180	2.099897359821E+18
9190	2.10023856727485E+18
9200	2.0986050938885E+18
9210	2.09540757885363E+18
9220	2.09098270578715E+18
9230	2.08560167756363E+18
9240	2.07948000309055E+18
9250	2.0727872157168E+18
9260	2.06565574198827E+18
9270	2.05818856747018E+18
9280	2.05046562031877E+18
9290	2.04254894877343E+18
9300	2.03448684264903E+18
9310	2.02631707183859E+18
9320	2.01806940909894E+18
9330	2.00976758476406E+18
9340	2.00143079648357E+18
9350	1.993074872582E+18
9360	1.98471316559149E+18
9370	1.97635723385269E+18
9380	1.96801735393746E+18
9390	1.95970289478302E+18
9400	1.95142234052214E+18
9410	1.94317909190536E+18
9420	1.93497218482988E+18
9430	1.92680052261713E+18
9440	1.91866302730487E+18
9450	1.91055862939184E+18
9460	1.90248625691094E+18
9470	1.89444482382017E+18
9480	1.88643321767694E+18
9490	1.87845028653807E+18
9500	1.87049482500369E+18
9510	1.8625655592997E+18
9520	1.85466113126929E+18
9530	1.84678008112003E+18
9540	1.83892082874924E+18
9550	1.83108165344655E+18
9560	1.82326067174964E+18
9570	1.81545581320653E+18
9580	1.80766479377754E+18
9590	1.79988508659092E+18
9600	1.79211388975126E+18
9610	1.7843480908887E+18
9620	1.77658422813267E+18
9630	1.76881844719754E+18
9640	1.76104645428268E+18
9650	1.75326346542324E+18
9660	1.74546463745368E+18
9670	1.73764592754366E+18
9680	1.72980315102876E+18
9690	1.72193179071344E+18
9700	1.7140270034399E+18
9710	1.70608362920028E+18
9720	1.69809620333351E+18
9730	1.69005897231144E+18
9740	1.68196591357086E+18
9750	1.67381075978748E+18
9760	1.66558702791475E+18
9770	1.65728805322301E+18
9780	1.64890702847476E+18
9790	1.64043704825941E+18
9800	1.63187115838911E+18
9810	1.62320241012714E+18
9820	1.61442391888566E+18
9830	1.60552892689435E+18
9840	1.59651086920848E+18
9850	1.58736344229968E+18
9860	1.57808067435867E+18
9870	1.56865699634092E+18
9880	1.55908731270774E+18
9890	1.54936707075934E+18
9900	1.53949232742671E+18
9910	1.5294598123864E+18
9920	1.51926697764411E+18
9930	1.50891153920405E+18
9940	1.49839115405306E+18
9950	1.48770409886804E+18
9960	1.47684936867309E+18
9970	1.46582670848288E+18
9980	1.4546366391459E+18
9990	1.44328047695652E+18
10000	1.43176034669359E+18
10010	1.42007918783885E+18
10020	1.40824075382878E+18
10030	1.39624960429605E+18
10040	1.38411109035924E+18
10050	1.37183133312057E+18
10060	1.35941719562693E+18
10070	1.34687624864038E+18
10080	1.33421673064559E+18
10090	1.32144750259508E+18
10100	1.30857799795464E+18
10110	1.29561816866224E+18
10120	1.2825784276521E+18
10130	1.26946958862186E+18
10140	1.25630280373497E+18
10150	1.24308949995238E+18
10160	1.22984131467846E+18
10170	1.2165700313867E+18
10180	1.20328751586123E+18
10190	1.19000565365281E+18
10200	1.17673628930309E+18
10210	1.16349035035275E+18
10220	1.15027543996176E+18
10230	1.13709828771537E+18
10240	1.12396554223141E+18
10250	1.11088377249892E+18
10260	1.09785946833467E+18
10270	1.08489903988526E+18
10280	1.07200881611849E+18
10290	1.05919504226063E+18
10300	1.04646387614767E+18
10310	1.03382138346721E+18
10320	1.02127353187395E+18
10330	1.00882618396509E+18
10340	9.96485089102553E+17
10350	9.84255874066372E+17
10360	9.72144032517733E+17
10370	9.60154913241198E+17
10380	9.48293707123305E+17
10390	9.36565432809295E+17
10400	9.24974920961581E+17
10410	9.13526797022993E+17
10420	9.02225462365887E+17
10430	8.91075073685617E+17
10440	8.80079520475253E+17
10450	8.69242400399195E+17
10460	8.58566992368858E+17
10470	8.48056227115773E+17
10480	8.37712655059449E+17
10490	8.27538411281522E+17
10500	8.17535177448002E+17
10510	8.07705795171022E+17
10520	7.98058604864151E+17
10530	7.88601766442013E+17
10540	7.79341583386047E+17
10550	7.70282540674185E+17
10560	7.61427360099542E+17
10570	7.52777072460384E+17
10580	7.44331105986232E+17
10590	7.36087390217003E+17
10600	7.28042474366155E+17
10610	7.2019165897367E+17
10620	7.12529139395854E+17
10630	7.05048159397869E+17
10640	6.97741172828197E+17
10650	6.90600011081923E+17
10660	6.8361605382277E+17
10670	6.76780400252921E+17
10680	6.70084038112125E+17
10690	6.6351800756658E+17
10700	6.57073557220939E+17
10710	6.50742289654686E+17
10720	6.44516294141852E+17
10730	6.38388264549922E+17
10740	6.32351600814384E+17
10750	6.2640049283091E+17
10760	6.20529986077239E+17
10770	6.14736028750407E+17
10780	6.09015500662484E+17
10790	6.03366224561582E+17
10800	5.97786960920314E+17
10810	5.92277387549943E+17
10820	5.86838045585034E+17
10830	5.81465375032833E+17
10840	5.76145053606535E+17
10850	5.7086143669801E+17
10860	5.65598993008758E+17
10870	5.6034218989878E+17
10880	5.55075399902466E+17
10890	5.49782823896738E+17
10900	5.44448427469825E+17
10910	5.39055888012273E+17
10920	5.33588550948945E+17
10930	5.28029394367338E+17
10940	5.22361002088381E+17
10950	5.16565545983062E+17
10960	5.10624779069942E+17
10970	5.04520041637113E+17
10980	4.98232283312468E+17
10990	4.91742104644923E+17
11000	4.85029822332778E+17
11010	4.78075562709668E+17
11020	4.70859388427655E+17
11030	4.63361463404498E+17
11040	4.55562260961645E+17
11050	4.47442819598507E+17
11060	4.3898504995246E+17
11070	4.30172095113731E+17
11080	4.20988744544397E+17
11090	4.1142189936144E+17
11100	4.01461083691963E+17
11110	3.91098993251191E+17
11120	3.80332068348263E+17
11130	3.69161074376567E+17
11140	3.57591668751518E+17
11150	3.45634929540073E+17
11160	3.33308532405942E+17
11170	3.20666939587148E+17
11180	3.07810447039026E+17
11190	2.94843452712283E+17
11200	2.8186908470546E+17
11210	2.6898686853619E+17
11220	2.56290567455209E+17
11230	2.43866330600875E+17
11240	2.3179124464373E+17
11250	2.20132341622058E+17
11260	2.08946074426241E+17
11270	1.9827823608942E+17
11280	1.88164272290937E+17
11290	1.78629919257783E+17
11300	1.69692091178945E+17
11310	1.61359941000693E+17
11320	1.53636024203875E+17
11330	1.46517504900007E+17
11340	1.39997355489698E+17
11350	1.34065513691304E+17
11360	1.2870997284726E+17
11370	1.23917792318846E+17
11380	1.19676024097827E+17
11390	1.15972559376755E+17
11400	1.12796904801792E+17
11410	1.10140902675337E+17
11420	1.07999412730761E+17
11430	1.06370975525953E+17
11440	1.0525847922258E+17
11450	1.04669852694592E+17
11460	1.04618808603424E+17
11470	1.05125660208494E+17
11480	1.06218234969886E+17
11490	1.07932905878569E+17
11500	1.10315756933276E+17
11510	1.13423890675145E+17
11520	1.17326306638373E+17
11530	1.22082634540869E+17
11540	1.27732973471305E+17
11550	1.34322662654431E+17
11560	1.41902408965448E+17
11570	1.50525984753246E+17
11580	1.60247330581181E+17
11590	1.71116926355593E+17
11600	1.83177326522331E+17
11610	1.96457821117519E+17
11620	2.10968299118453E+17
11630	2.26692568889095E+17
11640	2.43581643882221E+17
11650	2.61547829993724E+17
11660	2.804608306461E+17
11670	3.00147454806992E+17
11680	3.20396755665571E+17
11690	3.40972365946364E+17
11700	3.61633205104038E+17
11710	3.82162397106958E+17
11720	4.02402056637996E+17
11730	4.22288755677746E+17
11740	4.41881587062085E+17
11750	4.61372894179586E+17
11760	4.81072302258648E+17
11770	5.01358738725475E+17
11780	5.22602658719348E+17
11790	5.45070027940643E+17
11800	5.68827654034519E+17
11810	5.93672945750113E+17
11820	6.19108448707047E+17
11830	6.44373320046948E+17
11840	6.68532530583801E+17
11850	6.90612013394886E+17
11860	7.09755480147361E+17
11870	7.25368501059645E+17
11880	7.37212605334139E+17
11890	7.45422067482854E+17
11900	7.50439137048438E+17
11910	7.52894172177157E+17
11920	7.53467182227891E+17
11930	7.52761092819028E+17
11940	7.51247911462361E+17
11950	7.49261786447385E+17
11960	7.47018783107368E+17
11970	7.44647480263154E+17
11980	7.42218752704763E+17
11990	7.39769003352732E+17
12000	7.37315753026048E+17
12010	7.34866944292216E+17
12020	7.32425980283094E+17
12030	7.29994237479592E+17
12040	7.27572233225036E+17
12050	7.25160136377124E+17
12060	7.22757979557082E+17
12070	7.20365743731867E+17
12080	7.17983390804305E+17
12090	7.15610875852202E+17
12100	7.13248151642261E+17
12110	7.1089517027637E+17
12120	7.08551883788929E+17
12130	7.06218244363334E+17
12140	7.03894204410334E+17
12150	7.01579716596057E+17
12160	6.9927473385151E+17
12170	6.96979209375154E+17
12180	6.94693096632875E+17
12190	6.92416349356919E+17
12200	6.90148921544441E+17
12210	6.87890767455902E+17
12220	6.856418416134E+17
12230	6.83402098798985E+17
12240	6.81171494052981E+17
12250	6.78949982672301E+17
12260	6.7673752020878E+17
12270	6.74534062467516E+17
12280	6.72339565505225E+17
12290	6.70153985628604E+17
12300	6.67977279392706E+17
12310	6.6580940359933E+17
12320	6.63650315295422E+17
12330	6.61499971771484E+17
12340	6.59358330559996E+17
12350	6.57225349433853E+17
12360	6.55100986404811E+17
12370	6.52985199721944E+17
12380	6.50877947870108E+17
12390	6.48779189568428E+17
12400	6.46688883768783E+17
12410	6.44606989654306E+17
12420	6.42533466637902E+17
12430	6.40468274360767E+17
12440	6.38411372690924E+17
12450	6.36362721721762E+17
12460	6.34322281770598E+17
12470	6.32290013377238E+17
12480	6.30265877302553E+17
12490	6.28249834527064E+17
12500	6.26241846249541E+17
12510	6.24241873885604E+17
12520	6.22249879066345E+17
12530	6.20265823636949E+17
12540	6.18289669655332E+17
12550	6.16321379390786E+17
12560	6.14360915322634E+17
12570	6.12408240138897E+17
12580	6.10463316734964E+17
12590	6.0852610821228E+17
12600	6.06596577877038E+17
12610	6.04674689238881E+17
12620	6.02760406009612E+17
12630	6.00853692101918E+17
12640	5.98954511628098E+17
12650	5.97062828898801E+17
12660	5.95178608421776E+17
12670	5.93301814900623E+17
12680	5.91432413233563E+17
12690	5.89570368512205E+17
12700	5.87715646020331E+17
12710	5.8586821123268E+17
12720	5.84028029813741E+17
12730	5.82195067616556E+17
12740	5.80369290681518E+17
12750	5.78550665235178E+17
12760	5.76739157689052E+17
12770	5.74934734638414E+17
12780	5.73137362861088E+17
12790	5.71347009316215E+17
12800	5.69563641142984E+17
12810	5.67787225659317E+17
12820	5.66017730360474E+17
12830	5.64255122917547E+17
12840	5.62499371175782E+17
12850	5.60750443152671E+17
12860	5.59008307035692E+17
12870	5.57272931179572E+17
12880	5.5554428410286E+17
12890	5.53822334483549E+17
12900	5.52107051153367E+17
12910	5.5039840309023E+17
12920	5.4869635940819E+17
12930	5.47000889343944E+17
12940	5.45311962238719E+17
12950	5.43629547513946E+17
12960	5.41953614638649E+17
12970	5.40284133085896E+17
12980	5.38621072274917E+17
12990	5.36964401494579E+17
13000	5.3531408980284E+17
13010	5.33670105895529E+17
13020	5.32032417936289E+17
13030	5.30400993337827E+17
13040	5.28775798482709E+17
13050	5.27156798369815E+17
13060	5.25543956170345E+17
13070	5.23937232674908E+17
13080	5.22336585610926E+17
13090	5.2074196880732E+17
13100	5.19153331181493E+17
13110	5.17570615522091E+17
13120	5.15993757039992E+17
13130	5.14422681659937E+17
13140	5.12857304025962E+17
13150	5.11297525196017E+17
13160	5.09743230004585E+17
13170	5.08194284077311E+17
13180	5.06650530488435E+17
13190	5.05111786060423E+17
13200	5.03577837315541E+17
13210	5.02048436101054E+17
13220	5.00523294923107E+17
13230	4.99002081890358E+17
13240	4.97484414256474E+17
13250	4.95969852623498E+17
13260	4.94457895320287E+17
13270	4.92947972331778E+17
13280	4.91439439221233E+17
13290	4.89931571157057E+17
13300	4.88423557165062E+17
13310	4.86914494737007E+17
13320	4.85403384933782E+17
13330	4.83889128126434E+17
13340	4.82370520519816E+17
13350	4.80846251601811E+17
13360	4.79314902655568E+17
13370	4.77774946462842E+17
13380	4.76224748313485E+17
13390	4.74662568419474E+17
13400	4.73086565811785E+17
13410	4.71494803775484E+17
13420	4.69885256852926E+17
13430	4.6825581941757E+17
13440	4.6660431579238E+17
13450	4.64928511857561E+17
13460	4.6322612806353E+17
13470	4.61494853736887E+17
13480	4.5973236254086E+17
13490	4.57936328927513E+17
13500	4.56104445397865E+17
13510	4.54234440368249E+17
13520	4.523240964273E+17
13530	4.50371268758106E+17
13540	4.48373903494632E+17
13550	4.46330055780375E+17
13560	4.44237907300529E+17
13570	4.42095783066446E+17
13580	4.3990216724259E+17
13590	4.37655717821293E+17
13600	4.35355279968866E+17
13610	4.3299989788762E+17
13620	4.30588825061495E+17
13630	4.2812153277786E+17
13640	4.25597716843897E+17
13650	4.23017302442434E+17
13660	4.20380447098487E+17
13670	4.1768754175365E+17
13680	4.14939209970368E+17
13690	4.12136305311641E+17
13700	4.09279906963415E+17
13710	4.06371313686648E+17
13720	4.03412036203401E+17
13730	4.00403788136301E+17
13740	3.9734850927278E+17
13750	3.94248492326054E+17
13760	3.911062683223E+17
13770	3.87924541700782E+17
13780	3.8470617236106E+17
13790	3.81454156971652E+17
13800	3.7817160975714E+17
13810	3.74861742987572E+17
13820	3.71527847385134E+17
13830	3.68173272651259E+17
13840	3.64801408303279E+17
13850	3.61415664993699E+17
13860	3.58019456467782E+17
13870	3.54616182296696E+17
13880	3.51209211504553E+17
13890	3.4780186718853E+17
13900	3.44397412212279E+17
13910	3.40999036034439E+17
13920	3.37609842716316E+17
13930	3.34232840136073E+17
13940	3.30870930421245E+17
13950	3.27526901597063E+17
13960	3.24203420435197E+17
13970	3.20903026476078E+17
13980	3.17628127187919E+17
13990	3.14380994217056E+17
14000	3.11163760677083E+17
14010	3.07978419418505E+17
14020	3.04826822216199E+17
14030	3.01710679808721E+17
14040	2.98631562721403E+17
14050	2.95590902804054E+17
14060	2.92589995413983E+17
14070	2.89630002175587E+17
14080	2.86711954249175E+17
14090	2.83836756043612E+17
14100	2.81005189309778E+17
14110	2.78217917554743E+17
14120	2.75475490719691E+17
14130	2.72778350068084E+17
14140	2.70126833234103E+17
14150	2.6752117938514E+17
14160	2.6496153445582E+17
14170	2.62447956414797E+17
14180	2.59980420529246E+17
14190	2.57558824595561E+17
14200	2.5518299410829E+17
14210	2.52852687342663E+17
14220	2.50567600329257E+17
14230	2.48327371702381E+17
14240	2.46131587406555E+17
14250	2.43979785248124E+17
14260	2.41871459281481E+17
14270	2.39806064021607E+17
14280	2.3778301847666E+17
14290	2.35801657416315E+17
14300	2.3386109326783E+17
14310	2.31960391025313E+17
14320	2.30098622379027E+17
14330	2.28274867484314E+17
14340	2.26488216514295E+17
14350	2.24737771014329E+17
14360	2.23022645074989E+17
14370	2.21341966339143E+17
14380	2.19694876857582E+17
14390	2.18080533806455E+17
14400	2.16498110078706E+17
14410	2.14946794760549E+17
14420	2.13425793502943E+17
14430	2.11934328796895E+17
14440	2.10471640160288E+17
14450	2.09036984242787E+17
14460	2.07629634854156E+17
14470	2.06248882920056E+17
14480	2.0489403636809E+17
14490	2.03564419945425E+17
14500	2.02259374967858E+17
14510	2.00978258998581E+17
14520	1.9972044545323E+17
14530	1.98485323126061E+17
14540	1.97272295630189E+17
14550	1.96080780743029E+17
14560	1.94910209646047E+17
14570	1.93760026046135E+17
14580	1.92629685164019E+17
14590	1.91518652573461E+17
14600	1.90426402873515E+17
14610	1.8935241817493E+17
14620	1.88296186380987E+17
14630	1.87257199242774E+17
14640	1.862349501692E+17
14650	1.85228931773061E+17
14660	1.84238633136281E+17
14670	1.8326353678017E+17
14680	1.82303115330222E+17
14690	1.81356827869701E+17
14700	1.80424115982033E+17
14710	1.79504399488898E+17
14720	1.78597071898748E+17
14730	1.77701495589338E+17
14740	1.76816996757509E+17
14750	1.75942860179775E+17
14760	1.75078323838096E+17
14770	1.74222573476208E+17
14780	1.7337473716283E+17
14790	1.72533879948648E+17
14800	1.71698998713781E+17
14810	1.70869017311201E+17
14820	1.7004278211886E+17
14830	1.69219058118806E+17
14840	1.68396525624927E+17
14850	1.67573777781909E+17
14860	1.66749318956301E+17
14870	1.65921564135963E+17
14880	1.6508884341933E+17
14890	1.64249489276308E+17
14900	1.63401848796736E+17
14910	1.62544217153021E+17
14920	1.61674848000094E+17
14930	1.60791968885699E+17
14940	1.59893798008703E+17
14950	1.58978562083085E+17
14960	1.58044515026733E+17
14970	1.57089957163246E+17
14980	1.56113254602707E+17
14990	1.55112858454845E+17
15000	1.54087323525374E+17
15010	1.53035326153851E+17
15020	1.5195568086847E+17
15030	1.50847355559267E+17
15040	1.49709484904993E+17
15050	1.4854138182923E+17
15060	1.47342546806482E+17
15070	1.4611267488753E+17
15080	1.44851660363447E+17
15090	1.43559599037906E+17
15100	1.42236788126071E+17
15110	1.40883723844281E+17
15120	1.39501096796624E+17
15130	1.38089785301525E+17
15140	1.36650846832897E+17
15150	1.35185507775821E+17
15160	1.33695151715932E+17
15170	1.32181306494665E+17
15180	1.30645630269484E+17
15190	1.29089896819585E+17
15200	1.27515980333736E+17
15210	1.25925839908573E+17
15220	1.24321503973425E+17
15230	1.22705054842315E+17
15240	1.21078613575825E+17
15250	1.1944432531582E+17
15260	1.17804345235102E+17
15270	1.16160825222636E+17
15280	1.14515901403528E+17
15290	1.12871682571946E+17
15300	1.11230239594977E+17
15310	1.09593595826467E+17
15320	1.07963718552296E+17
15330	1.06342511472561E+17
15340	1.047318082119E+17
15350	1.03133366836684E+17
15360	1.01548865347122E+17
15370	9.99798981033705E+16
15380	9.84279731375085E+16
15390	9.68945102975577E+16
15400	9.53808401655848E+16
15410	9.3888203689112E+16
15420	9.24177524634663E+16
15430	9.09705496021905E+16
15440	8.95475711330953E+16
15450	8.81497078587354E+16
15460	8.67777676220127E+16
15470	8.54324779200632E+16
15480	8.41144888124486E+16
15490	8.28243760728698E+16
15500	8.15626445370684E+16
15510	8.03297316031192E+16
15520	7.91260108439896E+16
15530	7.795159824507E+16
15540	7.68052694681094E+16
15550	7.56852769391776E+16
15560	7.4589888222125E+16
15570	7.35173930332535E+16
15580	7.24661079661336E+16
15590	7.14343805331088E+16
15600	7.04205926293981E+16
15610	6.94231635134691E+16
15620	6.84405523862189E+16
15630	6.74712606413582E+16
15640	6.65138338502324E+16
15650	6.55668635360141E+16
15660	6.4628988784763E+16
15670	6.36988977340808E+16
15680	6.27753289740272E+16
15690	6.18570728894496E+16
15700	6.09429729678723E+16
15710	6.00319270925261E+16
15720	5.91228888358946E+16
15730	5.82148687652693E+16
15740	5.73069357681799E+16
15750	5.63982184021545E+16
15760	5.54879062700351E+16
15770	5.45752514189808E+16
15780	5.36595697583338E+16
15790	5.274024248864E+16
15800	5.18167175313563E+16
15810	5.08885109460711E+16
15820	4.99552083194594E+16
15830	4.9016466107699E+16
15840	4.80720129116581E+16
15850	4.71216506619254E+16
15860	4.61652556886555E+16
15870	4.52027796493192E+16
15880	4.4234250285814E+16
15890	4.3259771981035E+16
15900	4.22795260840193E+16
15910	4.12937709721652E+16
15920	4.0302841818879E+16
15930	3.93071500353586E+16
15940	3.83071823561361E+16
15950	3.73034995395109E+16
15960	3.62967346561722E+16
15970	3.52875909421338E+16
15980	3.42768391956282E+16
15990	3.32653147018327E+16
16000	3.22539136741909E+16
16010	3.12435892066718E+16
16020	3.02353467374544E+16
16030	2.92302390312519E+16
16040	2.82293606946317E+16
16050	2.72338422461818E+16
16060	2.62448437710876E+16
16070	2.52635481974448E+16
16080	2.42911542393088E+16
16090	2.33288690588846E+16
16100	2.23779007072224E+16
16110	2.14394504091084E+16
16120	2.05147047633688E+16
16130	1.9604827934356E+16
16140	1.87109539138111E+16
16150	1.78341789344658E+16
16160	1.697555411755E+16
16170	1.6136078435733E+16
16180	1.53166920709055E+16
16190	1.4518270242609E+16
16200	1.37416175778589E+16
16210	1.29874630866745E+16
16220	1.22564557999367E+16
16230	1.1549165958853E+16
16240	1.08664809934045E+16
16250	1.02097773300065E+16
16260	9.5801536495037E+15
16270	8.9783743843468E+15
16280	8.40489799048958E+15
16290	7.85990645888686E+15
16300	7.34333535681828E+15
16310	6.85490376749217E+15
16320	6.39414358284984E+15
16330	5.96042769483522E+15
16340	5.55299672068608E+15
16350	5.17098398485651E+15
16360	4.81343856144118E+15
16370	4.4793462546256E+15
16380	4.16764845953357E+15
16390	3.87725890132131E+15
16400	3.60707829631879E+15
16410	3.35600701577675E+15
16420	3.12295586088099E+15
16430	2.90685507796096E+15
16440	2.7066617561366E+15
16450	2.52136575700291E+15
16460	2.34999432831326E+15
16470	2.19161555193634E+15
16480	2.04534077149384E+15
16490	1.91032613783771E+15
16500	1.78577340157992E+15
16510	1.67093007184265E+15
16520	1.56508904975555E+15
16530	1.46758783437946E+15
16540	1.37780738801793E+15
16550	1.29517073752225E+15
16560	1.2191413783853E+15
16570	1.14922153927678E+15
16580	1.08495035627617E+15
16590	1.02590199844421E+15
16600	971683779557710
16610	921934284795018
16620	876321535880778
16630	834541213632164
16640	796314952953964
16650	761388722051678
16660	729531294923369
16670	700532823998739
16680	674203518074317
16690	650372429400815
16700	628886352877924
16710	609608839768627
16720	592419328136479
16730	577212392316908
16740	563897114145061
16750	552396579380650
16760	542647503796277
16770	534599994753345
16780	528217455802477
16790	523476643959509
16800	520367891879234
16810	518895510251949
16820	519078389481070
16830	520950824185228
16840	524563589459824
16850	529985304324912
16860	537304125618886
16870	546629825071078
16880	558096313776088
16890	571864692262543
16900	588126921383139
16910	607110230073244
16920	629082401541400
16930	654358110798920
16940	683306525026130
16950	716360425889936
16960	754027171798164
16970	796901890997464
16980	845683386894138
16990	901193349389891
17000	964399605817286
17010	1.03641470623785E+15
17020	1.11842740191772E+15
17030	1.21179216678256E+15
17040	1.31808314155254E+15
17050	1.43912894805617E+15
17060	1.57705328506943E+15
17070	1.73432215402868E+15
17080	1.91379865544789E+15
17090	2.11880638127723E+15
17100	2.35320249438229E+15
17110	2.62146161833899E+15
17120	2.92877163637512E+15
17130	3.28114238551867E+15
17140	3.68552798603858E+15
17150	4.14996310533252E+15
17160	4.68371273593249E+15
17170	5.29743395804491E+15
17180	6.00334651318308E+15
17190	6.81540665317903E+15
17200	7.74947542261039E+15
17210	8.82346801841687E+15
17220	1.00574648608271E+16
17230	1.14737572302485E+16
17240	1.30967905852725E+16
17250	1.49529569980425E+16
17260	1.70701749638092E+16
17270	1.94771813370435E+16
17280	2.22024486838427E+16
17290	2.52726360692694E+16
17300	2.87104888214343E+16
17310	3.25321327458888E+16
17320	3.67437732695203E+16
17330	4.13379245542997E+16
17340	4.62894703640128E+16
17350	5.1552100578934E+16
17360	5.70559557931813E+16
17370	6.27075890509084E+16
17380	6.83935037514123E+16
17390	7.39883749368868E+16
17400	7.93684031800527E+16
17410	8.44289451837883E+16
17420	8.91036990342278E+16
17430	9.33807937253368E+16
17440	9.73101153809877E+16
17450	1.0099725800504E+17
17460	1.04583203405797E+17
17470	1.08214282291973E+17
17480	1.12011438071988E+17
17490	1.16048185864134E+17
17500	1.20342048532469E+17
17510	1.24857587173158E+17
17520	1.29515202280735E+17
17530	1.34200931554183E+17
17540	1.38776287239644E+17
17550	1.43089871698389E+17
17560	1.46992403810943E+17
17570	1.50354823803634E+17
17580	1.53086834440869E+17
17590	1.55151554702302E+17
17600	1.56571612102126E+17
17610	1.57423564037378E+17
17620	1.57820988450216E+17
17630	1.57890763445257E+17
17640	1.57749874146039E+17
17650	1.57489693108674E+17
17660	1.57170983333111E+17
17670	1.56828001185176E+17
17680	1.56476964674447E+17
17690	1.56124238332748E+17
17700	1.557718598098E+17
17710	1.55420350676581E+17
17720	1.55069813866722E+17
17730	1.54720262631043E+17
17740	1.54371695588364E+17
17750	1.54024109584071E+17
17760	1.53677501317242E+17
17770	1.5333186748982E+17
17780	1.52987204816271E+17
17790	1.52643510023964E+17
17800	1.52300779853127E+17
17810	1.51959011056788E+17
17820	1.51618200400721E+17
17830	1.51278344663386E+17
17840	1.50939440635872E+17
17850	1.50601485121842E+17
17860	1.50264474937477E+17
17870	1.49928406911419E+17
17880	1.49593277884713E+17
17890	1.49259084710757E+17
17900	1.48925824255243E+17
17910	1.48593493396101E+17
17920	1.4826208902345E+17
17930	1.47931608039536E+17
17940	1.47602047358686E+17
17950	1.47273403907246E+17
17960	1.46945674623536E+17
17970	1.4661885645779E+17
17980	1.46292946372105E+17
17990	1.4596794134039E+17
18000	1.45643838348313E+17
18010	1.45320634393246E+17
18020	1.44998326484216E+17
18030	1.44676911641855E+17
18040	1.44356386898342E+17
18050	1.44036749297358E+17
18060	1.43717995894035E+17
18070	1.434001237549E+17
18080	1.4308312995783E+17
18090	1.42767011591999E+17
18100	1.4245176575783E+17
18110	1.42137389566944E+17
18120	1.41823880142111E+17
18130	1.415112346172E+17
18140	1.41199450137132E+17
18150	1.4088852385783E+17
18160	1.40578452946169E+17
18170	1.40269234579933E+17
18180	1.39960865947761E+17
18190	1.39653344249103E+17
18200	1.39346666694172E+17
18210	1.39040830503893E+17
18220	1.38735832909864E+17
18230	1.38431671154302E+17
18240	1.38128342489998E+17
18250	1.37825844180273E+17
18260	1.3752417349893E+17
18270	1.37223327730209E+17
18280	1.36923304168741E+17
18290	1.36624100119501E+17
18300	1.36325712897767E+17
18310	1.36028139829071E+17
18320	1.35731378249155E+17
18330	1.35435425503928E+17
18340	1.35140278949421E+17
18350	1.34845935951742E+17
18360	1.34552393887034E+17
18370	1.34259650141429E+17
18380	1.33967702111007E+17
18390	1.3367654720175E+17
18400	1.33386182829502E+17
18410	1.33096606419923E+17
18420	1.32807815408451E+17
18430	1.32519807240253E+17
18440	1.32232579370188E+17
18450	1.31946129262765E+17
18460	1.31660454392099E+17
18470	1.31375552241867E+17
18480	1.31091420305276E+17
18490	1.30808056085009E+17
18500	1.30525457093195E+17
18510	1.30243620851363E+17
18520	1.29962544890401E+17
18530	1.29682226750518E+17
18540	1.29402663981202E+17
18550	1.29123854141182E+17
18560	1.28845794798386E+17
18570	1.28568483529903E+17
18580	1.28291917921941E+17
18590	1.28016095569791E+17
18600	1.27741014077789E+17
18610	1.2746667105927E+17
18620	1.27193064136539E+17
18630	1.26920190940824E+17
18640	1.26648049112245E+17
18650	1.26376636299768E+17
18660	1.26105950161175E+17
18670	1.25835988363021E+17
18680	1.25566748580599E+17
18690	1.25298228497901E+17
18700	1.25030425807582E+17
18710	1.24763338210923E+17
18720	1.24496963417794E+17
18730	1.24231299146615E+17
18740	1.23966343124323E+17
18750	1.23702093086336E+17
18760	1.23438546776512E+17
18770	1.23175701947118E+17
18780	1.22913556358792E+17
18790	1.2265210778051E+17
18800	1.22391353989544E+17
18810	1.22131292771434E+17
18820	1.21871921919951E+17
18830	1.21613239237058E+17
18840	1.2135524253288E+17
18850	1.21097929625669E+17
18860	1.20841298341765E+17
18870	1.20585346515568E+17
18880	1.203300719895E+17
18890	1.20075472613971E+17
18900	1.19821546247346E+17
18910	1.19568290755913E+17
18920	1.19315704013847E+17
18930	1.19063783903179E+17
18940	1.18812528313759E+17
18950	1.18561935143227E+17
18960	1.18312002296981E+17
18970	1.18062727688138E+17
18980	1.17814109237507E+17
18990	1.17566144873557E+17
19000	1.17318832532382E+17
19010	1.17072170157667E+17
19020	1.16826155700663E+17
19030	1.1658078712015E+17
19040	1.16336062382404E+17
19050	1.16091979461173E+17
19060	1.15848536337636E+17
19070	1.15605731000379E+17
19080	1.15363561445361E+17
19090	1.15122025675885E+17
19100	1.14881121702564E+17
19110	1.14640847543294E+17
19120	1.14401201223221E+17
19130	1.14162180774712E+17
19140	1.13923784237325E+17
19150	1.13686009657777E+17
19160	1.13448855089918E+17
19170	1.13212318594696E+17
19180	1.12976398240132E+17
19190	1.1274109210129E+17
19200	1.12506398260244E+17
19210	1.12272314806053E+17
19220	1.12038839834729E+17
19230	1.11805971449211E+17
19240	1.11573707759334E+17
19250	1.113420468818E+17
19260	1.11110986940152E+17
19270	1.10880526064742E+17
19280	1.10650662392708E+17
19290	1.10421394067939E+17
19300	1.10192719241054E+17
19310	1.0996463606937E+17
19320	1.09737142716874E+17
19330	1.09510237354197E+17
19340	1.09283918158587E+17
19350	1.09058183313881E+17
19360	1.08833031010477E+17
19370	1.08608459445307E+17
19380	1.08384466821811E+17
19390	1.08161051349911E+17
19400	1.07938211245981E+17
19410	1.07715944732824E+17
19420	1.07494250039643E+17
19430	1.07273125402016E+17
19440	1.07052569061871E+17
19450	1.06832579267456E+17
19460	1.06613154273316E+17
19470	1.06394292340267E+17
19480	1.06175991735371E+17
19490	1.05958250731907E+17
19500	1.05741067609349E+17
19510	1.05524440653339E+17
19520	1.05308368155662E+17
19530	1.05092848414221E+17
19540	1.04877879733013E+17
19550	1.046634604221E+17
19560	1.04449588797591E+17
19570	1.04236263181611E+17
19580	1.04023481902279E+17
19590	1.03811243293685E+17
19600	1.03599545695862E+17
19610	1.03388387454766E+17
19620	1.03177766922249E+17
19630	1.02967682456035E+17
19640	1.02758132419698E+17
19650	1.02549115182636E+17
19660	1.02340629120049E+17
19670	1.02132672612915E+17
19680	1.01925244047966E+17
19690	1.01718341817665E+17
19700	1.01511964320182E+17
19710	1.01306109959373E+17
19720	1.01100777144755E+17
19730	1.00895964291482E+17
19740	1.00691669820327E+17
19750	1.00487892157652E+17
19760	1.00284629735394E+17
19770	1.00081880991033E+17
19780	9.98796443675784E+16
19790	9.96779183135402E+16
19800	9.94767012829106E+16
19810	9.92759917351399E+16
19820	9.90757881351156E+16
19830	9.88760889531395E+16
19840	9.86768926649068E+16
19850	9.84781977514836E+16
19860	9.82800026992856E+16
19870	9.80823060000566E+16
19880	9.78851061508464E+16
19890	9.768840165399E+16
19900	9.74921910170862E+16
19910	9.72964727529754E+16
19920	9.71012453797194E+16
19930	9.6906507420579E+16
19940	9.67122574039933E+16
19950	9.6518493863558E+16
19960	9.63252153380035E+16
19970	9.61324203711737E+16
19980	9.59401075120033E+16
19990	9.57482753144953E+16
20000	9.55569223376986E+16
